time_step,pos_x,pos_z,eye_pos_valid,eye_pos_x,eye_pos_y
0,-464.550354003906,-1216.64978027344,1,861.311279296875,206.33332824707
0.1103515625,-464.553283691406,-1216.64733886719,1,864.385070800781,-256.231628417969
0.1015625,-464.554260253906,-1216.646484375,1,805.2392578125,338.612487792969
0.10546875,-464.553833007812,-1216.64685058594,1,814.475219726562,562.134582519531
0.1083984375,-464.552917480469,-1216.64770507812,1,851.142517089844,527.143493652344
0.107421875,-464.552673339844,-1216.64770507812,1,1195.38488769531,215.131256103516
0.1083984375,-464.553253173828,-1216.64733886719,1,1260.31176757812,123.122291564941
0.1083984375,-464.553863525391,-1216.64709472656,1,1275.62048339844,120.531211853027
0.1005859375,-464.553924560547,-1216.64709472656,1,1321.99133300781,88.4975204467773
0.10546875,-464.553649902344,-1216.64733886719,1,1321.99133300781,88.4975204467773
0.1083984375,-464.553253173828,-1216.6474609375,1,1335.78820800781,175.781143188477
0.107421875,-464.552978515625,-1216.6474609375,1,1299.78454589844,89.9260787963867
0.1005859375,-464.553039550781,-1216.64733886719,1,1347.89172363281,293.127410888672
0.107421875,-464.553375244141,-1216.64733886719,1,1310.64477539062,275.570526123047
0.1083984375,-464.553680419922,-1216.64733886719,1,1172.37463378906,561.539428710938
0.107421875,-464.5537109375,-1216.64733886719,1,1157.36315917969,407.219085693359
0.1044921875,-464.553497314453,-1216.64733886719,1,1157.36315917969,407.219085693359
0.1005859375,-464.553344726562,-1216.64733886719,1,1218.69128417969,645.634704589844
0.1044921875,-464.553253173828,-1216.64733886719,1,1428.33605957031,604.546813964844
0.1064453125,-464.553344726562,-1216.64733886719,1,1545.23681640625,594.620910644531
0.1015625,-464.553497314453,-1216.64733886719,1,1520.70971679688,583.904541015625
0.1015625,-464.553588867188,-1216.64733886719,1,1510.4658203125,559.222351074219
0.1005859375,-464.553588867188,-1216.64733886719,1,1534.95556640625,336.305267333984
0.107421875,-464.553619384766,-1216.64733886719,1,1516.76794433594,327.292510986328
0.1015625,-464.553527832031,-1216.64733886719,1,1523.12145996094,323.254577636719
0.1083984375,-464.553558349609,-1216.64733886719,1,1529.12976074219,317.874542236328
0.107421875,-464.553527832031,-1216.64733886719,1,1526.23681640625,323.115325927734
0.103515625,-464.553588867188,-1216.64733886719,1,1530.12817382812,324.038391113281
0.1083984375,-464.553619384766,-1216.64733886719,1,1523.08715820312,267.32421875
0.1005859375,-464.553588867188,-1216.64733886719,1,1544.67272949219,259.262664794922
0.1064453125,-464.553771972656,-1216.64733886719,1,1560.89428710938,270.314605712891
0.107421875,-464.554351806641,-1216.64697265625,1,1552.81201171875,282.114593505859
0.1025390625,-464.555725097656,-1216.64562988281,1,843.533996582031,388.238159179688
0.1044921875,-464.558624267578,-1216.64331054688,1,853.138122558594,358.434234619141
0.1015625,-464.563201904297,-1216.63952636719,1,854.30517578125,353.207885742188
0.1083984375,-464.571533203125,-1216.63269042969,1,854.30517578125,353.207885742188
0.1015625,-464.587554931641,-1216.61962890625,1,854.30517578125,353.207885742188
0.1005859375,-464.619323730469,-1216.59399414062,1,854.30517578125,353.207885742188
0.107421875,-464.682006835938,-1216.54333496094,1,1036.40661621094,404.421295166016
0.1064453125,-464.779479980469,-1216.46459960938,1,1035.69494628906,327.708618164062
0.1015625,-464.9052734375,-1216.36267089844,1,1034.46850585938,331.463592529297
0.1015625,-465.062896728516,-1216.23376464844,1,1036.31286621094,322.458435058594
0.1015625,-465.252868652344,-1216.07739257812,1,1053.02465820312,326.569702148438
0.1015625,-465.473663330078,-1215.89453125,1,1057.65173339844,357.393371582031
0.1044921875,-465.735229492188,-1215.67687988281,1,1071.01159667969,364.584869384766
0.111328125,-466.049865722656,-1215.41345214844,1,1062.35095214844,390.839172363281
0.1025390625,-466.373260498047,-1215.14135742188,1,1087.17517089844,501.597076416016
0.103515625,-466.727783203125,-1214.84045410156,1,1067.27917480469,510.580505371094
0.1025390625,-467.088775634766,-1214.53088378906,1,1067.27917480469,510.580505371094
0.103515625,-467.450164794922,-1214.216796875,1,1067.27917480469,510.580505371094
0.1064453125,-467.813049316406,-1213.89538574219,1,1067.27917480469,510.580505371094
0.10546875,-468.162811279297,-1213.580078125,1,1067.27917480469,510.580505371094
0.10546875,-468.503143310547,-1213.26721191406,0,0,0
0.1044921875,-468.831695556641,-1212.95812988281,0,0,0
0.1044921875,-469.152008056641,-1212.64953613281,0,0,0
0.10546875,-469.465789794922,-1212.33959960938,0,0,0
0.1044921875,-469.771606445312,-1212.02917480469,0,0,0
0.107421875,-470.073394775391,-1211.71447753906,0,0,0
0.1064453125,-470.363677978516,-1211.40502929688,0,0,0
0.1044921875,-470.644561767578,-1211.09936523438,0,0,0
0.1044921875,-470.919921875,-1210.79516601562,0,0,0
0.1064453125,-471.193176269531,-1210.49011230469,0,0,0
0.1044921875,-471.459594726562,-1210.18908691406,0,0,0
0.1064453125,-471.726043701172,-1209.88269042969,0,0,0
0.1083984375,-471.991821289062,-1209.57019042969,0,0,0
0.107421875,-472.249694824219,-1209.25915527344,0,0,0
0.1103515625,-472.508758544922,-1208.93872070312,0,0,0
0.1083984375,-472.758270263672,-1208.62255859375,0,0,0
0.1083984375,-473.002624511719,-1208.30700683594,0,0,0
0.1044921875,-473.237976074219,-1207.99877929688,0,0,0
0.1064453125,-473.475311279297,-1207.68408203125,0,0,0
0.10546875,-473.71435546875,-1207.36218261719,0,0,0
0.1044921875,-473.953643798828,-1207.03308105469,0,0,0
0.1044921875,-474.195434570312,-1206.69128417969,0,0,0
0.1044921875,-474.443817138672,-1206.33044433594,0,0,0
0.10546875,-474.699035644531,-1205.95104980469,0,0,0
0.1083984375,-474.964508056641,-1205.54577636719,0,0,0
0.103515625,-475.221160888672,-1205.1416015625,0,0,0
0.103515625,-475.477294921875,-1204.72473144531,1,1085.15270996094,497.851379394531
0.1015625,-475.731140136719,-1204.29614257812,1,1116.57763671875,519.292785644531
0.1015625,-475.986938476562,-1203.84643554688,1,1127.59741210938,516.265625
0.1015625,-476.239807128906,-1203.38244628906,1,1082.24499511719,495.159912109375
0.1025390625,-476.494384765625,-1202.89392089844,1,1082.24499511719,495.159912109375
0.1015625,-476.745239257812,-1202.39404296875,1,1082.24499511719,495.159912109375
0.1015625,-476.994354248047,-1201.88256835938,1,1082.24499511719,495.159912109375
0.1025390625,-477.24560546875,-1201.35046386719,1,1082.24499511719,495.159912109375
0.1044921875,-477.498138427734,-1200.79541015625,0,0,0
0.1044921875,-477.745666503906,-1200.2265625,0,0,0
0.103515625,-477.985656738281,-1199.64611816406,0,0,0
0.1044921875,-478.221221923828,-1199.04797363281,0,0,0
0.1025390625,-478.450775146484,-1198.44177246094,0,0,0
0.1015625,-478.674194335938,-1197.83349609375,1,913.991271972656,353.369232177734
0.1015625,-478.897003173828,-1197.21533203125,1,913.505310058594,350.136779785156
0.1005859375,-479.120513916016,-1196.58959960938,1,924.724487304688,345.19921875
0.103515625,-479.351409912109,-1195.93835449219,1,985.525390625,587.803039550781
0.1025390625,-479.582611083984,-1195.28100585938,1,1002.79266357422,580.994323730469
0.1015625,-479.810363769531,-1194.62512207031,1,948.335510253906,480.061492919922
0.1025390625,-480.040161132812,-1193.95080566406,1,882.971801757812,381.360748291016
0.1015625,-480.264434814453,-1193.27294921875,1,874.939575195312,394.219512939453
0.1015625,-480.482116699219,-1192.57922363281,1,874.939575195312,394.219512939453
0.1025390625,-480.686920166016,-1191.87329101562,1,874.939575195312,394.219512939453
0.1044921875,-480.880615234375,-1191.14306640625,1,874.939575195312,394.219512939453
0.103515625,-481.062347412109,-1190.40222167969,1,874.939575195312,394.219512939453
0.1044921875,-481.239593505859,-1189.64245605469,1,818.156799316406,339.846069335938
0.1044921875,-481.413299560547,-1188.8818359375,1,827.977905273438,454.423522949219
0.1064453125,-481.592834472656,-1188.09228515625,1,812.306701660156,457.884979248047
0.1064453125,-481.773864746094,-1187.30212402344,1,818.408325195312,463.903137207031
0.1044921875,-481.954956054688,-1186.51696777344,1,818.003601074219,457.015045166016
0.103515625,-482.133728027344,-1185.72814941406,1,769.74365234375,414.692657470703
0.10546875,-482.310089111328,-1184.92102050781,1,764.494018554688,461.066162109375
0.1044921875,-482.47900390625,-1184.11059570312,1,778.238464355469,392.104766845703
0.1064453125,-482.643859863281,-1183.28234863281,1,742.26123046875,315.554565429688
0.1083984375,-482.807739257812,-1182.42663574219,1,750.015380859375,452.987915039062
0.107421875,-482.968200683594,-1181.56762695312,1,740.341674804688,450.328033447266
0.107421875,-483.127777099609,-1180.7109375,1,262.592102050781,317.576324462891
0.1044921875,-483.285369873047,-1179.869140625,1,257.308410644531,321.586181640625
0.10546875,-483.445770263672,-1179.01879882812,1,516.242248535156,-98.5387649536133
0.1064453125,-483.610229492188,-1178.15490722656,1,516.242248535156,-98.5387649536133
0.1064453125,-483.778839111328,-1177.28649902344,1,516.242248535156,-98.5387649536133
0.10546875,-483.950622558594,-1176.42749023438,1,516.242248535156,-98.5387649536133
0.10546875,-484.125396728516,-1175.57946777344,1,516.242248535156,-98.5387649536133
0.10546875,-484.304382324219,-1174.7431640625,1,880.028259277344,332.144958496094
0.1044921875,-484.486785888672,-1173.92407226562,1,830.08984375,445.796508789062
0.1064453125,-484.675384521484,-1173.10913085938,1,848.337524414062,449.346343994141
0.103515625,-484.86279296875,-1172.32482910156,1,876.233520507812,456.7197265625
0.1044921875,-485.049957275391,-1171.55102539062,1,785.994934082031,477.631011962891
0.1015625,-485.228057861328,-1170.80554199219,1,714.952514648438,484.128448486328
0.1025390625,-485.400268554688,-1170.06396484375,1,725.73876953125,480.248260498047
0.1064453125,-485.570007324219,-1169.30603027344,1,737.10986328125,484.644470214844
0.1083984375,-485.734649658203,-1168.54052734375,1,736.077514648438,200.926239013672
0.10546875,-485.886871337891,-1167.80847167969,1,690.328186035156,-64.3935775756836
0.1083984375,-486.038238525391,-1167.07116699219,1,776.805603027344,477.725524902344
0.1044921875,-486.184051513672,-1166.36303710938,1,764.429382324219,463.799438476562
0.107421875,-486.332336425781,-1165.6552734375,1,768.61572265625,480.703063964844
0.109375,-486.484924316406,-1164.94445800781,1,716.582580566406,447.223907470703
0.107421875,-486.635498046875,-1164.25805664062,1,732.969299316406,442.442291259766
0.1044921875,-486.782012939453,-1163.60046386719,1,733.842651367188,448.160034179688
0.1044921875,-486.927917480469,-1162.95239257812,1,729.692993164062,445.849914550781
0.1044921875,-487.072875976562,-1162.31335449219,1,756.227661132812,459.969055175781
0.103515625,-487.214508056641,-1161.69006347656,1,744.663391113281,445.618225097656
0.103515625,-487.354797363281,-1161.06982421875,1,759.773742675781,451.581817626953
0.10546875,-487.495483398438,-1160.44506835938,1,769.57666015625,457.433441162109
0.1044921875,-487.634582519531,-1159.82983398438,1,768.324523925781,442.524017333984
0.103515625,-487.772216796875,-1159.23181152344,1,642.255249023438,-236.494979858398
0.103515625,-487.912231445312,-1158.63671875,1,642.255249023438,-236.494979858398
0.1044921875,-488.056304931641,-1158.04016113281,1,642.255249023438,-236.494979858398
0.103515625,-488.200073242188,-1157.46252441406,1,689.387634277344,70.584602355957
0.103515625,-488.347442626953,-1156.88757324219,1,650.601013183594,372.582366943359
0.1015625,-488.494110107422,-1156.32971191406,1,684.450439453125,429.116271972656
0.1025390625,-488.642944335938,-1155.77624511719,1,692.151916503906,437.451019287109
0.103515625,-488.79345703125,-1155.22802734375,1,690.781982421875,423.813446044922
0.103515625,-488.946014404297,-1154.68310546875,1,693.433898925781,433.320861816406
0.1025390625,-489.098083496094,-1154.15063476562,1,395.984039306641,414.579376220703
0.10546875,-489.255981445312,-1153.60974121094,1,187.856719970703,395.249725341797
0.103515625,-489.412139892578,-1153.08654785156,1,218.821441650391,287.028137207031
0.103515625,-489.568603515625,-1152.57373046875,1,187.493453979492,336.700439453125
0.1015625,-489.724487304688,-1152.072265625,1,168.808822631836,326.114196777344
0.1025390625,-489.881896972656,-1151.57385253906,1,711.97509765625,511.91650390625
0.1025390625,-490.03759765625,-1151.0869140625,1,730.766235351562,509.577392578125
0.1025390625,-490.195220947266,-1150.59899902344,1,788.070922851562,503.879302978516
0.1064453125,-490.357360839844,-1150.10180664062,1,819.928466796875,458.592803955078
0.103515625,-490.515228271484,-1149.62292480469,1,814.474792480469,475.11572265625
0.1015625,-490.669738769531,-1149.15930175781,1,812.931518554688,467.196472167969
0.1083984375,-490.835205078125,-1148.6689453125,1,812.016235351562,478.731750488281
0.1083984375,-491.000274658203,-1148.18579101562,1,422.015533447266,429.889770507812
0.109375,-491.167755126953,-1147.70227050781,1,301.272399902344,395.023986816406
0.111328125,-491.336853027344,-1147.21960449219,1,305.335113525391,408.829833984375
0.111328125,-491.506225585938,-1146.74206542969,1,305.447021484375,409.473876953125
0.1123046875,-491.678131103516,-1146.2646484375,1,290.41748046875,391.415588378906
0.111328125,-491.848846435547,-1145.79748535156,1,289.411773681641,398.833831787109
0.111328125,-492.020690917969,-1145.33520507812,1,290.126800537109,404.965576171875
0.1123046875,-492.194244384766,-1144.87719726562,1,406.067840576172,397.403198242188
0.11328125,-492.369384765625,-1144.42321777344,1,395.196472167969,410.503967285156
0.1123046875,-492.544769287109,-1143.97717285156,1,417.403137207031,410.976623535156
0.111328125,-492.72021484375,-1143.54052734375,1,689.650817871094,435.542053222656
0.111328125,-492.897186279297,-1143.11022949219,1,672.6083984375,453.459350585938
0.1103515625,-493.07421875,-1142.68933105469,1,465.876770019531,429.114196777344
0.107421875,-493.248962402344,-1142.28308105469,1,484.580535888672,445.657196044922
0.103515625,-493.415863037109,-1141.90246582031,1,457.987854003906,437.779602050781
0.1025390625,-493.582885742188,-1141.52709960938,1,434.38720703125,423.037963867188
0.103515625,-493.751739501953,-1141.15185546875,1,244.478927612305,350.608428955078
0.10546875,-493.92236328125,-1140.77648925781,1,238.289016723633,357.290618896484
0.103515625,-494.090728759766,-1140.41003417969,1,249.037261962891,355.718292236328
0.1083984375,-494.264770507812,-1140.03515625,1,249.377182006836,353.742797851562
0.111328125,-494.445465087891,-1139.65124511719,1,248.391235351562,365.474975585938
0.111328125,-494.624298095703,-1139.27648925781,1,744.357360839844,482.937591552734
0.109375,-494.802185058594,-1138.90881347656,1,233.047027587891,372.986389160156
0.1103515625,-494.980438232422,-1138.54516601562,1,278.5166015625,376.340454101562
0.111328125,-495.15966796875,-1138.1826171875,1,372.870513916016,411.542877197266
0.10546875,-495.326904296875,-1137.84643554688,1,380.338623046875,400.596527099609
0.103515625,-495.492156982422,-1137.51770019531,1,567.225402832031,413.534881591797
0.1025390625,-495.655975341797,-1137.19665527344,1,987.2314453125,415.010772705078
0.1064453125,-495.826782226562,-1136.86694335938,1,998.029235839844,426.346771240234
0.103515625,-495.99267578125,-1136.55285644531,1,979.359802246094,429.264739990234
0.103515625,-496.161315917969,-1136.24328613281,1,997.337280273438,435.824615478516
0.1044921875,-496.332244873047,-1135.93603515625,1,1016.07788085938,440.220336914062
0.111328125,-496.514617919922,-1135.61071777344,1,993.388793945312,424.887237548828
0.1015625,-496.677185058594,-1135.3203125,1,1001.71643066406,438.233947753906
0.109375,-496.851104736328,-1135.0068359375,1,1056.50537109375,433.31884765625
0.107421875,-497.019866943359,-1134.69812011719,1,1034.98120117188,422.848388671875
0.1083984375,-497.194885253906,-1134.37341308594,1,1051.55639648438,428.317993164062
0.10546875,-497.382019042969,-1134.02783203125,1,1060.22790527344,415.801086425781
0.1044921875,-497.592041015625,-1133.64794921875,1,1078.1728515625,428.436798095703
0.1064453125,-497.832092285156,-1133.22204589844,1,1079.64074707031,421.227386474609
0.1044921875,-498.091827392578,-1132.76672363281,1,302.379821777344,338.492309570312
0.1025390625,-498.368011474609,-1132.2822265625,1,316.250732421875,343.140502929688
0.10546875,-498.671142578125,-1131.74267578125,1,217.333541870117,326.408111572266
0.10546875,-498.994079589844,-1131.16162109375,1,214.903594970703,334.004730224609
0.103515625,-499.332641601562,-1130.54956054688,1,210.699951171875,332.989837646484
0.10546875,-499.698150634766,-1129.88635253906,1,957.774108886719,525.968933105469
0.103515625,-500.075103759766,-1129.1982421875,1,939.580139160156,421.653656005859
0.1044921875,-500.474670410156,-1128.46020507812,1,1140.81665039062,518.335388183594
0.10546875,-500.891540527344,-1127.67395019531,1,1157.25793457031,342.072540283203
0.1044921875,-501.315979003906,-1126.84509277344,1,1141.771484375,342.909912109375
0.1083984375,-501.755676269531,-1125.94482421875,1,1179.78076171875,312.415771484375
0.1103515625,-502.203033447266,-1124.97680664062,1,1191.91577148438,307.90283203125
0.1103515625,-502.647827148438,-1123.95275878906,1,1191.91577148438,307.90283203125
0.107421875,-503.073577880859,-1122.90490722656,1,1191.91577148438,307.90283203125
0.10546875,-503.484954833984,-1121.81030273438,1,1191.91577148438,307.90283203125
0.1103515625,-503.889312744141,-1120.62780761719,0,0,0
0.1064453125,-504.25390625,-1119.42150878906,0,0,0
0.107421875,-504.580596923828,-1118.16320800781,0,0,0
0.107421875,-504.860931396484,-1116.86328125,0,0,0
0.1015625,-505.081451416016,-1115.59399414062,0,0,0
0.1005859375,-505.261169433594,-1114.32006835938,1,1239.18798828125,397.638580322266
0.1123046875,-505.438293457031,-1112.86315917969,1,1219.02380371094,255.77262878418
0.1005859375,-505.59130859375,-1111.56408691406,1,1233.49450683594,223.309417724609
0.1005859375,-505.753723144531,-1110.25024414062,1,1251.2822265625,259.900848388672
0.111328125,-505.946960449219,-1108.79870605469,1,1263.51477050781,396.944580078125
0.111328125,-506.150054931641,-1107.33764648438,1,1326.26550292969,408.11474609375
0.1064453125,-506.340911865234,-1105.91833496094,1,1191.24060058594,460.487121582031
0.10546875,-506.509765625,-1104.51989746094,1,1209.41491699219,462.136383056641
0.1025390625,-506.650390625,-1103.13012695312,1,1219.50341796875,443.665130615234
0.1044921875,-506.760101318359,-1101.72216796875,1,2033.73876953125,65.7616882324219
0.103515625,-506.835021972656,-1100.302734375,1,2033.73876953125,65.7616882324219
0.1044921875,-506.876556396484,-1098.86157226562,1,1212.65600585938,333.567565917969
0.103515625,-506.8935546875,-1097.43029785156,1,1201.49841308594,371.651641845703
0.1064453125,-506.899566650391,-1095.95788574219,1,1166.04382324219,413.455902099609
0.10546875,-506.907501220703,-1094.47436523438,1,1173.77783203125,418.173553466797
0.1044921875,-506.927001953125,-1093.00500488281,1,1164.44665527344,423.579650878906
0.1044921875,-506.959777832031,-1091.52917480469,1,1199.267578125,416.733245849609
0.10546875,-507.001281738281,-1090.03002929688,1,1240.80480957031,424.280853271484
0.1064453125,-507.045166015625,-1088.49768066406,1,881.109069824219,457.74365234375
0.107421875,-507.086364746094,-1086.91662597656,1,858.313842773438,457.425720214844
0.111328125,-507.121948242188,-1085.2607421875,1,873.982604980469,425.962951660156
0.1083984375,-507.150482177734,-1083.61071777344,1,881.567749023438,430.483306884766
0.109375,-507.176086425781,-1081.94140625,1,864.26953125,419.749816894531
0.11328125,-507.205657958984,-1080.16564941406,1,838.242492675781,415.748840332031
0.11328125,-507.247528076172,-1078.37145996094,1,842.268493652344,396.161071777344
0.109375,-507.306488037109,-1076.57836914062,1,840.333068847656,408.763671875
0.1083984375,-507.38427734375,-1074.77453613281,1,877.960571289062,406.598419189453
0.10546875,-507.477844238281,-1072.96484375,1,810.379028320312,290.21044921875
0.10546875,-507.579498291016,-1071.12158203125,1,800.6533203125,298.573608398438
0.1103515625,-507.678436279297,-1069.18322753906,1,767.991394042969,263.735412597656
0.109375,-507.75927734375,-1067.24536132812,1,763.106506347656,265.503631591797
0.1083984375,-507.820098876953,-1065.3203125,1,761.029479980469,279.560760498047
0.10546875,-507.863708496094,-1063.4453125,1,767.788146972656,271.348327636719
0.107421875,-507.898101806641,-1061.54528808594,1,777.325927734375,273.219421386719
0.10546875,-507.930297851562,-1059.65441894531,1,977.058959960938,428.3447265625
0.10546875,-507.966278076172,-1057.79858398438,1,925.744201660156,284.522918701172
0.10546875,-508.010284423828,-1055.92932128906,1,929.469665527344,450.53076171875
0.10546875,-508.062377929688,-1054.05725097656,1,970.913818359375,466.487030029297
0.1044921875,-508.118225097656,-1052.205078125,1,956.226440429688,454.895874023438
0.10546875,-508.172882080078,-1050.33581542969,1,972.774353027344,449.040802001953
0.1044921875,-508.218719482422,-1048.5,1,998.032409667969,430.892303466797
0.10546875,-508.25341796875,-1046.64038085938,1,960.898132324219,446.149932861328
0.107421875,-508.274719238281,-1044.73815917969,1,971.428344726562,462.427398681641
0.1044921875,-508.28173828125,-1042.89050292969,1,958.665222167969,455.828704833984
0.10546875,-508.276123046875,-1041.04260253906,1,869.395874023438,373.639801025391
0.10546875,-508.258148193359,-1039.18200683594,1,789.743896484375,294.224273681641
0.1064453125,-508.227325439453,-1037.29895019531,1,778.128967285156,289.385009765625
0.107421875,-508.182739257812,-1035.4150390625,1,1047.02453613281,394.750030517578
0.1064453125,-508.121795654297,-1033.53771972656,1,1165.18115234375,427.274200439453
0.1064453125,-508.041320800781,-1031.67578125,1,1119.86730957031,460.833923339844
0.109375,-507.934234619141,-1029.74975585938,1,1144.0322265625,471.63720703125
0.1142578125,-507.795501708984,-1027.74548339844,1,1154.81909179688,450.594848632812
0.1142578125,-507.631103515625,-1025.7666015625,1,1103.85681152344,458.464904785156
0.11328125,-507.442840576172,-1023.79913330078,1,1104.21325683594,455.888580322266
0.11328125,-507.240447998047,-1021.85284423828,1,1091.57299804688,439.285308837891
0.1103515625,-507.038787841797,-1019.96032714844,1,1136.08703613281,470.070831298828
0.109375,-506.839202880859,-1018.07403564453,1,1142.54479980469,471.532745361328
0.111328125,-506.636505126953,-1016.17523193359,1,1170.81530761719,468.792022705078
0.1123046875,-506.416931152344,-1014.25567626953,1,1082.24487304688,442.272918701172
0.109375,-506.175506591797,-1012.39813232422,1,1085.376953125,445.358367919922
0.109375,-505.895904541016,-1010.55059814453,1,1081.49877929688,462.660278320312
0.1103515625,-505.572021484375,-1008.69738769531,1,1079.81066894531,452.431457519531
0.111328125,-505.205963134766,-1006.84997558594,1,1102.89440917969,425.318695068359
0.111328125,-504.799194335938,-1005.00994873047,1,1076.85021972656,246.716094970703
0.111328125,-504.346405029297,-1003.18731689453,1,1023.30828857422,329.294830322266
0.111328125,-503.83349609375,-1001.37707519531,1,1017.39239501953,326.655242919922
0.1142578125,-503.243896484375,-999.556396484375,1,1065.552734375,304.118438720703
0.1005859375,-502.664886474609,-997.971008300781,1,1005.24481201172,438.674377441406
0.11328125,-501.951385498047,-996.204772949219,1,1010.29815673828,442.366241455078
0.1005859375,-501.287231445312,-994.657897949219,1,1055.09155273438,579.556213378906
0.1025390625,-500.599609375,-993.096252441406,1,979.192687988281,432.80810546875
0.1015625,-499.917999267578,-991.55712890625,1,1035.77893066406,414.390869140625
0.1142578125,-499.144561767578,-989.824584960938,1,1046.19873046875,440.875396728516
0.1025390625,-498.444702148438,-988.289733886719,1,1010.55401611328,421.612426757812
0.1015625,-497.727935791016,-986.777465820312,1,1032.37719726562,437.874664306641
0.10546875,-496.950347900391,-985.225646972656,1,1019.89807128906,434.552398681641
0.1083984375,-496.107574462891,-983.650268554688,1,1014.45239257812,448.519958496094
0.10546875,-495.252807617188,-982.146606445312,1,1002.49468994141,433.087799072266
0.1171875,-494.273010253906,-980.499572753906,1,1019.08148193359,616.140991210938
0.1142578125,-493.306549072266,-978.921325683594,1,1169.68188476562,439.384399414062
0.1015625,-492.42626953125,-977.512145996094,1,1181.29150390625,434.497833251953
0.1005859375,-491.547210693359,-976.132873535156,1,1173.6875,430.748992919922
0.1025390625,-490.645355224609,-974.75146484375,1,1230.05554199219,531.006530761719
0.1005859375,-489.734893798828,-973.395080566406,1,1160.33825683594,417.795867919922
0.1025390625,-488.794891357422,-972.033813476562,1,1104.75341796875,435.052703857422
0.1005859375,-487.853485107422,-970.706726074219,1,1088.25024414062,448.988586425781
0.1005859375,-486.895416259766,-969.388916015625,1,1070.87915039062,446.251251220703
0.103515625,-485.90625,-968.059875488281,1,1077.51379394531,431.240142822266
0.1015625,-484.913818359375,-966.757629394531,1,1091.84118652344,421.567779541016
0.10546875,-483.872406005859,-965.424743652344,1,1020.49908447266,416.194641113281
0.107421875,-482.795684814453,-964.083984375,1,997.557678222656,418.970642089844
0.107421875,-481.701263427734,-962.761596679688,1,1017.72613525391,418.976013183594
0.1064453125,-480.599853515625,-961.476379394531,1,998.301086425781,424.245239257812
0.11328125,-479.399475097656,-960.1318359375,1,1017.5576171875,430.842102050781
0.109375,-478.207641601562,-958.85498046875,1,1050.77185058594,427.039398193359
0.1123046875,-476.967193603516,-957.583068847656,1,1097.49487304688,411.388122558594
0.11328125,-475.679138183594,-956.318603515625,1,1129.75415039062,446.331756591797
0.1025390625,-474.502258300781,-955.209167480469,1,1276.11669921875,477.89404296875
0.10546875,-473.266082763672,-954.090087890625,1,1289.26794433594,453.15869140625
0.1015625,-472.050506591797,-953.034606933594,1,1473.80480957031,446.156890869141
0.1171875,-470.629455566406,-951.851989746094,1,1476.88806152344,413.503051757812
0.115234375,-469.183929443359,-950.698120117188,1,1502.90417480469,452.966735839844
0.1123046875,-467.731353759766,-949.581787109375,1,1415.376953125,460.424102783203
0.11328125,-466.219360351562,-948.458679199219,1,1347.60266113281,453.235290527344
0.115234375,-464.619323730469,-947.308898925781,1,1332.16857910156,457.276580810547
0.1171875,-462.931793212891,-946.138793945312,1,1199.70886230469,443.814849853516
0.115234375,-461.216064453125,-944.99658203125,1,1053.51623535156,401.882659912109
0.115234375,-459.441101074219,-943.867065429688,1,1068.80334472656,447.516174316406
0.115234375,-457.611480712891,-942.754760742188,1,1060.65393066406,436.479400634766
0.1142578125,-455.722991943359,-941.658752441406,1,1085.46960449219,428.699096679688
0.1025390625,-453.998291015625,-940.706298828125,1,1101.02563476562,410.671508789062
0.1005859375,-452.244598388672,-939.792846679688,1,874.941589355469,296.428192138672
0.1015625,-450.418701171875,-938.903564453125,1,768.89208984375,261.658660888672
0.1162109375,-448.282318115234,-937.940551757812,1,780.091613769531,256.8896484375
0.115234375,-446.106414794922,-937.040832519531,1,925.034118652344,360.225860595703
0.1171875,-443.859313964844,-936.189758300781,1,1041.40270996094,473.492218017578
0.10546875,-441.789276123047,-935.467590332031,1,1010.95166015625,452.924133300781
0.107421875,-439.682708740234,-934.784851074219,1,1078.97497558594,458.590759277344
0.1044921875,-437.617126464844,-934.161437988281,1,1078.78247070312,446.364044189453
0.1162109375,-435.296569824219,-933.512512207031,1,1047.4228515625,450.963226318359
0.1162109375,-432.96923828125,-932.915954589844,1,1054.78088378906,461.895904541016
0.103515625,-430.893463134766,-932.4306640625,1,1036.96630859375,474.751861572266
0.1044921875,-428.778076171875,-931.982055664062,1,1060.89831542969,473.571014404297
0.1044921875,-426.652893066406,-931.578002929688,1,998.570434570312,457.370391845703
0.1064453125,-424.507904052734,-931.215515136719,1,972.653198242188,470.058227539062
0.1025390625,-422.428802490234,-930.902099609375,1,973.180541992188,468.58349609375
0.1025390625,-420.339538574219,-930.61865234375,1,971.924987792969,477.092346191406
0.1015625,-418.291717529297,-930.367248535156,1,963.161926269531,475.13330078125
0.1025390625,-416.223266601562,-930.136962890625,1,942.421081542969,482.036987304688
0.1044921875,-414.133819580078,-929.926574707031,1,940.556579589844,251.402450561523
0.1044921875,-412.049652099609,-929.736389160156,1,940.556579589844,251.402450561523
0.1015625,-410.022491455078,-929.56884765625,1,824.023559570312,221.108184814453
0.1064453125,-407.9345703125,-929.413146972656,1,806.580749511719,238.127822875977
0.1044921875,-405.904327392578,-929.277587890625,1,777.6015625,246.434844970703
0.103515625,-403.924926757812,-929.160278320312,1,784.958984375,256.212341308594
0.1083984375,-401.937530517578,-929.055908203125,1,772.636779785156,259.273010253906
0.109375,-399.967834472656,-928.960815429688,1,771.974304199219,240.676025390625
0.107421875,-398.114837646484,-928.874084472656,1,779.020629882812,263.7451171875
0.1044921875,-396.356231689453,-928.787963867188,1,785.192687988281,242.610397338867
0.103515625,-394.668670654297,-928.697814941406,1,788.909973144531,270.356414794922
0.1015625,-393.034271240234,-928.602172851562,1,857.318908691406,416.208587646484
0.10546875,-391.369049072266,-928.498901367188,1,942.251892089844,411.954437255859
0.1015625,-389.785003662109,-928.40087890625,1,955.214172363281,456.586578369141
0.1083984375,-388.134399414062,-928.307495117188,1,984.071594238281,440.321655273438
0.109375,-386.494445800781,-928.22900390625,1,946.813354492188,490.043395996094
0.107421875,-384.924102783203,-928.166748046875,1,932.949645996094,501.140716552734
0.103515625,-383.421264648438,-928.114013671875,1,1338.64855957031,157.85383605957
0.1064453125,-381.917388916016,-928.059204101562,1,1327.86376953125,163.017837524414
0.103515625,-380.470123291016,-927.998596191406,1,922.990478515625,411.912384033203
0.1025390625,-379.031005859375,-927.927917480469,1,939.039306640625,393.021392822266
0.103515625,-377.600830078125,-927.84765625,1,907.741088867188,515.98193359375
0.1025390625,-376.181488037109,-927.761657714844,1,919.613586425781,507.384246826172
0.10546875,-374.726623535156,-927.673278808594,1,915.440185546875,513.56640625
0.1025390625,-373.298370361328,-927.592102050781,1,909.328735351562,522.624145507812
0.1025390625,-371.826843261719,-927.515319824219,1,894.418579101562,368.312316894531
0.1044921875,-370.309753417969,-927.441467285156,1,900.55029296875,535.85009765625
0.103515625,-368.767364501953,-927.367980957031,1,900.374084472656,533.994873046875
0.103515625,-367.216461181641,-927.290283203125,1,914.328979492188,535.616271972656
0.103515625,-365.658660888672,-927.204833984375,1,799.031860351562,329.844512939453
0.1015625,-364.149047851562,-927.114318847656,1,814.348937988281,349.961975097656
0.1044921875,-362.605346679688,-927.015686035156,1,775.479553222656,261.824462890625
0.1044921875,-361.064453125,-926.914611816406,1,780.560180664062,274.310760498047
0.1025390625,-359.572631835938,-926.816833496094,1,767.575561523438,262.110900878906
0.1025390625,-358.12890625,-926.724243164062,1,776.660522460938,267.662048339844
0.1044921875,-356.697113037109,-926.634704589844,1,764.983276367188,255.625610351562
0.1064453125,-355.316131591797,-926.550170898438,1,763.117858886719,268.259552001953
0.1044921875,-354.037933349609,-926.472595214844,1,780.4951171875,258.669616699219
0.1025390625,-352.873840332031,-926.40185546875,1,786.698791503906,253.908279418945
0.1005859375,-351.819122314453,-926.336975097656,1,912.940307617188,452.386383056641
0.1025390625,-350.833190917969,-926.275817871094,1,905.0537109375,430.568176269531
0.10546875,-349.915374755859,-926.218444824219,1,912.184814453125,431.736877441406
0.1025390625,-349.113342285156,-926.168212890625,1,904.942260742188,432.432830810547
0.1015625,-348.388885498047,-926.123168945312,1,915.070129394531,412.773284912109
0.1044921875,-347.730987548828,-926.082824707031,1,916.109191894531,409.4091796875
0.103515625,-347.155334472656,-926.049133300781,1,952.157287597656,558.493041992188
0.1005859375,-346.658203125,-926.022155761719,1,940.956726074219,565.198364257812
0.1015625,-346.217987060547,-926.000549316406,1,951.694885253906,555.40771484375
0.1015625,-345.835906982422,-925.983703613281,1,1088.28698730469,506.045532226562
0.1025390625,-345.515563964844,-925.971008300781,1,1155.89807128906,477.210235595703
0.1005859375,-345.257476806641,-925.961547851562,1,1161.95471191406,479.512573242188
0.1015625,-345.054107666016,-925.9541015625,1,1157.78125,485.33544921875
0.1025390625,-344.906768798828,-925.948425292969,1,722.175415039062,238.861190795898
0.1044921875,-344.812286376953,-925.944396972656,1,729.766418457031,248.796096801758
0.115234375,-344.772155761719,-925.942260742188,1,739.511962890625,251.358016967773
0.103515625,-344.772674560547,-925.941833496094,1,738.762939453125,244.454147338867
0.103515625,-344.779663085938,-925.941833496094,1,765.949462890625,235.755477905273
0.1015625,-344.78466796875,-925.941955566406,1,771.975158691406,246.183868408203
0.1025390625,-344.785369873047,-925.942016601562,1,1146.81323242188,112.166809082031
0.1025390625,-344.783203125,-925.941955566406,1,1263.00573730469,74.8499450683594
0.1015625,-344.780914306641,-925.942077636719,1,854.428039550781,301.615234375
0.1162109375,-344.779998779297,-925.942138671875,1,798.747802734375,377.066436767578
0.1162109375,-344.780700683594,-925.942016601562,1,896.951354980469,563.565063476562
0.10546875,-344.781585693359,-925.942077636719,1,899.030944824219,557.818237304688
0.1025390625,-344.781921386719,-925.942016601562,1,780.419006347656,548.953308105469
0.1025390625,-344.78173828125,-925.941955566406,1,646.166015625,438.101593017578
0.1005859375,-344.781433105469,-925.942016601562,1,197.929550170898,359.52490234375
0.11328125,-344.781158447266,-925.941955566406,1,216.923797607422,345.074096679688
0.1162109375,-344.781188964844,-925.941955566406,1,361.578857421875,339.452545166016
0.1162109375,-344.781280517578,-925.942077636719,1,827.78564453125,347.306823730469
0.1005859375,-344.781311035156,-925.942077636719,1,809.936706542969,335.265045166016
0.1162109375,-344.781311035156,-925.942016601562,1,814.559143066406,328.662841796875
0.1162109375,-344.781280517578,-925.941955566406,1,815.678771972656,329.445220947266
0.1005859375,-344.781280517578,-925.941955566406,1,855.348388671875,383.559417724609
0.1015625,-344.781280517578,-925.941955566406,1,952.077819824219,518.979309082031
0.1015625,-344.781280517578,-925.942016601562,1,942.001953125,534.776489257812
0.103515625,-344.781280517578,-925.942016601562,1,881.459411621094,495.116088867188
0.1162109375,-344.781280517578,-925.942016601562,1,865.289001464844,468.760864257812
0.1171875,-344.781280517578,-925.942077636719,1,844.100952148438,480.816772460938
0.115234375,-344.781280517578,-925.942077636719,1,1128.96447753906,347.869079589844
0.115234375,-344.781280517578,-925.941955566406,1,1321.31799316406,464.32470703125
0.115234375,-344.781280517578,-925.942077636719,1,1400.22338867188,327.169525146484
0.1142578125,-344.781280517578,-925.941955566406,1,1519.11645507812,428.634307861328
0.1005859375,-344.781280517578,-925.942016601562,1,1515.93444824219,436.066253662109
0.115234375,-344.781280517578,-925.942077636719,1,1544.79833984375,434.317718505859
0.11328125,-344.781280517578,-925.942016601562,1,1498.13989257812,454.183654785156
0.1142578125,-344.781280517578,-925.942016601562,1,1438.77038574219,479.790435791016
0.1015625,-344.781280517578,-925.942016601562,1,1410.43579101562,353.9423828125
0.10546875,-344.781280517578,-925.942016601562,1,779.457153320312,397.709503173828
0.1005859375,-344.781280517578,-925.942016601562,1,787.836181640625,382.871124267578
0.1162109375,-344.781280517578,-925.942016601562,1,786.716674804688,392.037231445312
0.11328125,-344.781280517578,-925.941955566406,1,780.111267089844,426.250640869141
0.1005859375,-344.781280517578,-925.942077636719,1,780.166198730469,454.853820800781
0.1162109375,-344.781280517578,-925.941955566406,1,791.439575195312,459.185302734375
0.1142578125,-344.78125,-925.941955566406,1,808.827575683594,475.504241943359
0.115234375,-344.781280517578,-925.942016601562,1,371.237884521484,461.973266601562
0.1142578125,-344.781280517578,-925.942077636719,1,271.280426025391,528.201965332031
0.1162109375,-344.781280517578,-925.942077636719,1,274.697448730469,545.308532714844
0.115234375,-344.78125,-925.941955566406,1,1094.12841796875,422.450286865234
0.115234375,-344.781280517578,-925.942016601562,1,1092.24865722656,433.442138671875
0.11328125,-344.781280517578,-925.942016601562,1,1082.45434570312,434.261505126953
0.1015625,-344.781280517578,-925.942016601562,1,896.353698730469,490.243438720703
0.1162109375,-344.781280517578,-925.942016601562,1,886.177001953125,498.762237548828
0.1162109375,-344.781280517578,-925.942016601562,1,776.599426269531,253.228118896484
0.1142578125,-344.781280517578,-925.942016601562,1,769.754638671875,268.127746582031
0.115234375,-344.781280517578,-925.942016601562,1,781.920532226562,266.500854492188
0.1142578125,-344.781280517578,-925.942016601562,1,886.94287109375,267.086456298828
0.1142578125,-344.78125,-925.941955566406,1,1007.8681640625,428.429473876953
0.1064453125,-344.781280517578,-925.942016601562,1,1017.96014404297,438.542510986328
0.1005859375,-344.781280517578,-925.942016601562,1,788.823181152344,450.380615234375
0.11328125,-344.781280517578,-925.942016601562,1,796.546142578125,454.677124023438
0.115234375,-344.781280517578,-925.942016601562,1,538.0908203125,516.399658203125
0.115234375,-344.781280517578,-925.942016601562,1,350.271697998047,578.6943359375
0.11328125,-344.781280517578,-925.942077636719,1,342.659393310547,562.302124023438
0.1015625,-344.781280517578,-925.942016601562,1,343.1650390625,582.37841796875
0.1142578125,-344.781280517578,-925.942077636719,1,985.092346191406,537.243225097656
0.11328125,-344.781280517578,-925.942016601562,1,957.518798828125,541.111572265625
0.1142578125,-344.781280517578,-925.942016601562,1,963.087646484375,440.128082275391
0.1142578125,-344.781280517578,-925.941955566406,1,816.906555175781,50.5755920410156
0.115234375,-344.781311035156,-925.942077636719,1,818.166870117188,250.550674438477
0.11328125,-344.781280517578,-925.941955566406,1,830.445068359375,256.778564453125
0.11328125,-344.781280517578,-925.942016601562,1,942.321472167969,245.817001342773
0.11328125,-344.78125,-925.942016601562,1,1384.95239257812,169.805160522461
0.1123046875,-344.781280517578,-925.942016601562,1,1376.02526855469,161.352569580078
0.1123046875,-344.781280517578,-925.942016601562,1,1313.99829101562,130.960418701172
0.1005859375,-344.781280517578,-925.942016601562,1,1309.376953125,172.164108276367
0.111328125,-344.781280517578,-925.942016601562,1,1301.32690429688,170.41862487793
0.1123046875,-344.781280517578,-925.942016601562,1,1292.7138671875,-60.7936973571777
0.115234375,-344.781280517578,-925.942016601562,1,1292.7138671875,-60.7936973571777
0.1162109375,-344.781280517578,-925.942016601562,1,1002.77954101562,378.607147216797
0.1123046875,-344.781280517578,-925.942077636719,1,997.15673828125,408.657897949219
0.1123046875,-344.781280517578,-925.942016601562,1,1093.43310546875,382.47607421875
0.1005859375,-344.781280517578,-925.942077636719,1,1404.80310058594,238.835968017578
0.1142578125,-344.781280517578,-925.942016601562,1,1413.31884765625,234.22998046875
0.115234375,-344.781280517578,-925.942016601562,1,863.175659179688,492.913909912109
0.1142578125,-344.781280517578,-925.942016601562,1,876.597045898438,500.217590332031
0.1142578125,-344.781280517578,-925.942016601562,1,785.176086425781,389.709777832031
0.1103515625,-344.781280517578,-925.942077636719,1,786.12255859375,362.530029296875
0.1103515625,-344.781280517578,-925.942016601562,1,754.191833496094,340.543029785156
0.109375,-344.781280517578,-925.942016601562,1,1220.12219238281,110.949531555176
0.1103515625,-344.781280517578,-925.941955566406,1,1241.98522949219,92.4761657714844
0.111328125,-344.781280517578,-925.942016601562,1,1241.60620117188,97.5469207763672
0.109375,-344.781280517578,-925.942016601562,1,1207.65405273438,-0.0244081020355225
0.1142578125,-344.781280517578,-925.942016601562,1,863.367309570312,324.066558837891
0.1123046875,-344.781280517578,-925.942077636719,1,890.527099609375,498.981079101562
0.1103515625,-344.781280517578,-925.942077636719,1,891.442260742188,505.027801513672
0.1123046875,-344.781280517578,-925.942077636719,1,893.88134765625,453.970550537109
0.11328125,-344.781280517578,-925.941955566406,1,891.83447265625,449.740631103516
0.1162109375,-344.781280517578,-925.942016601562,1,904.884521484375,464.447052001953
0.103515625,-344.781280517578,-925.942016601562,1,912.071838378906,481.25634765625
0.1005859375,-344.781280517578,-925.942077636719,1,928.904174804688,541.264038085938
0.1162109375,-344.781280517578,-925.942016601562,1,952.941955566406,544.876831054688
0.1142578125,-344.781280517578,-925.942016601562,1,1029.822265625,514.266235351562
0.103515625,-344.781219482422,-925.942077636719,1,1017.31207275391,536.468627929688
0.1025390625,-344.779571533203,-925.942077636719,1,994.814147949219,544.199035644531
0.1025390625,-344.772644042969,-925.941772460938,1,934.743469238281,534.191101074219
0.1005859375,-344.737976074219,-925.940490722656,1,872.426391601562,441.935913085938
0.1162109375,-344.644470214844,-925.937072753906,1,862.312866210938,294.00830078125
0.11328125,-344.498657226562,-925.931884765625,1,764.837036132812,232.565658569336
0.1142578125,-344.298187255859,-925.9248046875,1,768.920776367188,247.08283996582
0.1005859375,-344.076721191406,-925.917297363281,1,764.272766113281,271.324768066406
0.1142578125,-343.775054931641,-925.907287597656,1,767.184692382812,255.591384887695
0.115234375,-343.413116455078,-925.895812988281,1,774.50537109375,279.299041748047
0.1005859375,-343.056091308594,-925.884948730469,1,844.150146484375,377.221954345703
0.11328125,-342.599914550781,-925.872253417969,1,877.532104492188,449.043792724609
0.103515625,-342.133087158203,-925.860778808594,1,897.896728515625,444.951690673828
0.10546875,-341.620269775391,-925.849914550781,1,899.857177734375,457.327850341797
0.1025390625,-341.071411132812,-925.840209960938,1,892.505310058594,472.838897705078
0.103515625,-340.478942871094,-925.832092285156,1,885.869323730469,465.391662597656
0.1015625,-339.853485107422,-925.825134277344,1,877.877380371094,454.174499511719
0.1015625,-339.180847167969,-925.818603515625,1,889.865051269531,447.276977539062
0.1171875,-338.359741210938,-925.811279296875,1,898.510437011719,473.290985107422
0.103515625,-337.585784912109,-925.804626464844,1,884.067749023438,459.432891845703
0.1162109375,-336.658782958984,-925.796813964844,1,209.029739379883,495.059967041016
0.1171875,-335.675170898438,-925.788146972656,1,146.643203735352,391.229644775391
0.1015625,-334.772003173828,-925.780151367188,1,118.985527038574,343.576568603516
0.1064453125,-333.783447265625,-925.771118164062,1,116.855361938477,333.527526855469
0.1064453125,-332.754547119141,-925.76123046875,1,916.542419433594,299.99853515625
0.10546875,-331.677490234375,-925.749206542969,1,916.542419433594,299.99853515625
0.103515625,-330.577972412109,-925.734375,1,916.542419433594,299.99853515625
0.103515625,-329.435241699219,-925.715087890625,1,916.542419433594,299.99853515625
0.1015625,-328.272247314453,-925.690368652344,1,916.542419433594,299.99853515625
0.1025390625,-327.056549072266,-925.658447265625,1,916.542419433594,299.99853515625
0.1015625,-325.808685302734,-925.619506835938,0,0,0
0.103515625,-324.486480712891,-925.572143554688,0,0,0
0.103515625,-323.12744140625,-925.517333984375,0,0,0
0.1015625,-321.748046875,-925.456604003906,0,0,0
0.103515625,-320.296691894531,-925.38818359375,0,0,0
0.1044921875,-318.789245605469,-925.313842773438,0,0,0
0.1015625,-317.279327392578,-925.238037109375,0,0,0
0.1005859375,-315.740112304688,-925.163879394531,0,0,0
0.1015625,-314.131958007812,-925.098327636719,0,0,0
0.103515625,-312.453979492188,-925.050109863281,0,0,0
0.1025390625,-310.759765625,-925.026306152344,0,0,0
0.107421875,-308.918334960938,-925.030883789062,0,0,0
0.1103515625,-306.997589111328,-925.069030761719,0,0,0
0.109375,-305.023773193359,-925.134033203125,0,0,0
0.107421875,-303.054809570312,-925.207702636719,0,0,0
0.1064453125,-301.074981689453,-925.276123046875,0,0,0
0.10546875,-299.057403564453,-925.330871582031,0,0,0
0.109375,-296.913146972656,-925.371032714844,0,0,0
0.1083984375,-294.768463134766,-925.399597167969,0,0,0
0.1044921875,-292.649719238281,-925.431091308594,0,0,0
0.1064453125,-290.437774658203,-925.477478027344,0,0,0
0.1064453125,-288.211730957031,-925.537414550781,0,0,0
0.10546875,-285.9736328125,-925.603576660156,0,0,0
0.1064453125,-283.655517578125,-925.667907714844,0,0,0
0.1064453125,-281.315826416016,-925.718994140625,0,0,0
0.107421875,-278.911468505859,-925.750366210938,0,0,0
0.1083984375,-276.459106445312,-925.759155273438,1,1202.80688476562,299.1875
0.109375,-273.951965332031,-925.752990722656,1,904.453491210938,541.679504394531
0.1142578125,-271.279296875,-925.748168945312,1,904.453491210938,541.679504394531
0.10546875,-268.778564453125,-925.759033203125,1,904.453491210938,541.679504394531
0.109375,-266.163543701172,-925.795715332031,1,904.453491210938,541.679504394531
0.1171875,-263.323364257812,-925.868347167969,1,774.276489257812,596.263671875
0.109375,-260.600036621094,-925.963562011719,1,764.036254882812,613.803405761719
0.109375,-257.855865478516,-926.069519042969,1,764.036254882812,613.803405761719
0.107421875,-255.090118408203,-926.174682617188,1,764.036254882812,613.803405761719
0.107421875,-252.318298339844,-926.271057128906,1,727.335388183594,167.270217895508
0.107421875,-249.510818481445,-926.357604980469,1,747.652160644531,266.427062988281
0.107421875,-246.666854858398,-926.435546875,1,747.302185058594,208.200103759766
0.107421875,-243.80354309082,-926.507141113281,1,762.961242675781,203.238128662109
0.1123046875,-240.770477294922,-926.574768066406,1,735.087219238281,123.760154724121
0.1103515625,-237.799087524414,-926.628479003906,1,735.087219238281,123.760154724121
0.109375,-234.805526733398,-926.665466308594,1,784.86669921875,240.003799438477
0.1123046875,-231.705749511719,-926.680969238281,1,801.400146484375,240.158889770508
0.109375,-228.698089599609,-926.670837402344,1,767.479675292969,250.312103271484
0.1103515625,-225.680694580078,-926.635314941406,1,776.265197753906,281.768493652344
0.1103515625,-222.669982910156,-926.578247070312,1,795.666564941406,264.072387695312
0.111328125,-219.677978515625,-926.510925292969,1,794.180908203125,506.818145751953
0.1103515625,-216.721069335938,-926.447143554688,1,801.868713378906,516.998413085938
0.1083984375,-213.837677001953,-926.395324707031,1,803.690551757812,492.106323242188
0.1083984375,-211.011123657227,-926.358703613281,1,803.710205078125,490.206695556641
0.107421875,-208.28971862793,-926.33740234375,1,735.672546386719,354.188293457031
0.1083984375,-205.585418701172,-926.327941894531,1,687.245361328125,232.958679199219
0.107421875,-203.022811889648,-926.323608398438,1,793.459533691406,375.103973388672
0.1025390625,-200.617202758789,-926.316284179688,1,755.798645019531,250.302825927734
0.109375,-198.153182983398,-926.297607421875,1,786.876098632812,242.163040161133
0.1044921875,-195.881332397461,-926.264709472656,1,776.242553710938,253.234497070312
0.10546875,-193.669540405273,-926.213317871094,1,780.631164550781,246.94709777832
0.1064453125,-191.516632080078,-926.143188476562,1,829.437866210938,357.520935058594
0.10546875,-189.471206665039,-926.059020996094,1,858.907470703125,487.306762695312
0.1103515625,-187.421905517578,-925.963073730469,1,870.570434570312,483.033020019531
0.115234375,-185.378952026367,-925.862854003906,1,863.132568359375,489.982696533203
0.107421875,-183.576171875,-925.775817871094,1,868.570922851562,476.645233154297
0.10546875,-181.880737304688,-925.698547363281,1,874.014709472656,466.164825439453
0.11328125,-180.170394897461,-925.625732421875,1,862.42529296875,482.463684082031
0.11328125,-178.562057495117,-925.562133789062,1,875.701416015625,488.637512207031
0.1103515625,-177.093597412109,-925.509948730469,1,876.702758789062,474.180633544922
0.109375,-175.740966796875,-925.469299316406,1,868.724731445312,472.189819335938
0.1103515625,-174.454315185547,-925.438720703125,1,865.869689941406,468.877075195312
0.10546875,-173.317886352539,-925.420166015625,1,857.526672363281,484.734710693359
0.1015625,-172.29508972168,-925.410339355469,1,871.398193359375,483.552856445312
0.1044921875,-171.335983276367,-925.407104492188,1,802.383972167969,446.081359863281
0.1025390625,-170.465972900391,-925.408447265625,1,799.895935058594,453.704864501953
0.1044921875,-169.667877197266,-925.412475585938,1,730.779174804688,335.869384765625
0.1025390625,-168.964889526367,-925.418212890625,1,761.415649414062,-77.3679275512695
0.107421875,-168.310409545898,-925.424926757812,1,775.1240234375,314.263061523438
0.10546875,-167.735443115234,-925.432189941406,1,787.033203125,434.791900634766
0.11328125,-167.197494506836,-925.439331054688,1,791.693115234375,432.049377441406
0.11328125,-166.733612060547,-925.445434570312,1,808.203186035156,408.689270019531
0.109375,-166.358169555664,-925.449951171875,1,720.394714355469,297.285797119141
0.1083984375,-166.053329467773,-925.453369140625,1,720.394714355469,297.285797119141
0.1064453125,-165.820236206055,-925.455688476562,1,720.394714355469,297.285797119141
0.10546875,-165.653594970703,-925.457275390625,1,720.394714355469,297.285797119141
0.10546875,-165.545837402344,-925.458251953125,1,720.394714355469,297.285797119141
0.10546875,-165.498550415039,-925.458862304688,0,0,0
0.10546875,-165.496063232422,-925.458984375,0,0,0
0.109375,-165.503616333008,-925.458984375,1,725.25732421875,468.896789550781
0.109375,-165.509719848633,-925.459045410156,1,728.82470703125,471.646270751953
0.109375,-165.510589599609,-925.459045410156,1,519.054626464844,535.079895019531
0.111328125,-165.508026123047,-925.459045410156,1,426.919189453125,578.761291503906
0.1103515625,-165.505569458008,-925.458984375,1,410.983795166016,566.34375
0.109375,-165.504959106445,-925.458923339844,1,417.399932861328,573.012817382812
0.107421875,-165.505722045898,-925.458923339844,1,255.058609008789,656.487060546875
0.107421875,-165.506652832031,-925.458923339844,1,244.957000732422,541.260864257812
0.1064453125,-165.50700378418,-925.458984375,1,235.66535949707,691.59228515625
0.11328125,-165.50651550293,-925.458984375,1,505.256561279297,622.689208984375
0.1064453125,-165.501937866211,-925.458984375,1,623.479736328125,598.832641601562
0.1044921875,-165.477828979492,-925.459350585938,1,623.973693847656,598.974548339844
0.109375,-165.406402587891,-925.460388183594,1,820.7294921875,335.375152587891
0.1083984375,-165.285919189453,-925.462219238281,1,814.632568359375,352.072723388672
0.1025390625,-165.127258300781,-925.464721679688,1,813.460083007812,338.669616699219
0.1044921875,-164.920272827148,-925.468139648438,1,817.703735351562,346.342712402344
0.103515625,-164.670928955078,-925.472351074219,1,805.933532714844,384.920013427734
0.1015625,-164.384429931641,-925.477416992188,1,807.359313964844,407.824523925781
0.1044921875,-164.041046142578,-925.484191894531,1,800.292236328125,402.602203369141
0.1025390625,-163.661285400391,-925.492736816406,1,782.520935058594,399.900543212891
0.1005859375,-163.248931884766,-925.50341796875,1,796.143737792969,404.275085449219
0.1005859375,-162.790557861328,-925.515930175781,1,786.137634277344,398.930084228516
0.1015625,-162.288497924805,-925.529663085938,1,664.974853515625,431.313201904297
0.1142578125,-161.674041748047,-925.545349121094,1,397.567657470703,533.425659179688
0.111328125,-161.029830932617,-925.560180664062,1,357.403228759766,551.54736328125
0.1123046875,-160.347366333008,-925.574462890625,1,344.915893554688,556.491271972656
0.111328125,-159.62956237793,-925.589172363281,1,645.716674804688,407.720001220703
0.111328125,-158.867691040039,-925.605041503906,1,699.506896972656,291.336181640625
0.1142578125,-158.032257080078,-925.623168945312,1,739.939758300781,271.901824951172
0.1103515625,-157.167831420898,-925.64306640625,1,739.939758300781,271.901824951172
0.109375,-156.274810791016,-925.664428710938,1,739.939758300781,271.901824951172
0.1064453125,-155.36442565918,-925.686706542969,1,739.939758300781,271.901824951172
0.1064453125,-154.487228393555,-925.707702636719,0,0,0
0.1103515625,-153.619140625,-925.725036621094,1,464.098205566406,285.125671386719
0.1064453125,-152.767517089844,-925.735168457031,1,449.138824462891,523.646423339844
0.1064453125,-151.900482177734,-925.737854003906,1,407.534484863281,407.891876220703
0.1083984375,-151.033493041992,-925.731262207031,1,376.456176757812,417.235229492188
0.107421875,-150.167053222656,-925.710998535156,1,388.6767578125,299.888885498047
0.11328125,-149.231689453125,-925.6689453125,1,388.6767578125,299.888885498047
0.1083984375,-148.290420532227,-925.600952148438,1,388.6767578125,299.888885498047
0.115234375,-147.253341674805,-925.494140625,1,388.6767578125,299.888885498047
0.1162109375,-146.169235229492,-925.346557617188,0,0,0
0.1142578125,-145.06559753418,-925.155212402344,0,0,0
0.1123046875,-143.933898925781,-924.911010742188,1,269.9287109375,386.81591796875
0.119140625,-142.705947875977,-924.582702636719,1,312.036651611328,413.109741210938
0.1123046875,-141.532272338867,-924.195251464844,1,275.772064208984,386.559051513672
0.1123046875,-140.361801147461,-923.719543457031,1,299.66064453125,396.704742431641
0.1005859375,-139.35725402832,-923.220825195312,1,343.278839111328,275.642761230469
0.119140625,-138.244369506836,-922.541748046875,1,433.38134765625,388.741943359375
0.1025390625,-137.367233276367,-921.882507324219,1,450.133361816406,415.169982910156
0.1171875,-136.449737548828,-921.041442871094,1,508.590850830078,379.578796386719
0.111328125,-135.669326782227,-920.168212890625,1,544.815002441406,392.389282226562
0.10546875,-135.011001586914,-919.283569335938,1,361.509094238281,392.177307128906
0.1083984375,-134.41096496582,-918.313537597656,1,432.112823486328,371.999572753906
0.10546875,-133.915466308594,-917.343627929688,1,491.978210449219,395.179931640625
0.10546875,-133.488708496094,-916.329467773438,1,511,375.557525634766
0.107421875,-133.132659912109,-915.283386230469,1,617.994018554688,394.301818847656
0.1103515625,-132.84114074707,-914.191345214844,1,571.384826660156,402.131103515625
0.1025390625,-132.630569458008,-913.15283203125,1,571.384826660156,402.131103515625
0.107421875,-132.460266113281,-912.044616699219,1,571.384826660156,402.131103515625
0.1025390625,-132.328094482422,-910.940185546875,1,571.384826660156,402.131103515625
0.1025390625,-132.215850830078,-909.801818847656,1,699.124084472656,546.240783691406
0.1162109375,-132.101669311523,-908.445068359375,1,726.398315429688,519.069885253906
0.115234375,-131.99853515625,-907.0419921875,1,728.663452148438,427.105438232422
0.1015625,-131.913055419922,-905.766540527344,1,742.580749511719,437.564605712891
0.1015625,-131.832153320312,-904.443054199219,1,771.23583984375,430.833404541016
0.10546875,-131.753936767578,-903.021057128906,1,776.732482910156,447.738891601562
0.1015625,-131.683990478516,-901.600463867188,1,1216.59118652344,210.591979980469
0.10546875,-131.616333007812,-900.089477539062,1,1254.61926269531,209.831878662109
0.1171875,-131.544158935547,-898.342712402344,1,1358.68969726562,174.128463745117
0.1005859375,-131.484161376953,-896.804260253906,1,832.30224609375,447.934356689453
0.1064453125,-131.421905517578,-895.139709472656,1,835.721557617188,449.195953369141
0.1083984375,-131.357757568359,-893.372375488281,1,836.1416015625,445.815246582031
0.1083984375,-131.293472290039,-891.580017089844,1,779.353515625,434.799285888672
0.10546875,-131.228942871094,-889.773803710938,1,756.661865234375,219.461196899414
0.107421875,-131.163055419922,-887.875732421875,1,725.874084472656,9.97978401184082
0.10546875,-131.105026245117,-885.98193359375,1,720.648376464844,562.324340820312
0.1044921875,-131.061187744141,-884.069763183594,1,765.372009277344,439.815673828125
0.1025390625,-131.037078857422,-882.165405273438,1,787.585815429688,354.802978515625
0.103515625,-131.035659790039,-880.188171386719,1,804.656555175781,321.363006591797
0.103515625,-131.059448242188,-878.185363769531,1,799.40234375,321.527038574219
0.103515625,-131.105072021484,-876.166015625,1,823.810729980469,427.263336181641
0.1015625,-131.16423034668,-874.144775390625,1,833.504516601562,428.617034912109
0.1015625,-131.228759765625,-872.087585449219,1,851.507629394531,437.781890869141
0.103515625,-131.29069519043,-869.962097167969,1,847.673828125,437.221069335938
0.1083984375,-131.341171264648,-867.694030761719,1,848.723022460938,436.290313720703
0.107421875,-131.368774414062,-865.422485351562,1,851.882141113281,439.215545654297
0.10546875,-131.370452880859,-863.14892578125,1,875.449096679688,448.194702148438
0.109375,-131.344497680664,-860.778198242188,1,845.16162109375,460.919281005859
0.1064453125,-131.292770385742,-858.415832519531,1,852.9326171875,474.936614990234
0.1015625,-131.221115112305,-856.168151855469,1,835.674438476562,481.742279052734
0.1025390625,-131.128631591797,-853.850402832031,1,835.864990234375,477.126068115234
0.109375,-131.020599365234,-851.376037597656,1,825.025573730469,482.451995849609
0.1181640625,-130.911285400391,-848.669799804688,1,808.368713378906,478.564147949219
0.11328125,-130.832061767578,-846.062622070312,1,1345.37524414062,171.994262695312
0.107421875,-130.789108276367,-843.559875488281,1,1334.58068847656,169.184188842773
0.1015625,-130.781707763672,-841.223205566406,1,768.476379394531,504.542327880859
0.1015625,-130.803207397461,-838.899536132812,1,823.864562988281,507.036437988281
0.1171875,-130.846664428711,-836.239135742188,1,797.61083984375,482.079345703125
0.1103515625,-130.88166809082,-833.734191894531,1,788.028564453125,503.313018798828
0.1025390625,-130.893051147461,-831.431091308594,1,803.293090820312,511.708648681641
0.103515625,-130.882507324219,-829.143798828125,1,839.520202636719,481.074127197266
0.103515625,-130.855575561523,-826.850646972656,1,832.212768554688,477.885345458984
0.1064453125,-130.819030761719,-824.496154785156,1,827.290283203125,477.579742431641
0.10546875,-130.784576416016,-822.198974609375,1,827.6787109375,496.734619140625
0.1025390625,-130.765243530273,-819.971374511719,1,843.035705566406,485.529144287109
0.10546875,-130.770477294922,-817.697082519531,1,899.84228515625,667.817687988281
0.109375,-130.807418823242,-815.350158691406,1,812.466796875,333.417236328125
0.1083984375,-130.8759765625,-813.063049316406,1,828.081665039062,312.627410888672
0.1064453125,-130.973526000977,-810.812255859375,1,828.081665039062,312.627410888672
0.107421875,-131.098052978516,-808.556213378906,1,875.479736328125,332.457489013672
0.109375,-131.244323730469,-806.271545410156,1,886.742797851562,443.530639648438
0.1103515625,-131.402114868164,-803.996948242188,1,880.006164550781,446.223663330078
0.11328125,-131.572021484375,-801.684814453125,1,854.560363769531,418.882720947266
0.1123046875,-131.749267578125,-799.388610839844,1,790.364440917969,300.740478515625
0.1103515625,-131.923645019531,-797.210205078125,1,770.809692382812,263.369171142578
0.10546875,-132.090377807617,-795.171081542969,1,782.694458007812,270.62890625
0.1064453125,-132.253692626953,-793.19189453125,1,957.21044921875,407.969665527344
0.1015625,-132.399841308594,-791.385925292969,1,1032.87658691406,431.593505859375
0.1123046875,-132.545623779297,-789.447509765625,1,1033.61962890625,458.555389404297
0.1083984375,-132.66276550293,-787.656372070312,1,1040.49462890625,462.381439208984
0.1044921875,-132.753311157227,-786.006042480469,1,1039.25695800781,469.870788574219
0.1103515625,-132.826583862305,-784.347412109375,1,1040.53625488281,470.544342041016
0.1083984375,-132.880844116211,-782.782470703125,1,1058.607421875,105.598777770996
0.109375,-132.921325683594,-781.2978515625,1,1058.607421875,105.598777770996
0.1064453125,-132.950866699219,-779.924072265625,1,1058.607421875,105.598777770996
0.1044921875,-132.972122192383,-778.643127441406,1,1058.607421875,105.598777770996
0.1064453125,-132.985916137695,-777.432922363281,1,1005.12182617188,399.359924316406
0.1044921875,-132.99235534668,-776.332885742188,1,974.562316894531,284.177520751953
0.1044921875,-132.992736816406,-775.305969238281,1,1090.93505859375,560.588073730469
0.1044921875,-132.988143920898,-774.350769042969,1,1080.51623535156,557.558166503906
0.1083984375,-132.97966003418,-773.433898925781,1,1117.06750488281,564.209899902344
0.1142578125,-132.968231201172,-772.539794921875,1,1107.927734375,551.239929199219
0.1171875,-132.955429077148,-771.708312988281,1,1135.40075683594,547.596374511719
0.1123046875,-132.942642211914,-770.980163574219,1,1132.98596191406,565.291809082031
0.111328125,-132.930145263672,-770.329284667969,1,963.256164550781,569.246887207031
0.111328125,-132.91960144043,-769.751281738281,1,989.120422363281,324.173706054688
0.115234375,-132.911666870117,-769.230224609375,1,1017.59283447266,230.937255859375
0.1103515625,-132.906265258789,-768.782287597656,1,1017.59283447266,230.937255859375
0.1064453125,-132.902648925781,-768.376770019531,1,1076.60803222656,289.532165527344
0.1083984375,-132.899993896484,-767.982482910156,1,1140.50012207031,398.251983642578
0.1103515625,-132.897689819336,-767.579223632812,1,1163.03063964844,422.780548095703
0.1083984375,-132.894821166992,-767.189697265625,1,1216.61572265625,534.801330566406
0.111328125,-132.889617919922,-766.790649414062,1,1187.306640625,380.054809570312
0.107421875,-132.881591796875,-766.388427734375,1,1243.01330566406,397.877777099609
0.1064453125,-132.870666503906,-765.944946289062,1,1344.79797363281,415.757843017578
0.109375,-132.856521606445,-765.44091796875,1,1355.7587890625,411.775146484375
0.1103515625,-132.839233398438,-764.882873535156,1,1301.16809082031,404.240478515625
0.109375,-132.818862915039,-764.279663085938,1,1268.83349609375,411.908630371094
0.107421875,-132.794891357422,-763.634643554688,1,1226.08813476562,400.306945800781
0.1142578125,-132.764450073242,-762.903930664062,1,1240.48852539062,418.560272216797
0.111328125,-132.728256225586,-762.139709472656,1,1301.57385253906,429.134857177734
0.1123046875,-132.686767578125,-761.362243652344,1,1451.72766113281,619.104431152344
0.1064453125,-132.64225769043,-760.61572265625,1,1411.46850585938,571.081726074219
0.107421875,-132.590194702148,-759.824523925781,1,1292.81274414062,445.057464599609
0.107421875,-132.530166625977,-759.001586914062,1,1340.90454101562,373.988250732422
0.1044921875,-132.464401245117,-758.177185058594,1,1545.38891601562,463.471130371094
0.107421875,-132.390930175781,-757.331420898438,1,1411.79821777344,381.751800537109
0.107421875,-132.308624267578,-756.468200683594,1,1381.20422363281,220.329620361328
0.109375,-132.21142578125,-755.551818847656,1,1370.40344238281,241.495193481445
0.1142578125,-132.091415405273,-754.56298828125,1,1370.40344238281,241.495193481445
0.1181640625,-131.939727783203,-753.520629882812,1,1502.76965332031,173.017074584961
0.1123046875,-131.75830078125,-752.537963867188,1,1492.21765136719,352.016204833984
0.107421875,-131.542755126953,-751.632263183594,1,1456.46691894531,211.342742919922
0.111328125,-131.26904296875,-750.732788085938,1,1620.84326171875,160.682983398438
0.1103515625,-130.940383911133,-749.877502441406,1,1612.29748535156,204.024627685547
0.111328125,-130.544647216797,-749.055480957031,1,1612.29748535156,204.024627685547
0.1064453125,-130.110824584961,-748.322143554688,1,1691.70812988281,324.199249267578
0.1103515625,-129.609466552734,-747.616943359375,1,1861.24865722656,247.751998901367
0.1162109375,-129.025451660156,-746.930480957031,1,1653.83605957031,184.399017333984
0.1162109375,-128.393478393555,-746.308471679688,1,1797.23498535156,319.784820556641
0.1123046875,-127.748672485352,-745.774169921875,1,1671.8779296875,181.658355712891
0.1103515625,-127.087768554688,-745.312255859375,1,1686.18481445312,321.820648193359
0.111328125,-126.397758483887,-744.907836914062,1,1528.23303222656,353.474243164062
0.1181640625,-125.64469909668,-744.545349121094,1,1419.77734375,381.179260253906
0.1162109375,-124.891914367676,-744.254577636719,1,1384.61181640625,398.668609619141
0.1171875,-124.121223449707,-744.021301269531,1,1108.59008789062,256.703582763672
0.1142578125,-123.345588684082,-743.845886230469,1,1099.37414550781,398.967956542969
0.109375,-122.578567504883,-743.724548339844,1,990.126220703125,267.001037597656
0.109375,-121.797821044922,-743.652099609375,1,910.554077148438,240.570068359375
0.103515625,-121.049034118652,-743.631042480469,1,910.554077148438,240.570068359375
0.1162109375,-120.199508666992,-743.660034179688,1,930.083557128906,400.947692871094
0.11328125,-119.365135192871,-743.734436035156,1,902.014221191406,392.240203857422
0.1123046875,-118.531105041504,-743.841674804688,1,823.715698242188,494.902557373047
0.11328125,-117.65746307373,-743.970458984375,1,820.85302734375,416.570770263672
0.11328125,-116.734962463379,-744.105529785156,1,808.092102050781,333.801574707031
0.1181640625,-115.716957092285,-744.2373046875,1,725.277038574219,572.81396484375
0.1064453125,-114.755981445312,-744.341491699219,1,732.566772460938,457.299926757812
0.1044921875,-113.761535644531,-744.429260253906,1,728.931579589844,452.835083007812
0.1025390625,-112.742645263672,-744.497619628906,1,742.434509277344,579.758239746094
0.115234375,-111.53889465332,-744.549255371094,1,767.543762207031,445.073974609375
0.1142578125,-110.292701721191,-744.576843261719,1,796.996398925781,456.066955566406
0.1123046875,-109.00715637207,-744.591979980469,1,820.093872070312,461.177307128906
0.115234375,-107.64134979248,-744.603088378906,1,797.608581542969,352.185394287109
0.1142578125,-106.22412109375,-744.611145019531,1,809.374938964844,342.255218505859
0.115234375,-104.745887756348,-744.6162109375,1,797.622314453125,354.598846435547
0.1005859375,-103.41340637207,-744.614868164062,1,826.997985839844,241.035385131836
0.1015625,-102.020973205566,-744.60400390625,1,844.204528808594,211.625503540039
0.1015625,-100.586540222168,-744.581237792969,1,831.582214355469,202.306869506836
0.1162109375,-98.883415222168,-744.538818359375,1,824.723266601562,216.506744384766
0.1162109375,-97.1264953613281,-744.486633300781,1,779.796997070312,236.861862182617
0.115234375,-95.3308258056641,-744.437438964844,1,776.703186035156,255.840469360352
0.1025390625,-93.6793365478516,-744.405578613281,1,765.859436035156,248.25749206543
0.1142578125,-91.7937545776367,-744.391784667969,1,790.046691894531,234.091415405273
0.115234375,-89.8257904052734,-744.401550292969,1,770.394775390625,242.863250732422
0.1123046875,-87.8462982177734,-744.424438476562,1,771.762145996094,239.275436401367
0.1015625,-86.0287475585938,-744.44091796875,1,785.519775390625,246.00944519043
0.1015625,-84.1611709594727,-744.442077636719,1,776.101257324219,245.00764465332
0.1015625,-82.2642211914062,-744.420227050781,1,779.776550292969,242.936157226562
0.1083984375,-80.1999206542969,-744.368530273438,1,783.273071289062,257.291259765625
0.10546875,-78.1477355957031,-744.292724609375,1,760.767761230469,249.001373291016
0.103515625,-76.0955123901367,-744.204711914062,1,760.771545410156,271.333679199219
0.1005859375,-74.0581359863281,-744.120849609375,1,853.1884765625,474.327911376953
0.1015625,-71.9646301269531,-744.049133300781,1,923.38720703125,507.026428222656
0.1025390625,-69.8301544189453,-743.995910644531,1,942.719299316406,588.846984863281
0.1025390625,-67.6618041992188,-743.961303710938,1,981.5947265625,527.7353515625
0.1015625,-65.4617004394531,-743.941040039062,1,985.968078613281,523.686462402344
0.1005859375,-63.2696990966797,-743.927795410156,1,961.672485351562,529.926574707031
0.115234375,-60.7065849304199,-743.911804199219,1,986.509399414062,522.867858886719
0.1162109375,-58.0882148742676,-743.890014648438,1,761.317199707031,321.044036865234
0.1005859375,-55.7832374572754,-743.865844726562,1,747.260070800781,309.266357421875
0.1025390625,-53.3974838256836,-743.837280273438,1,772.989501953125,316.045623779297
0.1015625,-51.0818176269531,-743.80810546875,1,768.763977050781,281.775756835938
0.1005859375,-48.7840957641602,-743.777770996094,1,760.203369140625,289.709228515625
0.10546875,-46.3893775939941,-743.742248535156,1,770.488220214844,292.173248291016
0.10546875,-44.0135650634766,-743.698486328125,1,777.819396972656,290.037109375
0.1015625,-41.7461166381836,-743.644470214844,1,792.622924804688,277.983123779297
0.1005859375,-39.5344581604004,-743.577575683594,1,783.340637207031,271.046020507812
0.115234375,-37.0645980834961,-743.48486328125,1,792.605407714844,264.871459960938
0.1025390625,-34.9339408874512,-743.390075683594,1,782.611999511719,270.338684082031
0.1171875,-32.5681800842285,-743.27392578125,1,787.397583007812,268.600524902344
0.115234375,-30.3305282592773,-743.162475585938,1,782.180480957031,265.314758300781
0.115234375,-28.1623630523682,-743.062194824219,1,988.096252441406,494.918640136719
0.10546875,-26.2838287353516,-742.988525390625,1,991.193542480469,484.605590820312
0.1044921875,-24.4819984436035,-742.93505859375,1,978.472473144531,478.111236572266
0.1025390625,-22.8037815093994,-742.903259277344,1,982.143859863281,473.793060302734
0.1142578125,-21.0030822753906,-742.890625,1,975.155883789062,465.605438232422
0.11328125,-19.3080024719238,-742.900085449219,1,967.844482421875,469.232299804688
0.1162109375,-17.6676845550537,-742.9287109375,1,866.285278320312,438.050201416016
0.1123046875,-16.1539134979248,-742.972229003906,1,864.111083984375,446.654113769531
0.115234375,-14.7064981460571,-743.028991699219,1,834.060974121094,445.233001708984
0.115234375,-13.353157043457,-743.095092773438,1,837.68994140625,453.273040771484
0.1162109375,-12.094217300415,-743.167907714844,1,835.441040039062,455.651641845703
0.1162109375,-10.9304418563843,-743.245056152344,1,827.491638183594,445.45361328125
0.1162109375,-9.86503791809082,-743.323486328125,1,833.242736816406,452.584411621094
0.1142578125,-8.89834880828857,-743.400146484375,1,819.737915039062,454.949493408203
0.1162109375,-7.98705196380615,-743.475646972656,1,820.195190429688,461.473968505859
0.11328125,-7.17552137374878,-743.543823242188,1,898.548889160156,-61.5015335083008
0.111328125,-6.4351487159729,-743.605529785156,1,947.121765136719,370.895385742188
0.11328125,-5.75886154174805,-743.660583496094,1,952.174133300781,448.18408203125
0.111328125,-5.15883016586304,-743.707275390625,1,940.5439453125,450.911590576172
0.1015625,-4.67048406600952,-743.743896484375,1,972.742614746094,427.340301513672
0.1044921875,-4.22001934051514,-743.776672363281,1,973.825866699219,69.5160293579102
0.115234375,-3.765380859375,-743.808959960938,1,956.473083496094,55.5067138671875
0.1142578125,-3.33690810203552,-743.839233398438,1,911.936950683594,420.894927978516
0.11328125,-2.91057801246643,-743.869262695312,1,925.717834472656,420.389739990234
0.1162109375,-2.47606348991394,-743.900451660156,1,932.942749023438,432.202972412109
0.11328125,-2.01161956787109,-743.935607910156,1,891.727172851562,304.796112060547
0.111328125,-1.50453412532806,-743.977905273438,1,895.719482421875,302.066040039062
0.1103515625,-0.950390875339508,-744.029602050781,1,913.594421386719,308.102661132812
0.1171875,-0.308687806129456,-744.096130371094,1,967.595031738281,405.937896728516
0.11328125,0.368414223194122,-744.172790527344,1,969.162353515625,404.666107177734
0.111328125,1.07854723930359,-744.25830078125,1,956.568664550781,402.409301757812
0.111328125,1.84230637550354,-744.353088378906,1,959.24072265625,401.885223388672
0.1103515625,2.64927363395691,-744.455261230469,1,958.188171386719,405.292663574219
0.109375,3.49763250350952,-744.564880371094,1,974.043395996094,397.624694824219
0.1083984375,4.38548946380615,-744.681335449219,1,976.891235351562,391.672241210938
0.1083984375,5.32539892196655,-744.802612304688,1,981.395385742188,385.126251220703
0.1064453125,6.2549467086792,-744.917846679688,1,994.099792480469,375.098388671875
0.115234375,7.22015142440796,-745.031005859375,1,987.91357421875,298.593383789062
0.1015625,8.03892135620117,-745.119995117188,1,1049.00537109375,392.941772460938
0.111328125,8.94498348236084,-745.210876464844,1,1056.66491699219,402.824005126953
0.111328125,9.8366527557373,-745.293395996094,1,1005.14685058594,535.177368164062
0.1083984375,10.6891250610352,-745.366882324219,1,991.135070800781,503.539642333984
0.1123046875,11.5510854721069,-745.43603515625,1,1037.28137207031,497.300048828125
0.11328125,12.420690536499,-745.499877929688,1,1183.77880859375,403.134155273438
0.1103515625,13.2516012191772,-745.554870605469,1,1179.56164550781,413.070831298828
0.1103515625,14.1009750366211,-745.604675292969,1,1200.70788574219,418.156219482422
0.1162109375,15.0443859100342,-745.65478515625,1,1234.18615722656,279.358856201172
0.1025390625,15.9235687255859,-745.698852539062,1,1495.86413574219,564.371520996094
0.1142578125,16.9563617706299,-745.752075195312,1,1495.86413574219,564.371520996094
0.1142578125,18.0391273498535,-745.820617675781,1,1495.86413574219,564.371520996094
0.11328125,19.162899017334,-745.918823242188,1,1397.00427246094,418.753723144531
0.1064453125,20.2632827758789,-746.056091308594,1,1401.66589355469,364.555847167969
0.1044921875,21.355354309082,-746.24951171875,1,1377.90344238281,373.064392089844
0.1005859375,22.4063873291016,-746.506713867188,1,1340.73681640625,358.803741455078
0.11328125,23.5478401184082,-746.885437011719,1,1547.52551269531,368.814758300781
0.1142578125,24.6413841247559,-747.370239257812,1,1527.7666015625,368.669982910156
0.1044921875,25.5753555297852,-747.905029296875,1,1731.70751953125,324.367462158203
0.1005859375,26.4124927520752,-748.502319335938,1,1634.46728515625,354.379486083984
0.11328125,27.2671604156494,-749.259155273438,1,1755.20043945312,329.032653808594
0.11328125,28.0201854705811,-750.092895507812,1,1668.42504882812,342.724182128906
0.111328125,28.6641254425049,-750.986450195312,1,1760.75317382812,317.553527832031
0.1064453125,29.1734600067139,-751.883850097656,1,1653.59704589844,383.759521484375
0.1015625,29.5670585632324,-752.780944824219,1,1565.74108886719,182.350234985352
0.1015625,29.8649024963379,-753.700134277344,1,1387.96923828125,413.085479736328
0.1025390625,30.0708770751953,-754.650268554688,1,1280.43786621094,425.901672363281
0.103515625,30.18430519104,-755.63671875,1,1168.37939453125,428.001647949219
0.1015625,30.2069110870361,-756.621154785156,1,1076.99658203125,419.745391845703
0.1083984375,30.1486721038818,-757.696716308594,1,967.204284667969,570.771545410156
0.1064453125,30.0289249420166,-758.76513671875,1,924.223022460938,570.957092285156
0.115234375,29.8569793701172,-759.945495605469,1,924.223022460938,570.957092285156
0.111328125,29.682201385498,-761.102478027344,1,828.172485351562,474.974975585938
0.109375,29.526309967041,-762.273132324219,1,815.609924316406,466.366546630859
0.1083984375,29.4025554656982,-763.463500976562,1,810.828247070312,459.528594970703
0.1103515625,29.3166770935059,-764.704772949219,1,750.932556152344,480.49609375
0.111328125,29.2746639251709,-765.998779296875,1,751.99755859375,373.342315673828
0.1123046875,29.2779197692871,-767.33837890625,1,770.809448242188,340.897125244141
0.109375,29.3140544891357,-768.688537597656,1,770.809448242188,340.897125244141
0.10546875,29.3627433776855,-770.029052734375,1,770.809448242188,340.897125244141
0.103515625,29.4111366271973,-771.399108886719,1,789.526062011719,530.76318359375
0.10546875,29.4537525177002,-772.832702636719,1,842.532531738281,447.365539550781
0.1083984375,29.4893798828125,-774.360900878906,1,765.549865722656,441.927093505859
0.103515625,29.5167770385742,-775.866455078125,1,820.030334472656,385.990539550781
0.1044921875,29.5425891876221,-777.436218261719,1,779.973449707031,266.851226806641
0.103515625,29.5732269287109,-779.037475585938,1,790.660461425781,251.467346191406
0.10546875,29.6163520812988,-780.716003417969,1,771.03857421875,263.015686035156
0.10546875,29.6730480194092,-782.443969726562,1,775.623168945312,219.246154785156
0.10546875,29.7396945953369,-784.219360351562,1,778.259643554688,339.209716796875
0.1064453125,29.8110790252686,-786.059326171875,1,782.426696777344,325.100891113281
0.1064453125,29.8776512145996,-787.950622558594,1,782.426696777344,325.100891113281
0.107421875,29.9308700561523,-789.902709960938,1,1216.29467773438,-2.86576151847839
0.109375,29.964635848999,-791.927856445312,1,962.298889160156,229.480651855469
0.111328125,29.9764003753662,-794.054138183594,1,875.455505371094,278.839965820312
0.1123046875,29.9698905944824,-796.216491699219,1,790.919067382812,323.439971923828
0.1005859375,29.9540042877197,-798.214111328125,1,831.523742675781,399.930633544922
0.1015625,29.9349308013916,-800.249572753906,1,850.727172851562,517.632629394531
0.1123046875,29.922456741333,-802.5693359375,1,791.975524902344,304.264312744141
0.1103515625,29.9307479858398,-804.873107910156,1,806.448669433594,432.420440673828
0.1103515625,29.9637508392334,-807.204406738281,1,793.099060058594,427.324584960938
0.111328125,30.0240688323975,-809.622009277344,1,799.429016113281,335.850524902344
0.111328125,30.1063365936279,-812.059936523438,1,811.39990234375,332.409484863281
0.1103515625,30.196741104126,-814.517944335938,1,811.313415527344,329.487091064453
0.109375,30.2727375030518,-816.980407714844,1,769.2587890625,339.427001953125
0.11328125,30.3198852539062,-819.585144042969,1,767.513305664062,312.420135498047
0.109375,30.3235206604004,-822.130065917969,1,746.627746582031,330.379486083984
0.1103515625,30.2810001373291,-824.748901367188,1,746.627746582031,330.379486083984
0.1103515625,30.1983089447021,-827.392883300781,1,790.394348144531,432.246459960938
0.11328125,30.1057834625244,-830.13330078125,1,778.902160644531,431.9560546875
0.1123046875,30.0432891845703,-832.893737792969,1,773.327087402344,334.887298583984
0.111328125,30.0258922576904,-835.68798828125,1,2097.208984375,795.905090332031
0.1103515625,30.05491065979,-838.500183105469,1,2092.8671875,844.066467285156
0.1103515625,30.1227760314941,-841.332702636719,1,2092.8671875,844.066467285156
0.115234375,30.2145900726318,-844.2958984375,1,2092.8671875,844.066467285156
0.11328125,30.3002510070801,-847.183044433594,1,2092.8671875,844.066467285156
0.1123046875,30.3667068481445,-850.038879394531,0,0,0
0.1103515625,30.4085350036621,-852.826904296875,0,0,0
0.1171875,30.4295082092285,-855.740051269531,0,0,0
0.11328125,30.4336967468262,-858.527893066406,0,0,0
0.11328125,30.4319114685059,-861.255310058594,0,0,0
0.1123046875,30.4360733032227,-863.862854003906,0,0,0
0.11328125,30.4568901062012,-866.418884277344,0,0,0
0.115234375,30.5017871856689,-868.890014648438,0,0,0
0.1005859375,30.5628986358643,-870.980041503906,0,0,0
0.1171875,30.6563682556152,-873.302001953125,0,0,0
0.115234375,30.7646141052246,-875.449157714844,0,0,0
0.103515625,30.865478515625,-877.267761230469,0,0,0
0.1005859375,30.955961227417,-878.933227539062,0,0,0
0.11328125,31.0410194396973,-880.696594238281,0,0,0
0.115234375,31.1048431396484,-882.349365234375,0,0,0
0.1162109375,31.1474304199219,-883.878356933594,0,0,0
0.1025390625,31.1702136993408,-885.122985839844,0,0,0
0.1025390625,31.1817989349365,-886.272277832031,0,0,0
0.115234375,31.1838188171387,-887.451721191406,0,0,0
0.1123046875,31.1754894256592,-888.496765136719,0,0,0
0.115234375,31.1554431915283,-889.459045410156,1,800.205017089844,573.885009765625
0.1171875,31.1238822937012,-890.339599609375,1,800.205017089844,573.885009765625
0.1162109375,31.0872459411621,-891.106201171875,1,800.205017089844,573.885009765625
0.1142578125,31.0501003265381,-891.769836425781,1,800.205017089844,573.885009765625
0.11328125,31.0158023834229,-892.343078613281,1,800.205017089844,573.885009765625
0.1025390625,30.9896278381348,-892.792663574219,0,0,0
0.1064453125,30.9686279296875,-893.19140625,0,0,0
0.1005859375,30.954195022583,-893.510620117188,1,1190.74194335938,387.108551025391
0.1142578125,30.9428253173828,-893.808654785156,1,1202.26684570312,371.5048828125
0.115234375,30.9351501464844,-894.036743164062,1,1197.28918457031,371.215118408203
0.1162109375,30.9296989440918,-894.196105957031,1,1197.28918457031,371.215118408203
0.11328125,30.9258880615234,-894.285888671875,1,1197.28918457031,371.215118408203
0.1142578125,30.9240398406982,-894.310974121094,1,1197.28918457031,371.215118408203
0.115234375,30.9232597351074,-894.306396484375,0,0,0
0.1015625,30.9228534698486,-894.300598144531,0,0,0
0.103515625,30.9226512908936,-894.299255371094,1,765.304077148438,242.450805664062
0.1162109375,30.9226360321045,-894.303466796875,1,739.525573730469,273.851776123047
0.1162109375,30.9226722717285,-894.311218261719,1,745.608642578125,272.674987792969
0.11328125,30.9223003387451,-894.326293945312,1,749.946899414062,269.134002685547
0.115234375,30.9198703765869,-894.379333496094,1,760.687744140625,295.662780761719
0.1142578125,30.9144954681396,-894.488037109375,1,760.687744140625,295.662780761719
0.1123046875,30.9063205718994,-894.647155761719,1,748.997985839844,268.260314941406
0.11328125,30.8950691223145,-894.860046386719,1,755.868530273438,280.490081787109
0.115234375,30.8803787231445,-895.131591796875,1,753.794982910156,246.618957519531
0.1005859375,30.8647232055664,-895.414489746094,1,747.863159179688,247.790054321289
0.1005859375,30.846378326416,-895.738952636719,1,747.863159179688,247.790054321289
0.1171875,30.821533203125,-896.167663574219,1,744.906127929688,268.521850585938
0.1064453125,30.795618057251,-896.611328125,1,466.986419677734,422.050323486328
0.1064453125,30.7680244445801,-897.096618652344,1,536.816345214844,372.295715332031
0.1025390625,30.7407150268555,-897.609375,1,379.832458496094,450.359008789062
0.1015625,30.713888168335,-898.155578613281,1,362.515533447266,548.949829101562
0.1005859375,30.6874828338623,-898.745544433594,1,357.652130126953,558.132568359375
0.1044921875,30.6619529724121,-899.374877929688,1,634.43994140625,249.788635253906
0.1025390625,30.6403217315674,-899.972106933594,1,683.356140136719,359.432006835938
0.1005859375,30.6226596832275,-900.526123046875,1,695.621154785156,356.542297363281
0.115234375,30.6052722930908,-901.155395507812,1,696.853820800781,360.028900146484
0.1025390625,30.5919513702393,-901.71435546875,1,707.130432128906,354.388305664062
0.115234375,30.5796966552734,-902.327453613281,1,690.659790039062,347.4541015625
0.1005859375,30.5714015960693,-902.843383789062,1,670.856079101562,340.836181640625
0.1005859375,30.5647239685059,-903.355651855469,1,688.4990234375,359.842437744141
0.1142578125,30.5583915710449,-903.9296875,1,707.690673828125,366.18994140625
0.1005859375,30.5534267425537,-904.416442871094,1,710.980102539062,375.670227050781
0.1005859375,30.5479412078857,-904.888977050781,1,687.842468261719,462.692260742188
0.103515625,30.5415077209473,-905.357360839844,1,675.600463867188,546.024658203125
0.1005859375,30.5343914031982,-905.78955078125,1,682.940490722656,421.227508544922
0.1015625,30.5268421173096,-906.199584960938,1,593.355651855469,432.034912109375
0.1005859375,30.5201187133789,-906.573303222656,1,593.355651855469,432.034912109375
0.1015625,30.5151271820068,-906.916442871094,1,593.355651855469,432.034912109375
0.1171875,30.5123252868652,-907.275634765625,1,278.4384765625,455.018096923828
0.1005859375,30.5127220153809,-907.568542480469,1,277.065673828125,426.778656005859
0.1005859375,30.5154056549072,-907.864135742188,1,274.788848876953,425.71240234375
0.1015625,30.5200843811035,-908.164672851562,1,250.988540649414,524.066711425781
0.1044921875,30.5265789031982,-908.472961425781,1,115.678817749023,131.027130126953
0.103515625,30.53466796875,-908.781860351562,1,117.820472717285,288.844787597656
0.103515625,30.5447463989258,-909.106506347656,1,108.166130065918,259.633850097656
0.1005859375,30.5574932098389,-909.461242675781,1,176.67008972168,189.093383789062
0.1142578125,30.5768604278564,-909.918395996094,1,145.614608764648,574.336364746094
0.115234375,30.6039428710938,-910.432800292969,1,138.812255859375,677.695007324219
0.1142578125,30.6414813995361,-910.991882324219,1,217.844970703125,458.427642822266
0.107421875,30.6903419494629,-911.569458007812,1,202.718994140625,449.472137451172
0.1044921875,30.7549877166748,-912.179809570312,1,202.718994140625,449.472137451172
0.1171875,30.8540916442871,-912.910278320312,1,559.249206542969,457.254425048828
0.1162109375,30.9938697814941,-913.683776855469,1,597.873657226562,469.000183105469
0.1162109375,31.1842555999756,-914.479187011719,1,611.19775390625,497.998260498047
0.1005859375,31.390552520752,-915.155334472656,1,229.506698608398,551.919128417969
0.1044921875,31.647274017334,-915.836181640625,1,320.514617919922,402.267669677734
0.1005859375,31.9412040710449,-916.478942871094,1,298.257354736328,482.509674072266
0.115234375,32.335319519043,-917.203369140625,1,257.165893554688,527.599548339844
0.1005859375,32.7217559814453,-917.821105957031,1,335.000762939453,514.510437011719
0.1025390625,33.1603012084961,-918.451354980469,1,220.450897216797,221.734085083008
0.1044921875,33.6575698852539,-919.100463867188,1,245.351089477539,405.364135742188
0.109375,34.2374687194824,-919.785461425781,1,316.961730957031,413.068817138672
0.107421875,34.8693580627441,-920.456298828125,1,339.573608398438,400.677703857422
0.1083984375,35.5719146728516,-921.118774414062,1,359.647277832031,428.741760253906
0.11328125,36.3825073242188,-921.783508300781,1,441.693176269531,408.236145019531
0.111328125,37.2513008117676,-922.391235351562,1,436.791015625,490.257263183594
0.1083984375,38.173770904541,-922.9365234375,1,364.386688232422,343.204498291016
0.107421875,39.151611328125,-923.421142578125,1,359.36181640625,357.583709716797
0.109375,40.2016181945801,-923.849914550781,1,455.6640625,360.708862304688
0.1103515625,41.3190078735352,-924.215393066406,1,568.005065917969,284.004974365234
0.107421875,42.4651832580566,-924.5029296875,1,563.735412597656,307.274841308594
0.1103515625,43.6900939941406,-924.730895996094,1,563.735412597656,307.274841308594
0.1103515625,44.9607582092285,-924.9033203125,1,563.735412597656,307.274841308594
0.111328125,46.2871017456055,-925.050903320312,1,712.094848632812,311.517791748047
0.109375,47.6444473266602,-925.198181152344,1,792.125793457031,301.723510742188
0.109375,49.0524520874023,-925.369934082031,1,708.388916015625,363.558929443359
0.1103515625,50.5102500915527,-925.572875976562,1,705.174255371094,479.565826416016
0.1123046875,52.0409202575684,-925.794372558594,1,708.571960449219,456.026641845703
0.11328125,53.6458053588867,-926.010314941406,1,692.304748535156,593.705505371094
0.1171875,55.360710144043,-926.200866699219,1,713.278442382812,82.1087265014648
0.1201171875,57.1747970581055,-926.355773925781,1,711.448120117188,415.937835693359
0.1181640625,59.0153732299805,-926.473876953125,1,750.660034179688,357.863708496094
0.115234375,60.8727111816406,-926.567504882812,1,742.427307128906,334.180267333984
0.1162109375,62.7958526611328,-926.647583007812,1,742.427307128906,334.180267333984
0.115234375,64.7754669189453,-926.710998535156,1,742.427307128906,334.180267333984
0.115234375,66.793830871582,-926.745483398438,1,837.729614257812,318.574035644531
0.1162109375,68.8820266723633,-926.735656738281,1,818.928039550781,389.215911865234
0.1025390625,70.768684387207,-926.679443359375,1,834.318115234375,411.051208496094
0.1171875,72.9726028442383,-926.557373046875,1,849.939880371094,424.8916015625
0.1181640625,75.2256011962891,-926.384094238281,1,870.270324707031,416.593536376953
0.1123046875,77.4171752929688,-926.199096679688,1,880.544860839844,413.612823486328
0.1142578125,79.7033309936523,-926.02734375,1,880.544860839844,413.612823486328
0.1123046875,81.9931716918945,-925.904724121094,1,880.544860839844,413.612823486328
0.11328125,84.3411407470703,-925.850769042969,1,880.544860839844,413.612823486328
0.11328125,86.7420654296875,-925.879821777344,0,0,0
0.115234375,89.1982955932617,-925.993530273438,0,0,0
0.1142578125,91.6747360229492,-926.176818847656,0,0,0
0.11328125,94.1767501831055,-926.408386230469,1,747.716247558594,441.571044921875
0.11328125,96.7326583862305,-926.663024902344,1,761.190490722656,582.142578125
0.11328125,99.3087921142578,-926.901184082031,1,743.679870605469,337.356964111328
0.1103515625,101.867286682129,-927.087829589844,1,743.679870605469,337.356964111328
0.11328125,104.528877258301,-927.214172363281,1,742.353576660156,396.393463134766
0.1123046875,107.205932617188,-927.266906738281,1,835.607666015625,308.483245849609
0.11328125,109.966819763184,-927.24853515625,1,909.423278808594,277.656005859375
0.111328125,112.694374084473,-927.179260253906,1,764.682434082031,242.655395507812
0.111328125,115.494247436523,-927.080932617188,1,748.890502929688,112.182266235352
0.11328125,118.386306762695,-926.968139648438,1,763.484924316406,243.966110229492
0.1123046875,121.288078308105,-926.849914550781,1,755.55810546875,272.163299560547
0.1162109375,124.299346923828,-926.724182128906,1,864.508728027344,484.557342529297
0.1201171875,127.46257019043,-926.590515136719,1,855.698608398438,318.642395019531
0.1162109375,130.543762207031,-926.455444335938,1,843.263122558594,469.478088378906
0.11328125,133.57373046875,-926.322570800781,1,858.794494628906,445.413879394531
0.111328125,136.58447265625,-926.203735351562,1,772.60498046875,270.631591796875
0.11328125,139.659744262695,-926.102905273438,1,767.736511230469,263.740997314453
0.1103515625,142.70735168457,-926.021850585938,1,777.861083984375,205.9677734375
0.1162109375,145.929214477539,-925.952026367188,1,789.499938964844,183.182678222656
0.1142578125,149.096694946289,-925.894287109375,1,751.442016601562,127.658500671387
0.1123046875,152.281005859375,-925.839416503906,1,767.615844726562,237.465484619141
0.111328125,155.426895141602,-925.780639648438,1,784.445861816406,226.360366821289
0.1103515625,158.580596923828,-925.711547851562,1,784.69921875,225.192459106445
0.115234375,161.889373779297,-925.625427246094,1,873.602172851562,242.712921142578
0.1083984375,165.048126220703,-925.529541015625,1,894.907836914062,246.00325012207
0.1123046875,168.312118530273,-925.417541503906,1,850.269348144531,490.325653076172
0.1025390625,171.307250976562,-925.309631347656,1,851.167114257812,485.6533203125
0.119140625,174.836395263672,-925.198913574219,1,869.2236328125,483.895446777344
0.1044921875,177.955612182617,-925.142333984375,1,850.603881835938,469.764770507812
0.1162109375,181.436431884766,-925.145751953125,1,851.657409667969,470.449279785156
0.1162109375,184.916717529297,-925.2294921875,1,826.328674316406,477.203063964844
0.1162109375,188.451705932617,-925.39794921875,1,809.4404296875,482.842315673828
0.1005859375,191.508682250977,-925.593200683594,1,778.765869140625,482.410919189453
0.119140625,195.160751342773,-925.83740234375,1,786.838012695312,375.010528564453
0.10546875,198.390258789062,-926.013305664062,1,789.3486328125,501.157989501953
0.10546875,201.653198242188,-926.1201171875,1,808.341674804688,497.627075195312
0.1201171875,205.401641845703,-926.147338867188,1,868.65478515625,497.748596191406
0.119140625,209.142913818359,-926.096496582031,1,819.457214355469,450.031188964844
0.1171875,212.844757080078,-926.017211914062,1,828.726989746094,463.882873535156
0.1181640625,216.589538574219,-925.960571289062,1,830.157775878906,474.911376953125
0.1171875,220.31640625,-925.958923339844,1,832.330383300781,468.794219970703
0.115234375,223.999618530273,-926.000732421875,1,832.330383300781,468.794219970703
0.1171875,227.776123046875,-926.056213378906,1,834.114196777344,462.297393798828
0.119140625,231.596771240234,-926.094177246094,1,785.481384277344,469.34033203125
0.119140625,235.4228515625,-926.096069335938,1,876.979370117188,449.489105224609
0.1162109375,239.128128051758,-926.062316894531,1,878.603942871094,479.11669921875
0.1171875,242.832580566406,-926.008850097656,1,858.568054199219,471.121124267578
0.119140625,246.588958740234,-925.959167480469,1,859.085266113281,468.085113525391
0.115234375,250.230712890625,-925.933288574219,1,702.427795410156,283.553619384766
0.1162109375,253.911422729492,-925.933715820312,1,687.221435546875,291.027008056641
0.115234375,257.554168701172,-925.955993652344,1,353.772369384766,344.301055908203
0.115234375,261.240112304688,-925.98876953125,1,201.409957885742,444.662231445312
0.1162109375,264.978179931641,-926.013610839844,1,270.70263671875,343.59228515625
0.1181640625,268.803527832031,-926.010498046875,1,819.125305175781,488.835906982422
0.1015625,272.085296630859,-925.9775390625,1,793.677795410156,448.739013671875
0.1181640625,275.932739257812,-925.900817871094,1,796.277099609375,416.14892578125
0.119140625,279.832794189453,-925.783935546875,1,849.199096679688,458.769866943359
0.111328125,283.51611328125,-925.648742675781,1,873.505615234375,433.306030273438
0.111328125,287.162445068359,-925.519226074219,1,870.155212402344,457.646453857422
0.1103515625,290.832397460938,-925.42578125,1,853.047668457031,451.016845703125
0.111328125,294.530334472656,-925.388549804688,1,862.598266601562,464.380859375
0.111328125,298.235687255859,-925.415405273438,1,847.933349609375,465.018768310547
0.11328125,302.018127441406,-925.497924804688,1,836.741760253906,459.464172363281
0.1123046875,305.732086181641,-925.605651855469,1,851.713684082031,480.448089599609
0.1123046875,309.443572998047,-925.71142578125,1,834.559509277344,498.6728515625
0.111328125,313.159576416016,-925.798217773438,1,822.577697753906,514.025634765625
0.1142578125,316.965972900391,-925.862731933594,1,839.595886230469,512.831237792969
0.111328125,320.675872802734,-925.910705566406,1,821.942443847656,507.149169921875
0.1123046875,324.463897705078,-925.960388183594,1,819.539123535156,504.678375244141
0.11328125,328.3017578125,-926.023803710938,1,825.627319335938,507.000091552734
0.1171875,332.277252197266,-926.108947753906,1,806.256286621094,490.314849853516
0.115234375,336.213012695312,-926.211486816406,1,788.664855957031,426.325103759766
0.1181640625,340.246520996094,-926.328308105469,1,799.20458984375,436.352325439453
0.1123046875,344.101226806641,-926.440063476562,1,797.700439453125,424.961273193359
0.11328125,347.992828369141,-926.541687011719,1,823.157653808594,462.850036621094
0.1123046875,351.835662841797,-926.622924804688,1,821.5146484375,492.918182373047
0.109375,355.609497070312,-926.68115234375,1,842.312255859375,503.425628662109
0.109375,359.345550537109,-926.718200683594,1,833.164855957031,488.668670654297
0.1142578125,363.238342285156,-926.736389160156,1,834.076477050781,478.584106445312
0.109375,366.938873291016,-926.739685058594,1,841.046813964844,457.081329345703
0.1103515625,370.611114501953,-926.739318847656,1,832.736328125,454.025054931641
0.1083984375,374.250152587891,-926.744567871094,1,850.713745117188,469.491149902344
0.1103515625,377.895385742188,-926.762023925781,1,846.741027832031,463.254455566406
0.1083984375,381.455963134766,-926.791320800781,1,867.105590820312,452.802947998047
0.109375,384.996551513672,-926.828308105469,1,751.224243164062,263.544464111328
0.107421875,388.42919921875,-926.863098144531,1,742.140686035156,278.788970947266
0.1103515625,391.859954833984,-926.875183105469,1,786.512939453125,263.009429931641
0.1083984375,395.147216796875,-926.842834472656,1,789.287902832031,263.197814941406
0.1103515625,398.396728515625,-926.750793457031,1,835.280456542969,409.750701904297
0.1103515625,401.569610595703,-926.59765625,1,878.574890136719,467.707977294922
0.1103515625,404.667755126953,-926.397399902344,1,900.544799804688,468.108978271484
0.1083984375,407.595855712891,-926.192565917969,1,865.508483886719,464.115356445312
0.109375,410.473876953125,-926.011962890625,1,865.779663085938,478.112670898438
0.109375,413.279937744141,-925.879211425781,1,851.250244140625,461.667358398438
0.109375,415.984619140625,-925.798522949219,1,871.199401855469,466.791625976562
0.1064453125,418.548919677734,-925.754455566406,1,850.674499511719,476.123657226562
0.111328125,421.134490966797,-925.724914550781,1,851.958190917969,481.726867675781
0.1142578125,423.7041015625,-925.695190429688,1,848.859130859375,458.852783203125
0.1142578125,426.199462890625,-925.661071777344,1,816.65478515625,434.756286621094
0.115234375,428.612365722656,-925.635498046875,1,774.786926269531,235.671112060547
0.1181640625,431.016967773438,-925.635437011719,1,776.938049316406,242.90217590332
0.1171875,433.303649902344,-925.66845703125,1,780.49462890625,249.303359985352
0.11328125,435.432098388672,-925.724365234375,1,830.085021972656,470.140228271484
0.1083984375,437.397583007812,-925.786193847656,1,833.85546875,467.442687988281
0.107421875,439.293762207031,-925.842468261719,1,841.13671875,473.456024169922
0.1083984375,441.118041992188,-925.883544921875,1,811.988952636719,402.792633056641
0.1083984375,442.860992431641,-925.907165527344,1,765.236999511719,293.960479736328
0.1064453125,444.469329833984,-925.918762207031,1,778.983520507812,241.502777099609
0.1103515625,446.060241699219,-925.926086425781,1,774.955993652344,254.238739013672
0.111328125,447.536041259766,-925.933349609375,1,776.218688964844,251.146728515625
0.107421875,448.8515625,-925.941284179688,1,797.928039550781,359.388214111328
0.1064453125,450.045471191406,-925.948486328125,1,820.028991699219,472.13818359375
0.1083984375,451.143035888672,-925.952880859375,1,827.739501953125,461.063415527344
0.1064453125,452.111114501953,-925.9521484375,1,821.391784667969,457.599151611328
0.1064453125,452.982513427734,-925.94580078125,1,760.762023925781,406.669647216797
0.1064453125,453.739410400391,-925.935974121094,1,780.096984863281,315.298614501953
0.103515625,454.378204345703,-925.92578125,1,798.823913574219,240.727096557617
0.1064453125,454.922302246094,-925.917297363281,1,788.694641113281,225.892974853516
0.10546875,455.361785888672,-925.912048339844,1,795.061584472656,230.446212768555
0.1025390625,455.690338134766,-925.909790039062,1,759.324340820312,304.548278808594
0.1044921875,455.944305419922,-925.909545898438,1,763.094177246094,299.539306640625
0.1025390625,456.123596191406,-925.91015625,1,805.506408691406,177.951141357422
0.1044921875,456.239318847656,-925.910400390625,1,784.332214355469,112.089515686035
0.1015625,456.288299560547,-925.910217285156,1,799.063110351562,306.38916015625
0.107421875,456.291748046875,-925.909729003906,1,806.9609375,199.353302001953
0.1064453125,456.283966064453,-925.908996582031,1,785.773010253906,280.191497802734
0.10546875,456.277160644531,-925.908264160156,1,780.404602050781,292.841217041016
0.1025390625,456.275573730469,-925.908020019531,1,794.602111816406,300.6337890625
0.103515625,456.278076171875,-925.908142089844,1,803.482849121094,310.896759033203
0.1064453125,456.282928466797,-925.908325195312,1,837.54345703125,430.659362792969
0.109375,456.289093017578,-925.908508300781,1,742.045166015625,434.306579589844
0.1064453125,456.296539306641,-925.908569335938,1,367.001617431641,369.997467041016
0.107421875,456.309722900391,-925.908508300781,1,246.2119140625,354.531677246094
0.1064453125,456.352294921875,-925.908020019531,1,242.404678344727,325.226196289062
0.1083984375,456.445037841797,-925.907104492188,1,715.832092285156,386.948638916016
0.10546875,456.584106445312,-925.905944824219,1,704.886535644531,376.121704101562
0.1083984375,456.773193359375,-925.904357910156,1,699.704284667969,371.110046386719
0.1083984375,457.010223388672,-925.902526855469,1,706.582885742188,380.942993164062
0.1103515625,457.305145263672,-925.900146484375,1,722.431640625,380.397521972656
0.1064453125,457.636169433594,-925.8974609375,1,469.465637207031,389.367858886719
0.10546875,458.009490966797,-925.894897460938,1,469.465637207031,389.367858886719
0.10546875,458.427398681641,-925.892883300781,1,469.465637207031,389.367858886719
0.1044921875,458.890808105469,-925.89208984375,1,469.465637207031,389.367858886719
0.1015625,459.381713867188,-925.893005371094,1,469.465637207031,389.367858886719
0.1064453125,459.939697265625,-925.895812988281,0,0,0
0.1044921875,460.533721923828,-925.901000976562,0,0,0
0.1044921875,461.173126220703,-925.90869140625,0,0,0
0.1083984375,461.884765625,-925.918762207031,0,0,0
0.107421875,462.634368896484,-925.930053710938,0,0,0
0.103515625,463.401947021484,-925.940979003906,0,0,0
0.1044921875,464.22265625,-925.94970703125,0,0,0
0.1015625,465.066619873047,-925.95361328125,0,0,0
0.1015625,465.949157714844,-925.950134277344,1,672.214172363281,427.166076660156
0.1025390625,466.886474609375,-925.936462402344,1,341.459564208984,424.680145263672
0.103515625,467.875915527344,-925.9091796875,1,318.525115966797,535.212219238281
0.1015625,468.884552001953,-925.864929199219,1,347.328094482422,533.200073242188
0.1025390625,469.951324462891,-925.79638671875,1,347.328094482422,533.200073242188
0.1025390625,471.056945800781,-925.696105957031,1,347.328094482422,533.200073242188
0.109375,472.282073974609,-925.538452148438,1,255.790618896484,427.08056640625
0.103515625,473.447509765625,-925.327575683594,1,265.311553955078,439.215270996094
0.1162109375,474.767822265625,-924.999206542969,1,301.480102539062,335.515960693359
0.1162109375,476.059600830078,-924.561340332031,1,301.480102539062,335.515960693359
0.1142578125,477.269012451172,-924.018615722656,1,332.437683105469,459.937377929688
0.1103515625,478.370513916016,-923.38525390625,1,434.438140869141,474.095642089844
0.1083984375,479.367340087891,-922.671020507812,1,450.695373535156,346.215850830078
0.11328125,480.319458007812,-921.838928222656,1,542.575256347656,308.944732666016
0.1162109375,481.187377929688,-920.913452148438,1,586.514953613281,350.201446533203
0.10546875,481.884552001953,-920.013732910156,1,638.878967285156,332.475769042969
0.1083984375,482.513824462891,-919.037231445312,1,576.028686523438,358.764617919922
0.1142578125,483.090942382812,-917.972106933594,1,658.242492675781,203.633911132812
0.111328125,483.582763671875,-916.904174804688,1,658.242492675781,203.633911132812
0.11328125,484.019378662109,-915.810607910156,1,658.242492675781,203.633911132812
0.1103515625,484.404235839844,-914.734130859375,1,658.242492675781,203.633911132812
0.109375,484.758422851562,-913.652526855469,0,0,0
0.1123046875,485.101989746094,-912.528259277344,1,609.463806152344,522.452514648438
0.1142578125,485.436492919922,-911.344665527344,1,611.657653808594,514.921691894531
0.1123046875,485.737976074219,-910.155029296875,1,611.657653808594,514.921691894531
0.1142578125,486.004669189453,-908.913879394531,1,611.657653808594,514.921691894531
0.1162109375,486.223846435547,-907.602355957031,1,611.657653808594,514.921691894531
0.115234375,486.380157470703,-906.276977539062,0,0,0
0.1123046875,486.485565185547,-904.9365234375,0,0,0
0.115234375,486.558227539062,-903.5244140625,0,0,0
0.11328125,486.608795166016,-902.098815917969,0,0,0
0.1162109375,486.651275634766,-900.589477539062,0,0,0
0.115234375,486.689514160156,-899.042419433594,1,814.077270507812,316.662902832031
0.1123046875,486.723785400391,-897.484313964844,1,828.67236328125,417.718811035156
0.111328125,486.753082275391,-895.888427734375,1,825.5107421875,413.677459716797
0.107421875,486.778045654297,-894.288146972656,1,844.971862792969,412.532775878906
0.107421875,486.803558349609,-892.6484375,1,808.710388183594,452.743133544922
0.111328125,486.835357666016,-890.908447265625,1,805.076110839844,443.406219482422
0.11328125,486.877655029297,-889.077880859375,1,788.642944335938,451.953369140625
0.1103515625,486.930419921875,-887.231567382812,1,791.413879394531,448.988342285156
0.11328125,486.992889404297,-885.293029785156,1,775.285705566406,458.533874511719
0.1025390625,487.049407958984,-883.475830078125,1,773.834777832031,450.677459716797
0.1181640625,487.101440429688,-881.333374023438,1,789.670532226562,475.343780517578
0.1142578125,487.130310058594,-879.22802734375,1,825.072265625,473.505401611328
0.111328125,487.137512207031,-877.155639648438,1,833.617797851562,462.272796630859
0.115234375,487.126068115234,-874.997619628906,1,836.400024414062,452.330322265625
0.11328125,487.10400390625,-872.876342773438,1,836.1005859375,449.765350341797
0.115234375,487.080017089844,-870.725708007812,1,839.944885253906,452.063720703125
0.115234375,487.0595703125,-868.590026855469,1,840.023620605469,431.80078125
0.1171875,487.043853759766,-866.448913574219,1,849.216491699219,440.638092041016
0.1103515625,487.031860351562,-864.423645019531,1,865.679443359375,461.396179199219
0.1123046875,487.020355224609,-862.390380859375,1,868.283142089844,450.378662109375
0.1142578125,487.005981445312,-860.334838867188,1,873.260009765625,461.283203125
0.11328125,486.982727050781,-858.310546875,1,962.803649902344,435.399749755859
0.1103515625,486.947143554688,-856.352966308594,1,979.265869140625,429.5400390625
0.111328125,486.897216796875,-854.436645507812,1,993.481567382812,439.310791015625
0.1103515625,486.833221435547,-852.574462890625,1,995.177551269531,421.146392822266
0.111328125,486.757263183594,-850.785339355469,1,1067.10266113281,408.335418701172
0.1201171875,486.665985107422,-848.937866210938,1,1075.27453613281,439.616577148438
0.119140625,486.573028564453,-847.184448242188,1,1072.56018066406,436.062133789062
0.1162109375,486.488677978516,-845.559997558594,1,1069.14794921875,407.254943847656
0.1162109375,486.416931152344,-844.02001953125,1,951.442321777344,442.384582519531
0.1171875,486.361022949219,-842.558776855469,1,963.810485839844,451.225372314453
0.103515625,486.325012207031,-841.33154296875,1,1247.75024414062,170.812149047852
0.1005859375,486.301208496094,-840.227478027344,1,1247.54125976562,167.430877685547
0.115234375,486.283264160156,-839.043701171875,1,1206.826171875,237.920974731445
0.1162109375,486.270446777344,-837.935424804688,1,1072.8525390625,488.737243652344
0.1171875,486.258819580078,-836.911071777344,1,1031.06115722656,465.704010009766
0.115234375,486.248779296875,-835.953002929688,1,958.199523925781,470.334228515625
0.115234375,486.24462890625,-835.072265625,1,937.4521484375,456.985198974609
0.11328125,486.250244140625,-834.273864746094,1,958.566223144531,328.255859375
0.115234375,486.269653320312,-833.531188964844,1,958.566223144531,328.255859375
0.1171875,486.306823730469,-832.814636230469,1,958.566223144531,328.255859375
0.1162109375,486.359344482422,-832.140380859375,1,958.566223144531,328.255859375
0.1181640625,486.423400878906,-831.493225097656,1,958.566223144531,328.255859375
0.1181640625,486.491973876953,-830.88916015625,0,0,0
0.1181640625,486.562957763672,-830.308715820312,0,0,0
0.119140625,486.638610839844,-829.72412109375,0,0,0
0.1181640625,486.723083496094,-829.117492675781,0,0,0
0.1015625,486.808990478516,-828.549377441406,0,0,0
0.1201171875,486.92626953125,-827.834533691406,1,698.102294921875,380.344390869141
0.1201171875,487.060424804688,-827.060791015625,1,734.067932128906,224.172836303711
0.10546875,487.187713623047,-826.336364746094,1,800.876403808594,328.004699707031
0.1015625,487.316864013672,-825.599731445312,1,777.037963867188,349.044799804688
0.119140625,487.468658447266,-824.727294921875,1,619.819946289062,398.177062988281
0.109375,487.595062255859,-823.977844238281,1,643.63427734375,413.869049072266
0.103515625,487.707977294922,-823.27880859375,1,660.346557617188,308.210357666016
0.1044921875,487.819061279297,-822.573059082031,1,598.709411621094,434.084777832031
0.1015625,487.925537109375,-821.88330078125,1,617.242126464844,411.627105712891
0.1201171875,488.050201416016,-821.060241699219,1,635.702026367188,414.948760986328
0.1005859375,488.158966064453,-820.324096679688,1,646.843017578125,386.919097900391
0.1015625,488.269073486328,-819.547241210938,1,635.000183105469,409.152648925781
0.119140625,488.388336181641,-818.631103515625,1,650.45361328125,399.4091796875
0.10546875,488.473541259766,-817.869934082031,1,628.847534179688,431.465393066406
0.1044921875,488.541809082031,-817.131286621094,1,617.92333984375,454.083770751953
0.1171875,488.602722167969,-816.298034667969,1,647.128601074219,442.175109863281
0.1015625,488.640167236328,-815.616394042969,1,674.791381835938,421.081176757812
0.1015625,488.665283203125,-814.973937988281,1,697.889099121094,460.550476074219
0.1181640625,488.682678222656,-814.285034179688,1,733.949462890625,449.817718505859
0.1171875,488.691955566406,-813.66259765625,1,791.457397460938,427.752349853516
0.119140625,488.695953369141,-813.131713867188,1,864.227478027344,442.917999267578
0.1015625,488.696838378906,-812.755432128906,1,893.845397949219,435.916442871094
0.1171875,488.696716308594,-812.412170410156,1,967.70947265625,422.473510742188
0.1005859375,488.696380615234,-812.194763183594,1,996.680908203125,415.527160644531
0.1181640625,488.695983886719,-812.017333984375,1,1002.16052246094,272.674865722656
0.1181640625,488.69580078125,-811.922119140625,1,1014.38842773438,178.884292602539
0.1005859375,488.695831298828,-811.902221679688,1,1819.541015625,331.664306640625
0.1171875,488.696075439453,-811.907287597656,1,1801.68908691406,356.152435302734
0.1171875,488.696411132812,-811.915649414062,1,1801.68908691406,356.152435302734
0.115234375,488.696563720703,-811.918640136719,1,1801.68908691406,356.152435302734
0.1142578125,488.696594238281,-811.916320800781,1,1801.68908691406,356.152435302734
0.1005859375,488.696563720703,-811.911926269531,1,815.196105957031,217.970352172852
0.1142578125,488.696472167969,-811.905578613281,1,398.686248779297,228.373336791992
0.11328125,488.696411132812,-811.897766113281,1,358.464508056641,316.228790283203
0.1103515625,488.696563720703,-811.887817382812,1,359.404754638672,347.611053466797
0.1142578125,488.696746826172,-811.87255859375,1,305.560638427734,366.137359619141
0.115234375,488.697265625,-811.831604003906,1,760.71044921875,240.077209472656
0.1162109375,488.698333740234,-811.734619140625,1,776.580017089844,293.312652587891
0.11328125,488.699890136719,-811.585571289062,1,762.754211425781,345.412567138672
0.11328125,488.702026367188,-811.382629394531,1,791.601989746094,389.715393066406
0.1123046875,488.704406738281,-811.129211425781,1,803.466125488281,406.100616455078
0.1171875,488.707092285156,-810.810729980469,1,882.691528320312,590.41259765625
0.11328125,488.7099609375,-810.446960449219,1,879.069580078125,589.77880859375
0.1123046875,488.713470458984,-810.032775878906,1,850.743286132812,575.697998046875
0.1123046875,488.718048095703,-809.565795898438,1,839.011535644531,590.89306640625
0.11328125,488.723846435547,-809.041748046875,1,797.499877929688,585.432556152344
0.11328125,488.730895996094,-808.467163085938,1,835.187561035156,546.505432128906
0.1142578125,488.739440917969,-807.832763671875,1,821.741760253906,575.110534667969
0.1123046875,488.748962402344,-807.161193847656,1,799.820739746094,560.726196289062
0.11328125,488.759094238281,-806.426696777344,1,815.787536621094,552.90625
0.1005859375,488.767578125,-805.733581542969,1,784.650756835938,570.317321777344
0.1162109375,488.776123046875,-804.88037109375,1,830.272216796875,546.617797851562
0.11328125,488.782684326172,-803.996154785156,1,836.94482421875,548.265441894531
0.109375,488.787017822266,-803.090270996094,1,827.624572753906,545.874938964844
0.111328125,488.788787841797,-802.114013671875,1,842.755310058594,517.059631347656
0.111328125,488.787414550781,-801.091918945312,1,843.483825683594,504.028625488281
0.109375,488.783416748047,-800.0322265625,1,841.875061035156,480.502075195312
0.109375,488.777770996094,-798.93017578125,1,847.622619628906,471.030822753906
0.111328125,488.771148681641,-797.75244140625,1,843.6357421875,382.306793212891
0.111328125,488.764343261719,-796.529724121094,1,813.904418945312,227.149185180664
0.1103515625,488.757446289062,-795.257385253906,1,816.766662597656,412.517822265625
0.1103515625,488.750274658203,-793.940612792969,1,832.536804199219,418.286346435547
0.11328125,488.742095947266,-792.531311035156,1,831.356689453125,423.229156494141
0.11328125,488.732696533203,-791.083190917969,1,414.889312744141,382.479827880859
0.1123046875,488.722106933594,-789.585632324219,1,411.355285644531,380.149810791016
0.1142578125,488.710327148438,-788.005493164062,1,298.982696533203,343.082153320312
0.1171875,488.697509765625,-786.327758789062,1,306.058013916016,335.382202148438
0.1171875,488.683776855469,-784.596374511719,1,796.396789550781,348.927520751953
0.1005859375,488.670196533203,-783.068298339844,1,763.988159179688,335.819763183594
0.1181640625,488.650360107422,-781.208679199219,1,784.986572265625,263.694244384766
0.1181640625,488.624969482422,-779.298400878906,1,756.96337890625,220.39990234375
0.115234375,488.59326171875,-777.37353515625,1,764.395690917969,237.598785400391
0.1201171875,488.552032470703,-775.290588378906,1,838.484375,427.40087890625
0.1005859375,488.514556884766,-773.523559570312,1,853.008544921875,460.280609130859
0.119140625,488.475280761719,-771.377014160156,1,838.546508789062,460.019195556641
0.115234375,488.449829101562,-769.255187988281,1,844.3935546875,460.06494140625
0.115234375,488.43701171875,-767.107421875,1,860.775390625,469.25146484375
0.1162109375,488.432281494141,-764.91552734375,1,849.731811523438,481.442932128906
0.1201171875,488.429718017578,-762.618469238281,1,837.765197753906,464.902191162109
0.1171875,488.424652099609,-760.345764160156,1,823.035705566406,463.898620605469
0.1171875,488.416412353516,-758.106506347656,1,835.490112304688,464.720245361328
0.1181640625,488.408660888672,-755.850341796875,1,751.084899902344,416.411102294922
0.1162109375,488.406036376953,-753.644287109375,1,721.674072265625,430.749877929688
0.1181640625,488.411682128906,-751.440063476562,1,798.625366210938,447.489074707031
0.1025390625,488.42431640625,-749.530883789062,1,860.677062988281,461.63525390625
0.1015625,488.443511962891,-747.639709472656,1,839.55126953125,471.782318115234
0.1025390625,488.468536376953,-745.741333007812,1,829.084228515625,468.912872314453
0.1171875,488.502319335938,-743.597106933594,1,826.110229492188,475.758972167969
0.1171875,488.539306640625,-741.478820800781,1,815.105712890625,483.730651855469
0.119140625,488.578063964844,-739.317565917969,1,816.496826171875,479.090484619141
0.1201171875,488.615234375,-737.180053710938,1,818.582214355469,482.223052978516
0.1005859375,488.643188476562,-735.401000976562,1,809.208251953125,470.044158935547
0.1025390625,488.666625976562,-733.614135742188,1,817.336608886719,477.544403076172
0.119140625,488.686004638672,-731.555297851562,1,794.342102050781,403.818725585938
0.111328125,488.696563720703,-729.673522949219,1,762.091430664062,306.806274414062
0.1083984375,488.702117919922,-727.881591796875,1,763.306823730469,280.084106445312
0.1064453125,488.706451416016,-726.180603027344,1,772.005004882812,298.531616210938
0.1064453125,488.712768554688,-724.547180175781,1,757.491333007812,259.578460693359
0.103515625,488.72216796875,-723.006958007812,1,757.569458007812,257.885925292969
0.1044921875,488.735290527344,-721.527221679688,1,764.206665039062,277.789611816406
0.1083984375,488.751953125,-720.069030761719,1,770.636779785156,276.037048339844
0.111328125,488.771301269531,-718.619873046875,1,833.203979492188,470.349182128906
0.109375,488.790161132812,-717.285522460938,1,834.541687011719,578.430969238281
0.109375,488.806518554688,-716.037292480469,1,810.933166503906,334.891052246094
0.109375,488.818420410156,-714.857238769531,1,787.643981933594,447.697052001953
0.111328125,488.825653076172,-713.739990234375,1,790.474304199219,406.569183349609
0.107421875,488.829193115234,-712.734985351562,1,831.102355957031,432.06396484375
0.107421875,488.830810546875,-711.780944824219,1,841.665344238281,433.141418457031
0.10546875,488.832824707031,-710.888427734375,1,839.87353515625,344.130950927734
0.1064453125,488.837951660156,-710.045227050781,1,843.748168945312,471.378784179688
0.1064453125,488.847137451172,-709.250915527344,1,824.757507324219,478.391906738281
0.111328125,488.859649658203,-708.480407714844,1,835.758728027344,472.553436279297
0.1064453125,488.872131347656,-707.806335449219,1,821.655700683594,180.799011230469
0.1103515625,488.883941650391,-707.170837402344,1,806.250366210938,477.584442138672
0.107421875,488.893341064453,-706.621398925781,1,801.96484375,467.029571533203
0.123046875,488.901641845703,-706.056457519531,1,820.28271484375,447.734527587891
0.1015625,488.907104492188,-705.641784667969,1,826.092346191406,451.450988769531
0.1025390625,488.912109375,-705.26416015625,1,830.310913085938,459.203002929688
0.11328125,488.917663574219,-704.882934570312,1,730.636291503906,411.820892333984
0.109375,488.923034667969,-704.560119628906,1,744.943298339844,412.043060302734
0.1083984375,488.928131103516,-704.280456542969,1,730.199951171875,410.682464599609
0.1064453125,488.932739257812,-704.044860839844,1,774.209045410156,207.528503417969
0.111328125,488.936614990234,-703.8408203125,1,807.808044433594,-132.857055664062
0.111328125,488.939453125,-703.677307128906,1,807.808044433594,-132.857055664062
0.107421875,488.941467285156,-703.555786132812,1,807.808044433594,-132.857055664062
0.109375,488.942626953125,-703.470520019531,1,807.808044433594,-132.857055664062
0.1162109375,488.943206787109,-703.420837402344,0,0,0
0.11328125,488.943267822266,-703.409362792969,0,0,0
0.107421875,488.943237304688,-703.412414550781,0,0,0
0.10546875,488.943237304688,-703.416748046875,0,0,0
0.1083984375,488.943298339844,-703.418640136719,0,0,0
0.107421875,488.943359375,-703.417907714844,0,0,0
0.1123046875,488.943328857422,-703.416198730469,0,0,0
0.111328125,488.943328857422,-703.415283203125,0,0,0
0.1083984375,488.943298339844,-703.415344238281,0,0,0
0.1064453125,488.943267822266,-703.416076660156,0,0,0
0.1064453125,488.943267822266,-703.416442871094,0,0,0
0.1083984375,488.943267822266,-703.416442871094,0,0,0
0.11328125,488.943298339844,-703.416320800781,0,0,0
0.10546875,488.943298339844,-703.416259765625,0,0,0
0.1103515625,488.943298339844,-703.416198730469,0,0,0
0.11328125,488.943298339844,-703.416259765625,0,0,0
0.1083984375,488.943298339844,-703.416320800781,0,0,0
0.111328125,488.943298339844,-703.416320800781,0,0,0
0.1083984375,488.943298339844,-703.416320800781,0,0,0
0.109375,488.943298339844,-703.416259765625,0,0,0
0.1064453125,488.943298339844,-703.416259765625,0,0,0
0.10546875,488.943298339844,-703.416259765625,1,1392.01928710938,414.07568359375
0.107421875,488.943298339844,-703.416320800781,1,1383.84802246094,425.01708984375
0.1123046875,488.943298339844,-703.416320800781,1,1383.84802246094,425.01708984375
0.1064453125,488.943298339844,-703.416320800781,1,1383.84802246094,425.01708984375
0.1044921875,488.943328857422,-703.416320800781,1,851.52685546875,395.412750244141
0.103515625,488.943298339844,-703.416259765625,1,849.14892578125,369.598419189453
0.10546875,488.943267822266,-703.416259765625,1,852.414428710938,367.787109375
0.109375,488.943298339844,-703.416320800781,1,838.278259277344,344.165435791016
0.1083984375,488.943298339844,-703.416320800781,1,926.539367675781,35.9130783081055
0.10546875,488.943298339844,-703.416320800781,1,926.539367675781,35.9130783081055
0.1044921875,488.943298339844,-703.416320800781,1,794.824035644531,194.23454284668
0.10546875,488.943298339844,-703.416320800781,1,257.964569091797,398.922576904297
0.107421875,488.943298339844,-703.416320800781,1,252.154769897461,423.544036865234
0.1064453125,488.943298339844,-703.416320800781,1,283.425048828125,424.574920654297
0.103515625,488.943298339844,-703.416320800781,1,-3.73027348518372,664.720886230469
0.10546875,488.943298339844,-703.416320800781,1,-25.0195617675781,296.311218261719
0.1064453125,488.943298339844,-703.416320800781,1,-25.0195617675781,296.311218261719
0.1064453125,488.943298339844,-703.416320800781,1,-25.0195617675781,296.311218261719
0.1064453125,488.943298339844,-703.416320800781,1,-25.0195617675781,296.311218261719
0.1044921875,488.943298339844,-703.416320800781,1,-25.0195617675781,296.311218261719
0.1064453125,488.943298339844,-703.416320800781,0,0,0
0.1025390625,488.943298339844,-703.416320800781,0,0,0
0.1064453125,488.943298339844,-703.416320800781,0,0,0
0.109375,488.943298339844,-703.416320800781,0,0,0
0.1044921875,488.943298339844,-703.416320800781,0,0,0
0.103515625,488.943267822266,-703.416259765625,0,0,0
0.103515625,488.943267822266,-703.416259765625,0,0,0
0.1044921875,488.943298339844,-703.416320800781,0,0,0
0.1025390625,488.943298339844,-703.416320800781,0,0,0
0.103515625,488.943298339844,-703.416320800781,0,0,0
0.103515625,488.943298339844,-703.416320800781,0,0,0
0.1064453125,488.943267822266,-703.416320800781,0,0,0
0.1064453125,488.943298339844,-703.415344238281,0,0,0
0.103515625,488.943298339844,-703.412292480469,0,0,0
0.103515625,488.943298339844,-703.407043457031,0,0,0
0.1015625,488.943420410156,-703.399658203125,0,0,0
0.103515625,488.943572998047,-703.390014648438,0,0,0
0.103515625,488.943725585938,-703.378295898438,0,0,0
0.1083984375,488.943908691406,-703.36328125,1,828.395141601562,366.410919189453
0.10546875,488.944213867188,-703.335754394531,1,843.459594726562,256.269287109375
0.109375,488.945007324219,-703.265075683594,1,843.459594726562,256.269287109375
0.107421875,488.946472167969,-703.145874023438,1,853.074340820312,384.032073974609
0.1083984375,488.948425292969,-702.978393554688,1,801.299377441406,482.959533691406
0.103515625,488.950836181641,-702.771240234375,1,796.825561523438,514.50927734375
0.103515625,488.953948974609,-702.522094726562,1,784.007141113281,561.36669921875
0.103515625,488.958465576172,-702.227355957031,1,784.007141113281,561.36669921875
0.1015625,488.964874267578,-701.895751953125,1,784.007141113281,561.36669921875
0.1044921875,488.973266601562,-701.509094238281,1,784.007141113281,561.36669921875
0.1025390625,488.982604980469,-701.088623046875,1,784.007141113281,561.36669921875
0.1005859375,488.992858886719,-700.630615234375,0,0,0
0.1044921875,489.004455566406,-700.113891601562,0,0,0
0.103515625,489.016876220703,-699.558532714844,1,790.036376953125,443.2001953125
0.1015625,489.029968261719,-698.970458984375,1,457.004119873047,382.392852783203
0.1025390625,489.043121337891,-698.340148925781,1,457.173614501953,372.746520996094
0.10546875,489.054016113281,-697.694519042969,1,457.173614501953,372.746520996094
0.10546875,489.061218261719,-697.080444335938,1,856.017517089844,561.053161621094
0.10546875,489.063842773438,-696.485778808594,1,868.558410644531,545.033447265625
0.11328125,489.058227539062,-695.846435546875,1,868.558410644531,545.033447265625
0.10546875,489.040588378906,-695.255859375,1,868.558410644531,545.033447265625
0.1015625,489.009155273438,-694.707580566406,1,868.558410644531,545.033447265625
0.107421875,488.960357666016,-694.140014648438,1,868.558410644531,545.033447265625
0.115234375,488.890808105469,-693.527465820312,0,0,0
0.1044921875,488.816925048828,-692.987182617188,0,0,0
0.107421875,488.736145019531,-692.448303222656,0,0,0
0.10546875,488.652679443359,-691.921691894531,0,0,0
0.10546875,488.566284179688,-691.404113769531,0,0,0
0.103515625,488.478424072266,-690.905090332031,0,0,0
0.1015625,488.387512207031,-690.423461914062,0,0,0
0.1015625,488.291320800781,-689.950744628906,0,0,0
0.109375,488.184295654297,-689.452514648438,1,1014.39147949219,467.398956298828
0.107421875,488.080993652344,-688.96875,1,1049.28454589844,441.828338623047
0.1064453125,487.98486328125,-688.492858886719,1,1093.98413085938,645.826232910156
0.1025390625,487.902160644531,-688.043151855469,1,1048.05114746094,341.339874267578
0.1025390625,487.829132080078,-687.595336914062,1,1048.05114746094,341.339874267578
0.10546875,487.765686035156,-687.141662597656,1,1048.05114746094,341.339874267578
0.10546875,487.714294433594,-686.695617675781,1,1130.18969726562,629.247497558594
0.1044921875,487.673553466797,-686.257629394531,1,1076.51110839844,513.307678222656
0.1044921875,487.641448974609,-685.826110839844,1,1076.51110839844,513.307678222656
0.103515625,487.616241455078,-685.403564453125,1,1076.51110839844,513.307678222656
0.103515625,487.596252441406,-684.985778808594,1,1076.51110839844,513.307678222656
0.10546875,487.581085205078,-684.568603515625,1,1076.51110839844,513.307678222656
0.10546875,487.570953369141,-684.159118652344,0,0,0
0.103515625,487.566284179688,-683.760437011719,0,0,0
0.1044921875,487.568115234375,-683.362915039062,1,1059.68908691406,619.399230957031
0.1064453125,487.577239990234,-682.968566894531,1,1031.41674804688,597.230834960938
0.10546875,487.593780517578,-682.580688476562,1,1035.44958496094,607.916320800781
0.1044921875,487.616851806641,-682.201965332031,1,1035.44958496094,607.916320800781
0.1064453125,487.644561767578,-681.822082519531,1,1035.44958496094,607.916320800781
0.111328125,487.675476074219,-681.428344726562,1,1035.44958496094,607.916320800781
0.1142578125,487.706665039062,-681.0244140625,1,1035.44958496094,607.916320800781
0.1142578125,487.736480712891,-680.617431640625,1,940.881408691406,738.428833007812
0.1103515625,487.764312744141,-680.218933105469,1,957.506286621094,737.339294433594
0.107421875,487.792205810547,-679.815490722656,1,838.877014160156,747.939086914062
0.103515625,487.820251464844,-679.412109375,1,809.07421875,728.527160644531
0.1201171875,487.855590820312,-678.921752929688,1,842.275756835938,794.544555664062
0.1005859375,487.887786865234,-678.491394042969,1,803.378112792969,631.351379394531
0.119140625,487.929351806641,-677.948669433594,1,787.287475585938,677.323608398438
0.119140625,487.974243164062,-677.365234375,1,765.23486328125,659.634521484375
0.103515625,488.017059326172,-676.809753417969,1,777.196960449219,614.981018066406
0.103515625,488.064727783203,-676.208679199219,1,777.196960449219,614.981018066406
0.1005859375,488.115997314453,-675.589477539062,1,777.196960449219,614.981018066406
0.1181640625,488.182952880859,-674.810424804688,1,777.196960449219,614.981018066406
0.1005859375,488.244506835938,-674.106750488281,1,777.196960449219,614.981018066406
0.1181640625,488.321350097656,-673.226989746094,0,0,0
0.1201171875,488.402069091797,-672.279968261719,1,879.013610839844,695.80615234375
0.1181640625,488.477752685547,-671.313232421875,1,879.013610839844,695.80615234375
0.119140625,488.54345703125,-670.335144042969,1,879.013610839844,695.80615234375
0.1025390625,488.590087890625,-669.481872558594,1,879.013610839844,695.80615234375
0.1083984375,488.628448486328,-668.59130859375,1,817.537170410156,751.7001953125
0.103515625,488.656555175781,-667.765014648438,1,792.669555664062,645.685180664062
0.107421875,488.68017578125,-666.926025390625,1,866.30517578125,731.340454101562
0.109375,488.700927734375,-666.078369140625,1,877.455505371094,671.877502441406
0.1044921875,488.719573974609,-665.272338867188,1,870.789672851562,599.238037109375
0.10546875,488.7373046875,-664.482055664062,1,890.080688476562,569.217712402344
0.10546875,488.753540039062,-663.716613769531,1,896.984985351562,584.396240234375
0.103515625,488.767669677734,-662.978393554688,1,874.843627929688,576.111083984375
0.1044921875,488.779449462891,-662.254577636719,1,873.843383789062,557.288269042969
0.103515625,488.788208007812,-661.581176757812,1,863.273559570312,567.163879394531
0.10546875,488.794647216797,-660.927307128906,1,755.678466796875,406.323364257812
0.103515625,488.799163818359,-660.312072753906,1,740.802062988281,398.842895507812
0.103515625,488.802185058594,-659.734558105469,1,751.25927734375,373.284606933594
0.1044921875,488.804168701172,-659.194396972656,1,789.393188476562,370.321594238281
0.103515625,488.805267333984,-658.6962890625,1,799.5419921875,251.3046875
0.1025390625,488.805603027344,-658.243774414062,1,784.654602050781,265.613159179688
0.103515625,488.805572509766,-657.828125,1,812.084655761719,-36.591625213623
0.1005859375,488.805755615234,-657.464538574219,1,869.709899902344,425.352233886719
0.103515625,488.806854248047,-657.133911132812,1,832.2529296875,312.170501708984
0.10546875,488.809478759766,-656.841003417969,1,1011.11004638672,452.754333496094
0.1025390625,488.812591552734,-656.596984863281,1,1088.66088867188,471.60107421875
0.103515625,488.815521240234,-656.391235351562,1,1082.60119628906,300.864349365234
0.1015625,488.817687988281,-656.216369628906,1,1082.60119628906,300.864349365234
0.1025390625,488.819152832031,-656.047241210938,1,1082.60119628906,300.864349365234
0.103515625,488.819915771484,-655.872802734375,1,1108.87719726562,224.797302246094
0.107421875,488.820526123047,-655.690673828125,1,1026.77673339844,473.694915771484
0.1044921875,488.821166992188,-655.510131835938,1,1029.79223632812,502.778991699219
0.111328125,488.821563720703,-655.315979003906,1,995.096740722656,667.827087402344
0.1025390625,488.821563720703,-655.138854980469,1,1002.68835449219,505.644805908203
0.1015625,488.821319580078,-654.961303710938,1,1002.68835449219,505.644805908203
0.103515625,488.820770263672,-654.7666015625,1,1002.68835449219,505.644805908203
0.103515625,488.81982421875,-654.532592773438,1,1002.68835449219,505.644805908203
0.1025390625,488.818450927734,-654.255859375,1,919.903259277344,657.615783691406
0.1025390625,488.816467285156,-653.935546875,1,880.70703125,762.613647460938
0.1005859375,488.813903808594,-653.580505371094,1,880.70703125,762.613647460938
0.1015625,488.810455322266,-653.181030273438,1,916.545715332031,533.172912597656
0.119140625,488.805999755859,-652.667053222656,1,965.65380859375,593.966857910156
0.1201171875,488.802673339844,-652.137329101562,1,935.604736328125,536.291320800781
0.1025390625,488.801422119141,-651.690185546875,1,916.078674316406,520.829406738281
0.103515625,488.801635742188,-651.257385253906,1,837.47705078125,472.700317382812
0.1025390625,488.802978515625,-650.860107421875,1,815.800598144531,452.111968994141
0.10546875,488.804840087891,-650.519775390625,1,813.966796875,443.212280273438
0.1025390625,488.806396484375,-650.265319824219,1,769.50732421875,341.180694580078
0.103515625,488.807373046875,-650.091613769531,1,756.808044433594,310.722473144531
0.1025390625,488.807678222656,-650.003723144531,1,790.000305175781,315.563781738281
0.1005859375,488.807373046875,-649.989501953125,1,780.488464355469,311.127746582031
0.103515625,488.806976318359,-649.998901367188,1,790.056823730469,328.138580322266
0.1064453125,488.806610107422,-650.009643554688,1,784.675659179688,306.328186035156
0.1083984375,488.806427001953,-650.013427734375,1,824.926818847656,284.526428222656
0.107421875,488.806488037109,-650.010864257812,1,799.868469238281,274.915832519531
0.1025390625,488.806640625,-650.006774902344,1,794.414001464844,309.607452392578
0.1025390625,488.806884765625,-650.004638671875,1,809.142822265625,-56.2987251281738
0.1171875,488.806915283203,-650.005126953125,1,924.263549804688,204.987060546875
0.1142578125,488.806915283203,-650.006591796875,1,928.927978515625,382.905303955078
0.115234375,488.806854248047,-650.006591796875,1,895.5244140625,-151.462417602539
0.1162109375,488.806793212891,-650.00341796875,1,770.004577636719,58.6325798034668
0.1201171875,488.806793212891,-649.997009277344,1,781.271728515625,313.165283203125
0.1181640625,488.806793212891,-649.987976074219,1,811.872680664062,516.924560546875
0.1162109375,488.806823730469,-649.9765625,1,790.336547851562,377.008911132812
0.115234375,488.806976318359,-649.962829589844,1,790.336547851562,377.008911132812
0.1181640625,488.807159423828,-649.945922851562,1,818.270629882812,519.929321289062
0.1171875,488.807342529297,-649.925354003906,1,793.491943359375,568.71728515625
0.1171875,488.807525634766,-649.894592285156,1,700.120849609375,196.096008300781
0.11328125,488.807800292969,-649.839111328125,1,700.120849609375,196.096008300781
0.115234375,488.808502197266,-649.734252929688,1,700.120849609375,196.096008300781
0.1181640625,488.809692382812,-649.571472167969,1,700.120849609375,196.096008300781
0.1025390625,488.811187744141,-649.382507324219,1,955.712158203125,376.594970703125
0.1044921875,488.813171386719,-649.148864746094,1,907.578552246094,432.312683105469
0.1005859375,488.815673828125,-648.880065917969,1,889.738647460938,332.347290039062
0.1201171875,488.819732666016,-648.506591796875,1,914.074829101562,394.46923828125
0.1005859375,488.824279785156,-648.144775390625,1,903.93310546875,405.301727294922
0.1005859375,488.829864501953,-647.748474121094,1,903.93310546875,405.301727294922
0.1015625,488.836212158203,-647.332092285156,1,903.93310546875,405.301727294922
0.1103515625,488.843353271484,-646.87890625,1,903.93310546875,405.301727294922
0.10546875,488.850128173828,-646.447326660156,1,1004.47216796875,567.783508300781
0.1044921875,488.856231689453,-646.02294921875,1,1004.26885986328,568.677612304688
0.1005859375,488.860870361328,-645.623107910156,1,1080.00463867188,523.173034667969
0.119140625,488.864898681641,-645.153625488281,1,1189.48217773438,524.547119140625
0.1005859375,488.867340087891,-644.758544921875,1,1197.29565429688,507.131011962891
0.1201171875,488.869262695312,-644.294494628906,1,1190.99353027344,489.211853027344
0.1181640625,488.870880126953,-643.792846679688,1,1214.30236816406,496.987518310547
0.119140625,488.872985839844,-643.230285644531,1,1339.30029296875,522.360900878906
0.119140625,488.875671386719,-642.611999511719,1,1135.86560058594,-11.6834697723389
0.1015625,488.878753662109,-642.042907714844,1,861.480224609375,306.961730957031
0.1025390625,488.882965087891,-641.453857421875,1,874.61376953125,458.530303955078
0.1025390625,488.887756347656,-640.901184082031,1,877.727783203125,461.704345703125
0.1015625,488.89306640625,-640.365600585938,1,871.085144042969,449.380706787109
0.109375,488.8994140625,-639.768371582031,1,864.5302734375,459.409362792969
0.1181640625,488.906158447266,-639.131286621094,1,873.469360351562,443.647613525391
0.115234375,488.910614013672,-638.539489746094,1,747.100402832031,171.908584594727
0.10546875,488.912200927734,-638.002807617188,1,771.113159179688,160.300964355469
0.1015625,488.911468505859,-637.484924316406,1,776.888610839844,294.861450195312
0.1015625,488.908294677734,-636.979614257812,1,762.749328613281,168.054595947266
0.1025390625,488.90283203125,-636.473876953125,1,685.264587402344,371.020233154297
0.1025390625,488.895660400391,-635.97900390625,1,643.482360839844,437.354400634766
0.1025390625,488.886840820312,-635.488342285156,1,639.819396972656,415.5439453125
0.107421875,488.876647949219,-634.982971191406,1,1100.45056152344,224.687026977539
0.1025390625,488.866729736328,-634.507629394531,1,814.255310058594,407.457092285156
0.1025390625,488.856140136719,-634.040283203125,1,870.02099609375,437.144470214844
0.1005859375,488.843811035156,-633.588562011719,1,868.506530761719,444.891174316406
0.1201171875,488.825225830078,-633.059936523438,1,848.337280273438,430.318603515625
0.1025390625,488.804351806641,-632.611328125,1,858.180541992188,429.210327148438
0.10546875,488.778045654297,-632.139343261719,1,853.038269042969,288.650207519531
0.1044921875,488.748352050781,-631.628112792969,1,847.352844238281,455.499298095703
0.103515625,488.717834472656,-631.080810546875,1,897.798889160156,429.810913085938
0.119140625,488.682830810547,-630.392944335938,1,908.535034179688,445.497314453125
0.119140625,488.649963378906,-629.645080566406,1,908.24658203125,424.029327392578
0.1005859375,488.625274658203,-628.975402832031,1,879.399536132812,429.585479736328
0.1005859375,488.601501464844,-628.258728027344,1,869.95263671875,416.191741943359
0.119140625,488.572265625,-627.353149414062,1,792.872314453125,276.899475097656
0.1015625,488.544616699219,-626.538940429688,1,779.418518066406,271.644714355469
0.107421875,488.511871337891,-625.630310058594,1,795.75439453125,272.199096679688
0.1083984375,488.478546142578,-624.67041015625,1,774.351745605469,245.81005859375
0.109375,488.448272705078,-623.645324707031,1,793.87451171875,-180.444961547852
0.103515625,488.423919677734,-622.628845214844,1,768.795532226562,190.264343261719
0.1025390625,488.403137207031,-621.577880859375,1,750.025451660156,208.336288452148
0.1025390625,488.384643554688,-620.481140136719,1,781.403076171875,338.016357421875
0.1083984375,488.368133544922,-619.279541015625,1,780.257263183594,210.586471557617
0.1083984375,488.354125976562,-618.019592285156,1,780.279602050781,200.172973632812
0.11328125,488.339019775391,-616.665954589844,1,780.279602050781,200.172973632812
0.107421875,488.32177734375,-615.318908691406,1,780.279602050781,200.172973632812
0.109375,488.299774169922,-613.909912109375,1,780.279602050781,200.172973632812
0.109375,488.272033691406,-612.4423828125,0,0,0
0.10546875,488.239929199219,-610.981323242188,0,0,0
0.1025390625,488.202087402344,-609.51806640625,0,0,0
0.103515625,488.156036376953,-607.999938964844,0,0,0
0.1044921875,488.099945068359,-606.41748046875,0,0,0
0.1025390625,488.035491943359,-604.81787109375,0,0,0
0.1025390625,487.967102050781,-603.160034179688,0,0,0
0.1044921875,487.90478515625,-601.444702148438,0,0,0
0.1025390625,487.857788085938,-599.708862304688,0,0,0
0.1025390625,487.830352783203,-597.924133300781,1,387.045593261719,163.238571166992
0.103515625,487.824829101562,-596.087707519531,1,389.376098632812,216.715789794922
0.1015625,487.840026855469,-594.23681640625,1,389.376098632812,216.715789794922
0.103515625,487.872497558594,-592.31396484375,1,389.376098632812,216.715789794922
0.1015625,487.912109375,-590.389526367188,1,389.376098632812,216.715789794922
0.1025390625,487.945892333984,-588.402893066406,1,389.376098632812,216.715789794922
0.1044921875,487.959930419922,-586.337768554688,0,0,0
0.1064453125,487.947601318359,-584.208312988281,0,0,0
0.1015625,487.915954589844,-582.118347167969,0,0,0
0.103515625,487.881195068359,-579.967712402344,0,0,0
0.107421875,487.862976074219,-577.701416015625,0,0,0
0.1064453125,487.876922607422,-575.412780761719,0,0,0
0.111328125,487.930328369141,-572.999633789062,0,0,0
0.1103515625,488.021484375,-570.554260253906,0,0,0
0.107421875,488.136505126953,-568.13818359375,0,0,0
0.1044921875,488.253784179688,-565.759765625,0,0,0
0.10546875,488.353881835938,-563.320617675781,0,0,0
0.10546875,488.418579101562,-560.841796875,0,0,0
0.1044921875,488.443115234375,-558.364501953125,0,0,0
0.1103515625,488.429168701172,-555.705993652344,0,0,0
0.107421875,488.386291503906,-553.075073242188,0,0,0
0.1064453125,488.333984375,-550.440246582031,0,0,0
0.10546875,488.291473388672,-547.776306152344,0,0,0
0.1025390625,488.266693115234,-545.139404296875,0,0,0
0.1005859375,488.253051757812,-542.5234375,0,0,0
0.103515625,488.239440917969,-539.810913085938,0,0,0
0.1015625,488.214324951172,-537.127319335938,0,0,0
0.1025390625,488.16357421875,-534.3935546875,0,0,0
0.10546875,488.072082519531,-531.567443847656,0,0,0
0.1064453125,487.933624267578,-528.694030761719,0,0,0
0.1044921875,487.760833740234,-525.854370117188,0,0,0
0.107421875,487.564025878906,-522.906860351562,0,0,0
0.1015625,487.385284423828,-520.091003417969,0,0,0
0.1025390625,487.237274169922,-517.221496582031,0,0,0
0.1201171875,487.125427246094,-513.859008789062,0,0,0
0.1201171875,487.08251953125,-510.448822021484,0,0,0
0.109375,487.098297119141,-507.335693359375,0,0,0
0.103515625,487.154266357422,-504.335601806641,0,0,0
0.1083984375,487.247924804688,-501.222686767578,0,0,0
0.1015625,487.363525390625,-498.251556396484,0,0,0
0.119140625,487.517791748047,-494.758758544922,0,0,0
0.1005859375,487.649200439453,-491.810516357422,0,0,0
0.115234375,487.776336669922,-488.381683349609,0,0,0
0.1162109375,487.853485107422,-484.904968261719,0,0,0
0.1171875,487.864013671875,-481.38818359375,0,0,0
0.115234375,487.803802490234,-477.878387451172,0,0,0
0.1181640625,487.684631347656,-474.296600341797,0,0,0
0.119140625,487.531646728516,-470.651062011719,0,0,0
0.1005859375,487.3955078125,-467.541900634766,0,0,0
0.1015625,487.262878417969,-464.403228759766,0,0,0
0.1171875,487.119079589844,-460.755706787109,0,0,0
0.1171875,486.98486328125,-457.084289550781,0,0,0
0.1181640625,486.859436035156,-453.357482910156,0,0,0
0.1162109375,486.748413085938,-449.69091796875,0,0,0
0.115234375,486.652679443359,-446.0087890625,0,0,0
0.1142578125,486.578643798828,-442.356079101562,0,0,0
0.115234375,486.533416748047,-438.652557373047,0,0,0
0.10546875,486.524871826172,-435.247863769531,0,0,0
0.103515625,486.551086425781,-431.887573242188,0,0,0
0.115234375,486.620574951172,-428.145050048828,0,0,0
0.115234375,486.729949951172,-424.383453369141,0,0,0
0.111328125,486.867584228516,-420.734527587891,0,0,0
0.111328125,487.033142089844,-417.042205810547,0,0,0
0.1123046875,487.222320556641,-413.337524414062,0,0,0
0.115234375,487.439727783203,-409.503326416016,0,0,0
0.1181640625,487.675109863281,-405.557952880859,0,0,0
0.111328125,487.895111083984,-401.831817626953,0,0,0
0.1083984375,488.097808837891,-398.174346923828,0,0,0
0.1103515625,488.285186767578,-394.414947509766,0,0,0
0.10546875,488.44091796875,-390.799285888672,0,0,0
0.107421875,488.572204589844,-387.113037109375,0,0,0
0.1044921875,488.668395996094,-383.537536621094,0,0,0
0.107421875,488.73095703125,-379.811126708984,0,0,0
0.1142578125,488.751403808594,-375.866821289062,0,0,0
0.1123046875,488.725616455078,-371.991973876953,0,0,0
0.111328125,488.670318603516,-368.119049072266,0,0,0
0.1103515625,488.605834960938,-364.277954101562,0,0,0
0.1044921875,488.551025390625,-360.621673583984,0,0,0
0.1064453125,488.512451171875,-356.906188964844,0,0,0
0.115234375,488.493957519531,-352.890350341797,0,0,0
0.1083984375,488.495513916016,-349.065673828125,0,0,0
0.1171875,488.511474609375,-344.963348388672,0,0,0
0.109375,488.534942626953,-341.096496582031,0,0,0
0.1103515625,488.564544677734,-337.210479736328,0,0,0
0.115234375,488.602600097656,-333.131134033203,0,0,0
0.111328125,488.647705078125,-329.170227050781,0,0,0
0.1083984375,488.696044921875,-325.3330078125,0,0,0
0.1064453125,488.741607666016,-321.529571533203,0,0,0
0.1103515625,488.779815673828,-317.605560302734,0,0,0
0.1083984375,488.803833007812,-313.721557617188,0,0,0
0.1083984375,488.811492919922,-309.833984375,0,0,0
0.1083984375,488.804321289062,-305.966949462891,0,0,0
0.109375,488.794036865234,-302.032897949219,0,0,0
0.1123046875,488.798126220703,-297.985992431641,0,0,0
0.1123046875,488.830871582031,-293.944030761719,0,0,0
0.1103515625,488.897613525391,-289.940155029297,0,0,0
0.11328125,488.995635986328,-285.845458984375,0,0,0
0.1083984375,489.098114013672,-281.933959960938,0,0,0
0.1103515625,489.180938720703,-277.923645019531,0,0,0
0.1083984375,489.217712402344,-273.986785888672,0,0,0
0.109375,489.207336425781,-269.998107910156,0,0,0
0.1064453125,489.162292480469,-266.136871337891,0,0,0
0.1083984375,489.1005859375,-262.197296142578,0,0,0
0.1123046875,489.0380859375,-258.084655761719,0,0,0
0.111328125,488.989349365234,-254.018157958984,0,0,0
0.10546875,488.955474853516,-250.143310546875,0,0,0
0.1044921875,488.928253173828,-246.305892944336,0,0,0
0.1025390625,488.901336669922,-242.521957397461,0,0,0
0.10546875,488.869415283203,-238.654281616211,0,0,0
0.103515625,488.832916259766,-234.848022460938,0,0,0
0.103515625,488.792816162109,-231.028427124023,0,0,0
0.1044921875,488.751953125,-227.184143066406,0,0,0
0.10546875,488.712005615234,-223.267944335938,0,0,0
0.10546875,488.678985595703,-219.365509033203,0,0,0
0.1015625,488.659637451172,-215.586059570312,0,0,0
0.103515625,488.656127929688,-211.763946533203,0,0,0
0.1064453125,488.672302246094,-207.816513061523,0,0,0
0.103515625,488.706237792969,-203.962448120117,0,0,0
0.1025390625,488.750366210938,-200.140747070312,0,0,0
0.1005859375,488.79345703125,-196.403579711914,0,0,0
0.1015625,488.828338623047,-192.608352661133,0,0,0
0.1025390625,488.848510742188,-188.794891357422,0,0,0
0.1005859375,488.851379394531,-185.009078979492,0,0,0
0.1005859375,488.84228515625,-181.255310058594,0,0,0
0.1015625,488.828338623047,-177.458801269531,0,0,0
0.1162109375,488.813385009766,-173.092041015625,0,0,0
0.115234375,488.803771972656,-168.761825561523,0,0,0
0.10546875,488.799560546875,-164.832702636719,0,0,0
0.103515625,488.797454833984,-160.910690307617,0,0,0
0.103515625,488.795104980469,-157.031051635742,0,0,0
0.1025390625,488.790985107422,-153.17919921875,0,0,0
0.1005859375,488.784973144531,-149.380584716797,0,0,0
0.115234375,488.776702880859,-145.032119750977,0,0,0
0.1025390625,488.769439697266,-141.153121948242,0,0,0
0.1005859375,488.767364501953,-137.361068725586,0,0,0
0.1005859375,488.77880859375,-133.562850952148,0,0,0
0.1171875,488.817474365234,-129.133407592773,0,0,0
0.115234375,488.888824462891,-124.738845825195,0,0,0
0.1025390625,488.981140136719,-120.85871887207,0,0,0
0.1015625,489.0947265625,-117.012939453125,0,0,0
0.1015625,489.218963623047,-113.149826049805,0,0,0
0.1064453125,489.34765625,-109.154731750488,0,0,0
0.1025390625,489.462219238281,-105.305519104004,1,862.583129882812,515.447998046875
0.1005859375,489.551239013672,-101.559150695801,1,862.583129882812,515.447998046875
0.1015625,489.602172851562,-97.8086547851562,1,862.583129882812,515.447998046875
0.1015625,489.604431152344,-94.0907516479492,1,862.583129882812,515.447998046875
0.1025390625,489.551605224609,-90.3634567260742,1,869.874328613281,556.839050292969
0.1015625,489.444458007812,-86.7073059082031,1,873.062438964844,560.23388671875
0.103515625,489.289978027344,-83.0921173095703,1,873.062438964844,560.23388671875
0.1015625,489.111480712891,-79.5986709594727,1,873.062438964844,560.23388671875
0.1064453125,488.918273925781,-76.0071258544922,1,873.062438964844,560.23388671875
0.109375,488.733245849609,-72.4250106811523,1,873.062438964844,560.23388671875
0.1064453125,488.574920654297,-69.0388488769531,0,0,0
0.103515625,488.439300537109,-65.7750396728516,0,0,0
0.1044921875,488.317749023438,-62.5383644104004,0,0,0
0.1025390625,488.206420898438,-59.4107513427734,0,0,0
0.103515625,488.099395751953,-56.2808647155762,0,0,0
0.1025390625,488.003051757812,-53.1656074523926,0,0,0
0.1015625,487.926208496094,-50.1109085083008,0,0,0
0.103515625,487.869812011719,-47.0084037780762,0,0,0
0.1005859375,487.835388183594,-44.0041084289551,0,0,0
0.1015625,487.817474365234,-40.94873046875,0,0,0
0.10546875,487.808135986328,-37.7809906005859,0,0,0
0.103515625,487.794494628906,-34.6648826599121,1,853.860717773438,760.450561523438
0.1005859375,487.765014648438,-31.6072978973389,1,917.522644042969,741.227111816406
0.1162109375,487.708404541016,-28.0713233947754,1,917.522644042969,741.227111816406
0.11328125,487.645233154297,-24.6318874359131,1,833.461853027344,322.861114501953
0.1171875,487.590362548828,-21.0324420928955,1,833.461853027344,322.861114501953
0.1044921875,487.564544677734,-17.8450622558594,1,833.461853027344,322.861114501953
0.1025390625,487.566833496094,-14.6908226013184,1,833.461853027344,322.861114501953
0.1025390625,487.592620849609,-11.5151271820068,1,818.572814941406,289.862182617188
0.1005859375,487.625854492188,-8.3924732208252,1,777.997802734375,326.582977294922
0.1025390625,487.65087890625,-5.21975183486938,1,784.743286132812,317.54833984375
0.115234375,487.655029296875,-1.64950811862946,1,784.743286132812,317.54833984375
0.1015625,487.633911132812,1.53412580490112,1,784.743286132812,317.54833984375
0.1064453125,487.589904785156,4.86571979522705,1,784.743286132812,317.54833984375
0.1064453125,487.534484863281,8.20230197906494,1,784.743286132812,317.54833984375
0.1044921875,487.486968994141,11.4685955047607,0,0,0
0.103515625,487.461883544922,14.7325849533081,0,0,0
0.1044921875,487.462005615234,18.0419158935547,0,0,0
0.107421875,487.479644775391,21.4182643890381,0,0,0
0.103515625,487.503723144531,24.7046375274658,0,0,0
0.1025390625,487.525756835938,27.9781188964844,0,0,0
0.1005859375,487.540771484375,31.1752090454102,0,0,0
0.1044921875,487.549163818359,34.4961318969727,0,0,0
0.1064453125,487.553405761719,37.8939666748047,0,0,0
0.1025390625,487.557250976562,41.1719093322754,1,785.53759765625,325.644836425781
0.1015625,487.563903808594,44.4477615356445,1,780.009704589844,347.141357421875
0.1015625,487.578643798828,47.7027587890625,1,787.310546875,336.292938232422
0.1025390625,487.611938476562,50.9925727844238,1,786.787658691406,342.588165283203
0.1025390625,487.673034667969,54.2993202209473,1,721.396179199219,340.781677246094
0.103515625,487.763031005859,57.656810760498,1,718.262023925781,338.319213867188
0.1015625,487.867401123047,60.9261932373047,1,680.616821289062,332.220245361328
0.1171875,487.996643066406,64.7230987548828,1,682.691833496094,335.858428955078
0.1171875,488.120727539062,68.5051956176758,1,756.858520507812,288.400512695312
0.1005859375,488.210510253906,71.7796783447266,1,757.939636230469,303.463806152344
0.103515625,488.27294921875,75.135612487793,1,742.988159179688,309.793090820312
0.1015625,488.300048828125,78.4297332763672,1,733.902770996094,323.066131591797
0.1044921875,488.291534423828,81.8084564208984,1,721.585144042969,343.718963623047
0.1064453125,488.248229980469,85.2192153930664,1,716.636962890625,334.995452880859
0.1005859375,488.184051513672,88.4310073852539,1,1411.18566894531,151.854125976562
0.1005859375,488.111297607422,91.6148681640625,1,736.365356445312,287.220977783203
0.1171875,488.029022216797,95.3073959350586,1,776.08056640625,302.905853271484
0.115234375,487.956420898438,98.9361724853516,1,713.886047363281,324.408905029297
0.1162109375,487.892578125,102.555099487305,1,720.570556640625,311.448333740234
0.1171875,487.833190917969,106.15926361084,1,690.540405273438,291.991546630859
0.1162109375,487.762969970703,109.739234924316,1,675.411926269531,288.175445556641
0.1142578125,487.659057617188,113.228561401367,1,692.827270507812,416.643310546875
0.119140625,487.489715576172,116.828758239746,1,699.874572753906,433.994781494141
0.1015625,487.28466796875,119.884262084961,1,641.474853515625,410.196044921875
0.11328125,486.983551025391,123.295349121094,1,703.668273925781,399.78125
0.11328125,486.617370605469,126.624610900879,1,703.862487792969,430.648986816406
0.1162109375,486.170562744141,130.043228149414,1,719.497619628906,323.555603027344
0.1005859375,485.733612060547,132.969223022461,1,668.637268066406,439.046478271484
0.115234375,485.170135498047,136.304260253906,1,707.356628417969,285.463317871094
0.1025390625,484.610717773438,139.233688354492,1,701.051879882812,280.34375
0.1171875,483.899658203125,142.53581237793,1,728.507873535156,426.129425048828
0.1025390625,483.209106445312,145.429565429688,1,772.990295410156,285.666412353516
0.1015625,482.493225097656,148.234191894531,1,778.909423828125,286.627960205078
0.1025390625,481.747314453125,151.064743041992,1,778.909423828125,286.627960205078
0.1044921875,480.998321533203,153.900772094727,1,778.909423828125,286.627960205078
0.1025390625,480.267425537109,156.699447631836,1,778.909423828125,286.627960205078
0.109375,479.49169921875,159.669692993164,1,778.909423828125,286.627960205078
0.1083984375,478.71240234375,162.56803894043,1,665.559753417969,440.815582275391
0.107421875,477.896331787109,165.440200805664,1,681.653503417969,428.067779541016
0.103515625,477.073638916016,168.160919189453,1,710.595520019531,305.722747802734
0.1064453125,476.183288574219,170.943801879883,1,676.036376953125,443.289184570312
0.103515625,475.284912109375,173.621170043945,1,724.289978027344,446.174102783203
0.103515625,474.353973388672,176.273406982422,1,690.703369140625,287.717498779297
0.1005859375,473.422302246094,178.812484741211,1,756.478637695312,460.691467285156
0.1162109375,472.297973632812,181.726699829102,1,722.184265136719,443.692932128906
0.1005859375,471.294647216797,184.191299438477,1,731.533142089844,298.321655273438
0.1015625,470.232330322266,186.668472290039,1,708.419677734375,436.906768798828
0.103515625,469.103424072266,189.166320800781,1,655.2197265625,454.412841796875
0.10546875,467.913391113281,191.670059204102,1,698.964111328125,436.738494873047
0.1064453125,466.668334960938,194.167404174805,1,661.498657226562,275.668609619141
0.115234375,465.268310546875,196.834487915039,1,679.938842773438,420.896636962891
0.107421875,463.914947509766,199.263671875,1,738.373596191406,306.949035644531
0.1103515625,462.474060058594,201.690292358398,1,749.938659667969,421.539245605469
0.1083984375,460.977935791016,204.040542602539,1,689.927307128906,574.085876464844
0.1044921875,459.469268798828,206.243041992188,1,689.927307128906,574.085876464844
0.103515625,457.912719726562,208.352951049805,1,856.016906738281,442.560394287109
0.1044921875,456.264526367188,210.436614990234,1,850.091674804688,431.920501708984
0.103515625,454.595581054688,212.424987792969,1,917.919677734375,423.718627929688
0.10546875,452.851776123047,214.40739440918,1,758.582641601562,424.332092285156
0.1123046875,450.958801269531,216.477172851562,1,751.913208007812,413.742492675781
0.1103515625,449.083953857422,218.457748413086,1,781.936340332031,404.172271728516
0.111328125,447.155426025391,220.428756713867,1,769.908386230469,429.7568359375
0.1142578125,445.156768798828,222.398086547852,1,596.326049804688,426.511291503906
0.1103515625,443.192596435547,224.252883911133,1,648.164672851562,405.621154785156
0.1103515625,441.210479736328,226.038345336914,1,690.788330078125,388.789154052734
0.1103515625,439.188507080078,227.772994995117,1,761.793029785156,420.443817138672
0.1103515625,437.123382568359,229.465209960938,1,862.801940917969,420.891052246094
0.111328125,435.021026611328,231.120864868164,1,887.220458984375,417.481506347656
0.11328125,432.892700195312,232.750839233398,1,891.788940429688,336.561431884766
0.1103515625,430.783966064453,234.336242675781,1,721.1474609375,362.278198242188
0.1142578125,428.621887207031,235.940887451172,1,946.523681640625,372.500549316406
0.1103515625,426.530059814453,237.474472045898,1,962.48974609375,347.380310058594
0.11328125,424.394714355469,239.015762329102,1,1019.93182373047,448.066101074219
0.111328125,422.305328369141,240.490692138672,1,1027.36157226562,463.564819335938
0.1142578125,420.144226074219,241.973281860352,1,1040.11193847656,463.53125
0.11328125,417.987915039062,243.405090332031,1,1072.96862792969,462.315551757812
0.1142578125,415.823699951172,244.795272827148,1,1270.71813964844,103.893402099609
0.111328125,413.681304931641,246.130523681641,1,1240.31066894531,51.4043388366699
0.1123046875,411.534637451172,247.436386108398,1,713.928771972656,312.6357421875
0.1083984375,409.462005615234,248.674285888672,1,715.779357910156,302.213806152344
0.109375,407.367156982422,249.906616210938,1,727.069763183594,290.030395507812
0.115234375,405.171203613281,251.179214477539,1,669.562744140625,327.460968017578
0.1025390625,403.199401855469,252.303665161133,1,583.058166503906,328.271087646484
0.1171875,400.976776123047,253.547546386719,1,618.406372070312,439.509185791016
0.11328125,398.794799804688,254.737869262695,1,655.439392089844,554.156799316406
0.1181640625,396.546234130859,255.925170898438,1,655.439392089844,554.156799316406
0.1181640625,394.261779785156,257.084625244141,1,683.733642578125,355.264434814453
0.1181640625,391.982604980469,258.192047119141,1,704.492919921875,466.498107910156
0.1005859375,390.048858642578,259.093231201172,1,717.354187011719,457.470031738281
0.1083984375,387.928894042969,260.042358398438,1,738.874877929688,340.5087890625
0.103515625,385.916870117188,260.906982421875,1,739.009216308594,335.901123046875
0.103515625,383.904052734375,261.735321044922,1,730.029479980469,244.35514831543
0.103515625,381.882904052734,262.527923583984,1,730.029479980469,244.35514831543
0.1044921875,379.838714599609,263.287231445312,1,599.984985351562,430.327545166016
0.1044921875,377.794555664062,264.002258300781,1,606.337829589844,434.252563476562
0.1064453125,375.696075439453,264.691528320312,1,738.836181640625,281.446014404297
0.109375,373.553863525391,265.351013183594,1,639.512817382812,430.336730957031
0.1103515625,371.368377685547,265.978881835938,1,629.649353027344,519.460815429688
0.109375,369.208190917969,266.549041748047,1,647.483093261719,531.646667480469
0.1103515625,367.031768798828,267.067077636719,1,700.146118164062,440.905456542969
0.1103515625,364.834564208984,267.527221679688,1,731.036010742188,430.861083984375
0.107421875,362.719757080078,267.908996582031,1,695.561584472656,480.136169433594
0.1064453125,360.596160888672,268.239044189453,1,741.6875,485.101013183594
0.1064453125,358.490936279297,268.528015136719,1,770.057006835938,478.6923828125
0.1103515625,356.314239501953,268.800323486328,1,810.288513183594,507.979156494141
0.1123046875,354.109161376953,269.055999755859,1,757.923583984375,475.765930175781
0.107421875,352.011810302734,269.277130126953,1,780.754455566406,472.927429199219
0.1064453125,349.925689697266,269.468719482422,1,784.0087890625,465.156585693359
0.107421875,347.843505859375,269.623718261719,1,817.783630371094,478.857299804688
0.1064453125,345.773101806641,269.737030029297,1,831.942199707031,483.926300048828
0.1103515625,343.649536132812,269.81591796875,1,817.482666015625,450.267700195312
0.1064453125,341.610687255859,269.866485595703,1,818.999694824219,451.090087890625
0.10546875,339.587799072266,269.902526855469,1,835.040954589844,502.682159423828
0.109375,337.505798339844,269.931549072266,1,869.990661621094,512.198852539062
0.1083984375,335.457305908203,269.951049804688,1,808.760559082031,297.170379638672
0.1064453125,333.450378417969,269.957611083984,1,777.85693359375,209.719039916992
0.1103515625,331.386840820312,269.947967529297,1,749.615295410156,155.533813476562
0.111328125,329.303558349609,269.91845703125,1,752.963989257812,172.996871948242
0.111328125,327.273986816406,269.870452880859,1,754.898315429688,166.420700073242
0.1083984375,325.359710693359,269.81005859375,1,761.936950683594,162.603958129883
0.107421875,323.528930664062,269.743927001953,1,762.853454589844,142.852981567383
0.1083984375,321.763092041016,269.678680419922,1,762.853454589844,142.852981567383
0.107421875,320.09033203125,269.622131347656,1,777.028747558594,139.591873168945
0.1103515625,318.460266113281,269.576538085938,1,744.769226074219,155.858688354492
0.109375,316.918579101562,269.54443359375,1,744.769226074219,155.858688354492
0.109375,315.450500488281,269.522613525391,1,764.338439941406,127.22647857666
0.1083984375,314.059295654297,269.505249023438,1,744.690063476562,151.178970336914
0.10546875,312.737396240234,269.485473632812,1,751.901916503906,326.969421386719
0.11328125,311.330352783203,269.455963134766,1,763.421203613281,231.156799316406
0.11328125,309.949340820312,269.419219970703,1,741.020690917969,239.214859008789
0.107421875,308.6689453125,269.383972167969,1,764.930419921875,241.356140136719
0.109375,307.393585205078,269.352996826172,1,763.576965332031,254.305068969727
0.1083984375,306.162567138672,269.33203125,1,766.399230957031,240.9990234375
0.1103515625,304.921417236328,269.323394775391,1,768.817443847656,251.423416137695
0.111328125,303.685577392578,269.328094482422,1,777.268615722656,242.964691162109
0.1123046875,302.460021972656,269.342254638672,1,759.764221191406,274.154998779297
0.1064453125,301.299438476562,269.359802246094,1,739.567016601562,240.390335083008
0.1083984375,300.118743896484,269.37841796875,1,758.486755371094,270.401153564453
0.1103515625,298.943725585938,269.395812988281,1,766.328125,259.177429199219
0.1103515625,297.772430419922,269.411285400391,1,802.442810058594,476.763336181641
0.11328125,296.582275390625,269.425842285156,1,812.555847167969,467.376403808594
0.1103515625,295.431396484375,269.439849853516,1,753.984619140625,247.281295776367
0.1142578125,294.253845214844,269.454895019531,1,850.569458007812,466.614318847656
0.11328125,293.100891113281,269.470550537109,1,834.839965820312,451.630187988281
0.109375,291.993255615234,269.485931396484,1,836.778991699219,429.551177978516
0.11328125,290.859283447266,269.497985839844,1,838.371948242188,423.932373046875
0.11328125,289.738861083984,269.503112792969,1,882.8896484375,446.315612792969
0.1103515625,288.654296875,269.503692626953,1,871.099487304688,435.429718017578
0.109375,287.588562011719,269.504577636719,1,798.5009765625,286.112091064453
0.1103515625,286.526641845703,269.509857177734,1,785.308898925781,255.834274291992
0.1181640625,285.404754638672,269.520050048828,1,775.837951660156,254.537322998047
0.115234375,284.3115234375,269.532958984375,1,769.030822753906,246.133743286133
0.111328125,283.266296386719,269.544036865234,1,843.287475585938,407.045104980469
0.11328125,282.224182128906,269.549194335938,1,883.794799804688,540.593994140625
0.1083984375,281.223022460938,269.546661376953,1,805.954345703125,325.870941162109
0.1103515625,280.226226806641,269.536651611328,1,818.074157714844,319.771362304688
0.109375,279.239685058594,269.522521972656,1,853.136108398438,422.567260742188
0.107421875,278.279022216797,269.509338378906,1,843.519348144531,435.500823974609
0.1123046875,277.289123535156,269.500885009766,1,826.402526855469,349.134124755859
0.109375,276.332092285156,269.498809814453,1,826.402526855469,349.134124755859
0.1064453125,275.409851074219,269.5009765625,1,804.530578613281,332.924896240234
0.1103515625,274.462249755859,269.505493164062,1,773.737731933594,239.475204467773
0.1064453125,273.554870605469,269.510284423828,1,781.135070800781,260.657684326172
0.1083984375,272.647338867188,269.514495849609,1,795.228454589844,242.110595703125
0.1044921875,271.796112060547,269.517333984375,1,849.955932617188,210.725280761719
0.10546875,270.983825683594,269.519226074219,1,1282.53491210938,108.174827575684
0.1064453125,270.193695068359,269.520935058594,1,1259.4189453125,122.785148620605
0.1083984375,269.430725097656,269.522766113281,1,861.371887207031,439.186676025391
0.1064453125,268.717864990234,269.524841308594,1,854.802795410156,418.045013427734
0.1123046875,267.984680175781,269.527099609375,1,843.511779785156,418.552337646484
0.1083984375,267.264984130859,269.529357910156,1,859.898986816406,410.602966308594
0.1083984375,266.545288085938,269.531921386719,1,796.616516113281,346.632843017578
0.109375,265.844390869141,269.535461425781,1,751.812316894531,259.639923095703
0.1123046875,265.127838134766,269.540893554688,1,763.463317871094,263.374298095703
0.1220703125,264.340942382812,269.548889160156,1,765.309936523438,255.291091918945
0.1103515625,263.635925292969,269.556732177734,1,757.628173828125,252.217559814453
0.107421875,262.950042724609,269.564300537109,1,757.042724609375,247.207260131836
0.1083984375,262.250946044922,269.571472167969,1,767.475036621094,253.690048217773
0.1083984375,261.544921875,269.578063964844,1,757.817016601562,261.505584716797
0.1064453125,260.831146240234,269.584197998047,1,760.3427734375,260.1259765625
0.1044921875,260.116027832031,269.590179443359,1,769.888610839844,258.060089111328
0.10546875,259.38037109375,269.596374511719,1,776.950744628906,273.520385742188
0.1083984375,258.603698730469,269.603149414062,1,763.679382324219,274.618988037109
0.1044921875,257.846099853516,269.609924316406,1,753.904296875,251.814071655273
0.1044921875,257.072021484375,269.617126464844,1,763.070495605469,258.479858398438
0.1044921875,256.280975341797,269.624908447266,1,748.524963378906,269.378570556641
0.1025390625,255.497573852539,269.632934570312,1,787.364013671875,419.190002441406
0.10546875,254.677291870117,269.641571044922,1,802.890502929688,375.166168212891
0.107421875,253.83317565918,269.650756835938,1,825.911193847656,464.551910400391
0.10546875,252.995483398438,269.660034179688,1,822.725646972656,453.847015380859
0.1064453125,252.132110595703,269.669769287109,1,822.200561523438,459.480133056641
0.103515625,251.285278320312,269.679412841797,1,833.76220703125,440.170379638672
0.1064453125,250.412033081055,269.689483642578,1,821.793762207031,11.6361560821533
0.109375,249.494903564453,269.700225830078,1,828.79052734375,394.935913085938
0.1064453125,248.592468261719,269.710784912109,1,829.684631347656,428.522644042969
0.1123046875,247.636749267578,269.7216796875,1,840.585510253906,428.186828613281
0.1201171875,246.599029541016,269.731781005859,1,838.211975097656,433.779479980469
0.1240234375,245.514846801758,269.739776611328,1,826.332397460938,442.350738525391
0.119140625,244.464172363281,269.744567871094,1,837.474487304688,448.059783935547
0.1103515625,243.487503051758,269.746307373047,1,813.341857910156,468.529602050781
0.1103515625,242.506423950195,269.74560546875,1,852.140380859375,466.291198730469
0.1201171875,241.472045898438,269.742492675781,1,826.577392578125,501.165374755859
0.115234375,240.49934387207,269.737457275391,1,861.001098632812,510.049926757812
0.119140625,239.509307861328,269.730377197266,1,854.40966796875,474.308990478516
0.1181640625,238.536392211914,269.721527099609,1,834.9853515625,478.918823242188
0.1162109375,237.604827880859,269.711608886719,1,857.244689941406,451.238220214844
0.1142578125,236.697357177734,269.701599121094,1,858.726501464844,454.363647460938
0.107421875,235.863037109375,269.692749023438,1,844.257263183594,438.079254150391
0.10546875,235.047424316406,269.684692382812,1,852.61572265625,460.839996337891
0.1103515625,234.220230102539,269.677337646484,1,841.009643554688,465.550689697266
0.107421875,233.416488647461,269.6708984375,1,814.085083007812,455.064910888672
0.107421875,232.634750366211,269.665069580078,1,776.11962890625,150.650192260742
0.107421875,231.859588623047,269.659637451172,1,776.11962890625,150.650192260742
0.1103515625,231.077072143555,269.654418945312,1,756.064697265625,346.252319335938
0.1103515625,230.30322265625,269.649505615234,1,383.938140869141,338.194274902344
0.1083984375,229.557525634766,269.645080566406,1,309.997131347656,252.264053344727
0.109375,228.822616577148,269.641082763672,1,257.947998046875,337.492279052734
0.1123046875,228.071105957031,269.637298583984,1,847.782775878906,455.421630859375
0.1103515625,227.353958129883,269.634094238281,1,831.870727539062,450.040100097656
0.119140625,226.588119506836,269.630920410156,1,830.165466308594,447.571441650391
0.1162109375,225.851211547852,269.628143310547,1,806.102600097656,429.445098876953
0.1123046875,225.154235839844,269.625885009766,1,807.397521972656,428.919952392578
0.115234375,224.450286865234,269.624053955078,1,821.76171875,324.039093017578
0.1103515625,223.786178588867,269.623138427734,1,842.620239257812,299.466461181641
0.111328125,223.130432128906,269.623077392578,1,869.126708984375,469.136108398438
0.1142578125,222.470062255859,269.623931884766,1,834.573303222656,413.620330810547
0.1103515625,221.839965820312,269.625579833984,1,831.609313964844,428.118865966797
0.1103515625,221.221405029297,269.6279296875,1,834.248046875,439.941192626953
0.109375,220.614990234375,269.630859375,1,833.6064453125,437.572357177734
0.111328125,220.017227172852,269.634338378906,1,831.648559570312,434.526611328125
0.111328125,219.42219543457,269.638427734375,1,847.558837890625,429.194305419922
0.107421875,218.859039306641,269.642883300781,1,820.107849121094,443.315734863281
0.109375,218.291610717773,269.64794921875,1,856.604919433594,394.740600585938
0.115234375,217.707473754883,269.653717041016,1,866.848083496094,378.819763183594
0.1142578125,217.13818359375,269.659576416016,1,839.81201171875,396.786865234375
0.109375,216.60693359375,269.665222167969,1,844.94873046875,422.334838867188
0.10546875,216.109039306641,269.670562744141,1,849.488342285156,422.861236572266
0.109375,215.611312866211,269.675933837891,1,848.799133300781,417.35888671875
0.111328125,215.127395629883,269.681274414062,1,786.644714355469,335.209869384766
0.1064453125,214.678756713867,269.686462402344,1,777.380554199219,296.873626708984
0.1103515625,214.228057861328,269.691833496094,1,795.436889648438,268.883087158203
0.11328125,213.779373168945,269.697418212891,1,765.847839355469,252.462203979492
0.111328125,213.357879638672,269.702819824219,1,782.8896484375,255.329650878906
0.109375,212.951675415039,269.708129882812,1,829.250732421875,385.511260986328
0.109375,212.56298828125,269.713317871094,1,855.986450195312,387.099243164062
0.1083984375,212.20231628418,269.718231201172,1,863.639953613281,395.24609375
0.1103515625,211.881362915039,269.722625732422,1,706.871704101562,221.320220947266
0.1103515625,211.614074707031,269.726379394531,1,708.174133300781,225.649642944336
0.1083984375,211.409133911133,269.729339599609,1,398.443908691406,557.754821777344
0.111328125,211.258605957031,269.731567382812,1,331.348693847656,562.676086425781
0.1123046875,211.167465209961,269.732849121094,1,281.760681152344,568.9150390625
0.1123046875,211.137115478516,269.733337402344,1,295.622009277344,552.380615234375
0.1142578125,211.139556884766,269.733276367188,1,362.082916259766,440.464233398438
0.1103515625,211.146514892578,269.733215332031,1,463.071228027344,491.100891113281
0.1083984375,211.150268554688,269.733154296875,1,721.82470703125,337.101409912109
0.1044921875,211.14973449707,269.733154296875,1,735.204345703125,337.938629150391
0.10546875,211.147399902344,269.733184814453,1,747.512573242188,308.520294189453
0.1083984375,211.145568847656,269.733215332031,1,761.231750488281,270.113708496094
0.107421875,211.145385742188,269.733215332031,1,790.109802246094,331.687469482422
0.107421875,211.146179199219,269.733215332031,1,838.771179199219,420.668395996094
0.1064453125,211.146942138672,269.733215332031,1,840.163330078125,429.857727050781
0.1064453125,211.147109985352,269.733215332031,1,845.441589355469,426.217163085938
0.1083984375,211.146820068359,269.733215332031,1,823.507751464844,413.666381835938
0.107421875,211.146499633789,269.733215332031,1,812.181640625,262.388336181641
0.111328125,211.146408081055,269.733215332031,1,914.648864746094,364.043273925781
0.12109375,211.146530151367,269.733215332031,1,904.154113769531,368.917022705078
0.1083984375,211.146667480469,269.733215332031,1,900.614074707031,368.302978515625
0.107421875,211.146682739258,269.733215332031,1,888.609313964844,-152.855422973633
0.1044921875,211.146682739258,269.733215332031,1,888.609313964844,-152.855422973633
0.107421875,211.146636962891,269.733215332031,1,888.609313964844,-152.855422973633
0.111328125,211.146636962891,269.733215332031,1,888.609313964844,-152.855422973633
0.107421875,211.146636962891,269.733215332031,1,888.609313964844,-152.855422973633
0.10546875,211.14665222168,269.733215332031,0,0,0
0.10546875,211.14665222168,269.733215332031,0,0,0
0.10546875,211.146667480469,269.733215332031,0,0,0
0.1083984375,211.14665222168,269.733215332031,0,0,0
0.109375,211.14665222168,269.733215332031,0,0,0
0.1064453125,211.146636962891,269.733215332031,0,0,0
0.1083984375,211.146636962891,269.733215332031,0,0,0
0.10546875,211.14665222168,269.733215332031,0,0,0
0.10546875,211.14665222168,269.733215332031,0,0,0
0.1123046875,211.14665222168,269.733215332031,0,0,0
0.1064453125,211.14665222168,269.733215332031,0,0,0
0.107421875,211.14665222168,269.733215332031,0,0,0
0.1044921875,211.14665222168,269.733215332031,0,0,0
0.10546875,211.14665222168,269.733215332031,0,0,0
0.107421875,211.146667480469,269.733215332031,1,884.320007324219,255.496002197266
0.1083984375,211.14665222168,269.733215332031,1,884.569213867188,316.040283203125
0.1083984375,211.14665222168,269.733215332031,1,878.111206054688,346.593170166016
0.1064453125,211.146667480469,269.733215332031,1,900.513061523438,298.51416015625
0.1064453125,211.146636962891,269.733215332031,1,900.513061523438,298.51416015625
0.1064453125,211.14665222168,269.733215332031,1,1195.81579589844,-239.36149597168
0.107421875,211.14665222168,269.733215332031,1,1228.87084960938,-114.742988586426
0.10546875,211.14665222168,269.733215332031,1,1228.87084960938,-114.742988586426
0.1083984375,211.14665222168,269.733215332031,1,1228.87084960938,-114.742988586426
0.10546875,211.146667480469,269.733215332031,1,1228.87084960938,-114.742988586426
0.109375,211.14665222168,269.733215332031,1,811.246337890625,-23.0908164978027
0.109375,211.146667480469,269.733215332031,1,832.784118652344,363.58935546875
0.109375,211.14665222168,269.733215332031,1,836.229736328125,354.660308837891
0.1181640625,211.14665222168,269.733215332031,1,327.787841796875,392.111968994141
0.115234375,211.14665222168,269.733215332031,1,1053.06030273438,454.482879638672
0.1162109375,211.14665222168,269.733215332031,1,1149.39123535156,602.205322265625
0.1162109375,211.14665222168,269.733215332031,1,1165.55407714844,452.104705810547
0.1142578125,211.14665222168,269.733215332031,1,1423.25769042969,422.648620605469
0.11328125,211.146667480469,269.733215332031,1,1449.27624511719,399.17236328125
0.11328125,211.14665222168,269.733215332031,1,1448.77136230469,409.512237548828
0.11328125,211.14665222168,269.733215332031,1,855.047607421875,415.584289550781
0.1103515625,211.146636962891,269.733215332031,1,883.771789550781,422.617523193359
0.1044921875,211.146636962891,269.733215332031,1,869.401794433594,392.2568359375
0.1064453125,211.14665222168,269.733215332031,1,852.2060546875,403.640533447266
0.103515625,211.14665222168,269.733215332031,1,866.137451171875,300.651977539062
0.123046875,211.14665222168,269.733215332031,1,522.3701171875,443.08251953125
0.1171875,211.14665222168,269.733215332031,1,500.799468994141,433.183044433594
0.1162109375,211.14665222168,269.733215332031,1,495.5498046875,439.024536132812
0.11328125,211.14665222168,269.733215332031,1,470.781677246094,430.800323486328
0.1181640625,211.14665222168,269.733215332031,1,425.767822265625,413.795257568359
0.1123046875,211.14665222168,269.733215332031,1,400.897430419922,407.227661132812
0.1142578125,211.14665222168,269.733215332031,1,439.560272216797,406.549285888672
0.1123046875,211.146667480469,269.733215332031,1,403.952270507812,455.526031494141
0.107421875,211.146011352539,269.733215332031,1,398.083740234375,438.031494140625
0.109375,211.143035888672,269.733215332031,1,891.920837402344,460.227416992188
0.10546875,211.133560180664,269.733306884766,1,881.35009765625,456.256958007812
0.1064453125,211.09407043457,269.733581542969,1,900.858825683594,452.827819824219
0.109375,211.003433227539,269.734375,1,891.127258300781,444.531860351562
0.1044921875,210.869659423828,269.735534667969,1,890.489562988281,426.062774658203
0.1083984375,210.682342529297,269.737274169922,1,852.804748535156,410.269714355469
0.12109375,210.418014526367,269.739715576172,1,923.478332519531,230.538650512695
0.1259765625,210.074081420898,269.742950439453,1,864.270690917969,448.339660644531
0.123046875,209.679092407227,269.746185302734,1,859.2861328125,445.131561279297
0.1044921875,209.290802001953,269.748687744141,1,852.637512207031,455.665344238281
0.103515625,208.867935180664,269.750762939453,1,849.916259765625,446.161407470703
0.1064453125,208.390045166016,269.752227783203,1,865.465209960938,470.962890625
0.1064453125,207.891906738281,269.752990722656,1,837.868408203125,444.212310791016
0.1044921875,207.394714355469,269.752838134766,1,833.940063476562,439.975738525391
0.1015625,206.908782958984,269.752075195312,1,849.497253417969,448.632995605469
0.1025390625,206.421600341797,269.750579833984,1,856.039855957031,438.592742919922
0.107421875,205.944183349609,269.748413085938,1,870.189331054688,407.547393798828
0.103515625,205.525039672852,269.745880126953,1,851.678649902344,133.580215454102
0.103515625,205.15071105957,269.743133544922,1,961.562072753906,316.428649902344
0.111328125,204.803909301758,269.740142822266,1,914.253723144531,-206.970947265625
0.1025390625,204.53385925293,269.737518310547,1,914.253723144531,-206.970947265625
0.103515625,204.309494018555,269.735229492188,1,951.791198730469,296.267425537109
0.1044921875,204.135177612305,269.733367919922,1,945.255126953125,359.383453369141
0.10546875,204.010620117188,269.731964111328,1,951.121398925781,330.385864257812
0.1142578125,203.9365234375,269.731140136719,1,1231.79833984375,155.199859619141
0.109375,203.920928955078,269.730987548828,1,1265.67175292969,277.636077880859
0.1083984375,203.926040649414,269.731079101562,1,1228.17822265625,314.699279785156
0.1103515625,203.93310546875,269.731140136719,1,1228.17822265625,314.699279785156
0.1064453125,203.935821533203,269.731201171875,1,1228.17822265625,314.699279785156
0.10546875,203.934509277344,269.731201171875,1,1228.17822265625,314.699279785156
0.1083984375,203.931854248047,269.731201171875,1,1228.17822265625,314.699279785156
0.107421875,203.930404663086,269.731140136719,0,0,0
0.1064453125,203.930557250977,269.731140136719,0,0,0
0.1142578125,203.931549072266,269.731109619141,0,0,0
0.1123046875,203.932205200195,269.731140136719,0,0,0
0.1123046875,203.93212890625,269.731140136719,0,0,0
0.119140625,203.931732177734,269.731140136719,0,0,0
0.1083984375,203.931488037109,269.731140136719,0,0,0
0.1064453125,203.931503295898,269.731140136719,0,0,0
0.1044921875,203.931640625,269.731140136719,0,0,0
0.1083984375,203.931762695312,269.731170654297,0,0,0
0.10546875,203.931777954102,269.731140136719,0,0,0
0.1083984375,203.931747436523,269.731140136719,0,0,0
0.1103515625,203.931716918945,269.731140136719,0,0,0
0.10546875,203.931716918945,269.731140136719,0,0,0
0.1044921875,203.931716918945,269.731140136719,0,0,0
0.103515625,203.931732177734,269.731140136719,0,0,0
0.1044921875,203.931716918945,269.731140136719,0,0,0
0.10546875,203.931732177734,269.731140136719,0,0,0
0.10546875,203.931732177734,269.731140136719,0,0,0
0.103515625,203.931732177734,269.731140136719,0,0,0
0.1025390625,203.931671142578,269.731140136719,0,0,0
0.1064453125,203.93000793457,269.731140136719,1,934.93896484375,362.871734619141
0.111328125,203.925888061523,269.731140136719,1,936.564880371094,362.931091308594
0.1083984375,203.919387817383,269.731079101562,1,936.564880371094,362.931091308594
0.1044921875,203.909820556641,269.730926513672,1,784.072326660156,312.326751708984
0.10546875,203.882522583008,269.730621337891,1,784.072326660156,312.326751708984
0.1025390625,203.812103271484,269.729949951172,1,784.072326660156,312.326751708984
0.1064453125,203.693008422852,269.729370117188,1,784.072326660156,312.326751708984
0.111328125,203.517700195312,269.729278564453,1,784.072326660156,312.326751708984
0.1044921875,203.305236816406,269.729583740234,1,786.894958496094,170.897644042969
0.1044921875,203.050796508789,269.729125976562,1,786.894958496094,170.897644042969
0.103515625,202.750839233398,269.727355957031,1,786.894958496094,170.897644042969
0.1015625,202.411911010742,269.725769042969,1,786.894958496094,170.897644042969
0.10546875,202.019119262695,269.724487304688,1,794.669250488281,116.640121459961
0.103515625,201.583923339844,269.721923828125,1,791.066467285156,123.995536804199
0.10546875,201.097091674805,269.717742919922,1,791.066467285156,123.995536804199
0.107421875,200.551467895508,269.713928222656,1,791.066467285156,123.995536804199
0.10546875,199.975540161133,269.712371826172,1,808.769897460938,203.998977661133
0.107421875,199.339691162109,269.711547851562,1,838.5400390625,260.322296142578
0.107421875,198.65754699707,269.709259033203,1,811.871337890625,230.297958374023
0.1103515625,197.906021118164,269.705535888672,1,811.952453613281,205.520538330078
0.109375,197.106903076172,269.703552246094,1,770.010803222656,227.216522216797
0.1064453125,196.290161132812,269.704528808594,1,786.680114746094,168.206237792969
0.1064453125,195.425308227539,269.706176757812,1,786.680114746094,168.206237792969
0.1083984375,194.496551513672,269.706451416016,1,786.680114746094,168.206237792969
0.10546875,193.539886474609,269.705078125,1,420.648590087891,247.243240356445
0.109375,192.512054443359,269.704223632812,1,669.923522949219,208.070251464844
0.10546875,191.459335327148,269.704864501953,1,745.345031738281,221.775329589844
0.1064453125,190.358673095703,269.705810546875,1,745.5966796875,145.337921142578
0.1083984375,189.188751220703,269.705780029297,1,794.294006347656,183.063018798828
0.1064453125,188.002151489258,269.705780029297,1,792.217224121094,194.652740478516
0.1064453125,186.757385253906,269.706573486328,1,807.83935546875,214.687225341797
0.119140625,185.306991577148,269.705352783203,1,790.776489257812,220.92936706543
0.111328125,183.900909423828,269.698059082031,1,836.476196289062,344.081024169922
0.11328125,182.420516967773,269.686065673828,1,870.213989257812,448.864868164062
0.1123046875,180.899703979492,269.674072265625,1,843.634216308594,668.810729980469
0.1083984375,179.381042480469,269.665252685547,1,861.825317382812,878.247436523438
0.1103515625,177.787811279297,269.658355712891,1,817.961975097656,728.606384277344
0.109375,176.153182983398,269.652008056641,1,930.383972167969,353.113525390625
0.1103515625,174.458541870117,269.646148681641,1,873.967651367188,385.28857421875
0.1083984375,172.732803344727,269.642669677734,1,880.347229003906,372.382507324219
0.1064453125,171.001602172852,269.643280029297,1,844.386535644531,400.423553466797
0.107421875,169.204635620117,269.649047851562,1,828.270690917969,456.106506347656
0.1064453125,167.364181518555,269.661468505859,1,810.323364257812,455.869750976562
0.1103515625,165.414703369141,269.684173583984,1,823.927978515625,447.189025878906
0.1162109375,163.30712890625,269.720275878906,1,793.810791015625,452.038940429688
0.1083984375,161.289413452148,269.760986328125,1,801.388549804688,439.651885986328
0.1103515625,159.206176757812,269.801544189453,1,809.145080566406,437.305206298828
0.115234375,156.970169067383,269.834716796875,1,831.837158203125,453.750305175781
0.109375,154.805526733398,269.85107421875,1,819.884643554688,451.412841796875
0.109375,152.603912353516,269.850067138672,1,825.993835449219,438.914825439453
0.109375,150.348480224609,269.831573486328,1,785.325622558594,31.9008884429932
0.1123046875,148.003005981445,269.796478271484,1,889.089477539062,205.797912597656
0.1142578125,145.584564208984,269.748779296875,1,1151.318359375,203.006561279297
0.1123046875,143.142929077148,269.699340820312,1,1758.6103515625,-42.9493713378906
0.1123046875,140.680648803711,269.661682128906,1,1796.03601074219,-81.0510482788086
0.111328125,138.192108154297,269.646026611328,1,1840.5185546875,-75.3439331054688
0.11328125,135.606094360352,269.659301757812,1,1841.05639648438,-67.8601531982422
0.115234375,132.964141845703,269.704620361328,1,1230.03308105469,263.860229492188
0.1103515625,130.376495361328,269.777984619141,1,875.771484375,475.298522949219
0.1103515625,127.778076171875,269.877227783203,1,793.272338867188,440.113952636719
0.109375,125.139289855957,270.001678466797,1,783.2412109375,436.862152099609
0.111328125,122.430152893066,270.146545410156,1,771.848266601562,439.385894775391
0.11328125,119.623603820801,270.2939453125,1,775.896911621094,348.217681884766
0.1162109375,116.681266784668,270.412322998047,1,779.421875,464.911682128906
0.1142578125,113.755142211914,270.476531982422,1,787.791198730469,445.908813476562
0.11328125,110.821243286133,270.490478515625,1,790.347473144531,452.389404296875
0.111328125,107.895210266113,270.467407226562,1,830.4130859375,466.551727294922
0.1103515625,104.964820861816,270.425323486328,1,822.43603515625,562.746948242188
0.109375,102.036529541016,270.386077880859,1,808.802368164062,315.904602050781
0.109375,99.0811386108398,270.368225097656,1,815.842834472656,306.376190185547
0.1103515625,96.0981597900391,270.371948242188,1,809.927490234375,310.28125
0.1123046875,93.0107955932617,270.378540039062,1,809.927490234375,310.28125
0.109375,89.990348815918,270.365753173828,1,168.112274169922,304.052490234375
0.111328125,86.9184188842773,270.317596435547,1,204.9609375,300.359588623047
0.1103515625,83.9076843261719,270.238922119141,1,856.618408203125,461.243774414062
0.1123046875,80.8620834350586,270.142547607422,1,872.55712890625,464.370208740234
0.1044921875,78.0356674194336,270.054473876953,1,770.178283691406,278.234649658203
0.115234375,74.9654159545898,269.980773925781,1,773.985961914062,268.870330810547
0.1103515625,72.0077972412109,269.944702148438,1,792.442626953125,276.767852783203
0.111328125,69.0635375976562,269.945159912109,1,188.234603881836,365.504577636719
0.1083984375,66.2094573974609,269.970458984375,1,231.262557983398,346.883697509766
0.109375,63.3349838256836,270.001708984375,1,205.122940063477,377.470245361328
0.1083984375,60.5125007629395,270.015228271484,1,238.405197143555,354.147216796875
0.111328125,57.6458435058594,269.994445800781,1,1141.00512695312,270.207275390625
0.1123046875,54.755542755127,269.933349609375,1,1154.21276855469,291.326843261719
0.1103515625,51.9328842163086,269.837249755859,1,1450.95922851562,665.520446777344
0.1103515625,49.1264533996582,269.713897705078,1,1507.14611816406,620.783142089844
0.111328125,46.3164443969727,269.577178955078,1,1500.06677246094,622.943725585938
0.109375,43.570629119873,269.455261230469,1,958.100341796875,430.181915283203
0.11328125,40.7416496276855,269.36279296875,1,953.271423339844,420.294860839844
0.111328125,37.9988899230957,269.317810058594,1,973.519897460938,441.769622802734
0.1103515625,35.2751884460449,269.322662353516,1,879.350036621094,445.588806152344
0.1142578125,32.4649620056152,269.379730224609,1,853.999206542969,445.460998535156
0.1181640625,29.5916137695312,269.482574462891,1,583.142639160156,427.379425048828
0.11328125,26.8631267547607,269.608428955078,1,326.889739990234,239.576904296875
0.1103515625,24.2352752685547,269.747406005859,1,293.734069824219,363.501281738281
0.1083984375,21.68137550354,269.888702392578,1,299.038421630859,358.326904296875
0.11328125,19.027042388916,270.028442382812,1,301.663543701172,332.546936035156
0.1123046875,16.4573402404785,270.146331787109,1,292.293762207031,329.21142578125
0.109375,13.9638175964355,270.243316650391,1,926.035095214844,589.081298828125
0.111328125,11.4819498062134,270.329528808594,1,964.088562011719,478.627807617188
0.107421875,9.12828540802002,270.410339355469,1,864.529052734375,468.771728515625
0.1083984375,6.78895235061646,270.495788574219,1,842.817321777344,473.029083251953
0.109375,4.4865140914917,270.587554931641,1,820.435791015625,457.910522460938
0.10546875,2.3043475151062,270.676361083984,1,835.07470703125,456.975799560547
0.1083984375,0.0956726297736168,270.754791259766,1,766.752868652344,307.082458496094
0.107421875,-2.03285479545593,270.808258056641,1,243.377395629883,318.831146240234
0.1083984375,-4.15840625762939,270.833740234375,1,215.418243408203,327.787353515625
0.1083984375,-6.21918153762817,270.832214355469,1,252.424682617188,325.592620849609
0.1083984375,-8.25572681427002,270.812469482422,1,275.773376464844,334.898376464844
0.115234375,-10.3703184127808,270.781524658203,1,878.259094238281,373.070190429688
0.11328125,-12.3971471786499,270.749450683594,1,881.964111328125,380.641723632812
0.107421875,-14.27587890625,270.721771240234,1,851.183471679688,388.607147216797
0.107421875,-16.0994873046875,270.6982421875,1,771.580810546875,267.411712646484
0.10546875,-17.8393039703369,270.678161621094,1,764.623229980469,261.413391113281
0.1064453125,-19.5505275726318,270.659393310547,1,774.103149414062,280.489410400391
0.107421875,-21.2279796600342,270.641326904297,1,795.718811035156,256.231872558594
0.10546875,-22.8380661010742,270.623443603516,1,780.647583007812,297.894256591797
0.107421875,-24.4251956939697,270.605377197266,1,774.135375976562,279.213592529297
0.1064453125,-25.963451385498,270.587890625,1,769.464050292969,295.725860595703
0.1044921875,-27.4324531555176,270.57275390625,1,777.64208984375,204.249496459961
0.1064453125,-28.883150100708,270.560333251953,1,1080.74353027344,-72.5615310668945
0.115234375,-30.4044857025146,270.551116943359,1,906.722290039062,404.101348876953
0.107421875,-31.7815723419189,270.546417236328,1,916.117614746094,418.920196533203
0.1083984375,-33.0994644165039,270.545349121094,1,909.592163085938,456.020446777344
0.10546875,-34.3364677429199,270.547210693359,1,885.772888183594,455.056396484375
0.10546875,-35.4999580383301,270.551330566406,1,901.786010742188,442.649993896484
0.1044921875,-36.604923248291,270.557220458984,1,875.37890625,432.186309814453
0.10546875,-37.6599388122559,270.564697265625,1,866.2939453125,409.690185546875
0.11328125,-38.754825592041,270.574340820312,1,709.986938476562,266.960876464844
0.109375,-39.7695732116699,270.585144042969,1,703.148132324219,269.728424072266
0.10546875,-40.7100105285645,270.596740722656,1,687.786071777344,549.600891113281
0.10546875,-41.6139602661133,270.609405517578,1,673.778442382812,563.093322753906
0.103515625,-42.4507865905762,270.622375488281,1,670.847106933594,554.507202148438
0.1044921875,-43.2338333129883,270.635650634766,1,664.337890625,553.597534179688
0.103515625,-43.945140838623,270.648620605469,1,806.808471679688,196.587554931641
0.1015625,-44.5859222412109,270.661102294922,1,801.184875488281,193.70182800293
0.103515625,-45.19384765625,270.673492431641,1,765.284301757812,228.017868041992
0.1025390625,-45.7461166381836,270.685119628906,1,774.301696777344,231.274337768555
0.1064453125,-46.2890586853027,270.696868896484,1,781.441833496094,234.375350952148
0.109375,-46.8190116882324,270.708526611328,1,347.307678222656,246.797332763672
0.107421875,-47.3032836914062,270.719329833984,1,315.963348388672,272.247955322266
0.103515625,-47.7375183105469,270.729431152344,1,274.441284179688,315.111846923828
0.10546875,-48.1453971862793,270.740173339844,1,257.1953125,307.731536865234
0.1064453125,-48.517936706543,270.751617431641,1,263.214904785156,313.062316894531
0.1103515625,-48.864086151123,270.763671875,1,495.168487548828,375.742767333984
0.1064453125,-49.1632804870605,270.774993896484,1,674.510925292969,419.366668701172
0.107421875,-49.4269905090332,270.784851074219,1,638.782043457031,443.178405761719
0.107421875,-49.6552276611328,270.792633056641,1,656.390625,315.271636962891
0.10546875,-49.840690612793,270.797698974609,1,758.108947753906,300.060302734375
0.103515625,-49.9886589050293,270.800598144531,1,784.743225097656,300.003875732422
0.103515625,-50.1128463745117,270.802307128906,1,784.666076660156,298.511138916016
0.103515625,-50.232967376709,270.803802490234,1,784.666076660156,298.511138916016
0.1044921875,-50.3559722900391,270.805603027344,1,756.261291503906,485.97314453125
0.1083984375,-50.4861907958984,270.807800292969,1,753.835571289062,486.852203369141
0.10546875,-50.6153678894043,270.810455322266,1,707.821655273438,330.749298095703
0.1064453125,-50.7454872131348,270.813354492188,1,752.630615234375,472.353790283203
0.1044921875,-50.8755187988281,270.816314697266,1,762.896423339844,460.728210449219
0.10546875,-51.022045135498,270.819366455078,1,770.728149414062,472.966430664062
0.1044921875,-51.207088470459,270.822875976562,1,772.061096191406,450.332855224609
0.1025390625,-51.433521270752,270.826751708984,1,760.728881835938,449.788177490234
0.103515625,-51.7054061889648,270.831024169922,1,748.781799316406,449.018280029297
0.1025390625,-52.0203285217285,270.835906982422,1,785.603637695312,299.048431396484
0.1064453125,-52.3894844055176,270.842315673828,1,786.977844238281,306.370239257812
0.1044921875,-52.7996215820312,270.850555419922,1,766.085205078125,235.330596923828
0.103515625,-53.2508201599121,270.860656738281,1,766.566955566406,251.041961669922
0.1025390625,-53.7403678894043,270.871826171875,1,231.476470947266,425.13330078125
0.103515625,-54.2821884155273,270.883697509766,1,231.476470947266,425.13330078125
0.1064453125,-54.87744140625,270.895690917969,1,297.707122802734,322.377960205078
0.12109375,-55.6150741577148,270.908935546875,1,580.097717285156,357.570434570312
0.107421875,-56.3235168457031,270.920288085938,1,772.718139648438,402.898345947266
0.10546875,-57.0585403442383,270.930969238281,1,778.709350585938,477.920593261719
0.1044921875,-57.8405113220215,270.941436767578,1,786.124145507812,477.4921875
0.107421875,-58.6794967651367,270.951690673828,1,788.092834472656,455.598205566406
0.10546875,-59.5580406188965,270.9609375,1,788.004821777344,458.731750488281
0.1044921875,-60.4702224731445,270.967926025391,1,794.897399902344,442.373016357422
0.1025390625,-61.4137916564941,270.971710205078,1,764.4423828125,363.491912841797
0.1064453125,-62.4318885803223,270.971527099609,1,788.810363769531,456.421234130859
0.1025390625,-63.4587249755859,270.966888427734,1,790.739501953125,447.555297851562
0.103515625,-64.5472717285156,270.957183837891,1,785.987670898438,445.085571289062
0.1064453125,-65.7134780883789,270.941711425781,1,798.892517089844,458.056396484375
0.10546875,-66.9104080200195,270.920349121094,1,801.246337890625,461.743896484375
0.1044921875,-68.1387405395508,270.893798828125,1,760.005676269531,260.566009521484
0.1005859375,-69.3789596557617,270.864807128906,1,737.460510253906,264.707061767578
0.1015625,-70.6607513427734,270.835693359375,1,763.006591796875,251.714248657227
0.103515625,-72.0052108764648,270.808563232422,1,749.29541015625,229.813674926758
0.1015625,-73.3824768066406,270.786041259766,1,742.308715820312,159.155532836914
0.107421875,-74.8759765625,270.768402099609,1,730.46533203125,236.035415649414
0.10546875,-76.3936233520508,270.758026123047,1,748.477233886719,245.775695800781
0.1044921875,-77.9523315429688,270.754943847656,1,758.84326171875,261.789398193359
0.10546875,-79.5662155151367,270.759002685547,1,749.306518554688,260.865844726562
0.107421875,-81.260871887207,270.767913818359,1,766.842956542969,267.453277587891
0.1103515625,-83.0346984863281,270.776641845703,1,719.38037109375,155.46728515625
0.1044921875,-84.7879409790039,270.777740478516,1,748.390625,157.738983154297
0.1044921875,-86.555778503418,270.766326904297,1,741.586120605469,248.831085205078
0.1025390625,-88.3119354248047,270.740600585938,1,760.318786621094,243.654006958008
0.1044921875,-90.1217956542969,270.701629638672,1,747.934020996094,225.144836425781
0.1044921875,-91.9310073852539,270.657592773438,1,766.404235839844,224.402954101562
0.1015625,-93.7186584472656,270.6181640625,1,740.767150878906,130.880432128906
0.1025390625,-95.5313110351562,270.588500976562,1,755.55224609375,148.176574707031
0.103515625,-97.3562240600586,270.569854736328,1,738.311828613281,152.991729736328
0.1044921875,-99.2452087402344,270.558959960938,1,759.634887695312,241.635009765625
0.1025390625,-101.094520568848,270.551635742188,1,748.988342285156,259.405059814453
0.1025390625,-102.950225830078,270.543426513672,1,738.2138671875,161.464599609375
0.1015625,-104.811325073242,270.531768798828,1,767.717346191406,255.941986083984
0.1201171875,-107.043800354004,270.513214111328,1,813.585205078125,372.192260742188
0.1005859375,-108.945877075195,270.495269775391,1,834.07861328125,492.096496582031
0.1015625,-110.874351501465,270.476959228516,1,824.249450683594,492.651306152344
0.119140625,-113.165962219238,270.456909179688,1,838.236083984375,477.017364501953
0.1025390625,-115.139251708984,270.441375732422,1,825.088806152344,464.367584228516
0.1181640625,-117.471786499023,270.424346923828,1,831.525817871094,461.290710449219
0.1025390625,-119.487442016602,270.409759521484,1,792.534973144531,404.158477783203
0.1181640625,-121.862968444824,270.391357421875,1,822.558166503906,445.249786376953
0.103515625,-123.952781677246,270.371765136719,1,370.911712646484,374.059722900391
0.1201171875,-126.385124206543,270.342803955078,1,311.557983398438,371.011535644531
0.1005859375,-128.461395263672,270.312683105469,1,288.703826904297,373.031707763672
0.1025390625,-130.580078125,270.278594970703,1,767.206604003906,341.283905029297
0.111328125,-132.91227722168,270.240112304688,1,751.895874023438,327.538879394531
0.103515625,-135.091323852539,270.206115722656,1,756.981628417969,248.767318725586
0.103515625,-137.294082641602,270.174072265625,1,756.876098632812,258.053894042969
0.1015625,-139.460845947266,270.143890380859,1,754.202758789062,288.409332275391
0.1171875,-141.986602783203,270.108154296875,1,757.08740234375,243.28369140625
0.1181640625,-144.545684814453,270.068817138672,1,767.300476074219,243.697555541992
0.1181640625,-147.119567871094,270.024230957031,1,770.71484375,241.332412719727
0.119140625,-149.762283325195,269.973114013672,1,769.76123046875,247.626892089844
0.1162109375,-152.343215942383,269.921905517578,1,759.159362792969,267.291564941406
0.1025390625,-154.627716064453,269.880767822266,1,760.292724609375,268.439819335938
0.115234375,-157.224716186523,269.842895507812,1,758.523559570312,257.968109130859
0.115234375,-159.810089111328,269.816955566406,1,784.265686035156,278.658172607422
0.1162109375,-162.445327758789,269.802856445312,1,775.04248046875,279.642547607422
0.115234375,-165.034301757812,269.800170898438,1,768.683471679688,264.911895751953
0.115234375,-167.609451293945,269.805328369141,1,765.598571777344,262.516387939453
0.11328125,-170.154312133789,269.811553955078,1,763.194030761719,286.194000244141
0.1181640625,-172.772583007812,269.811920166016,1,826.002197265625,429.945037841797
0.1015625,-175.009826660156,269.803802490234,1,853.745056152344,418.973266601562
0.1181640625,-177.616683959961,269.782318115234,1,764.09765625,273.627593994141
0.115234375,-180.140090942383,269.748809814453,1,754.701171875,255.870880126953
0.1015625,-182.365219116211,269.711975097656,1,772.733459472656,267.932800292969
0.1171875,-184.910232543945,269.672698974609,1,753.745056152344,175.922271728516
0.1201171875,-187.514175415039,269.649261474609,1,752.929992675781,288.291534423828
0.1005859375,-189.67448425293,269.648803710938,1,781.700012207031,243.579345703125
0.1171875,-192.206970214844,269.671325683594,1,757.618591308594,273.842010498047
0.11328125,-194.632614135742,269.713226318359,1,771.879455566406,272.676727294922
0.1123046875,-197.023071289062,269.767578125,1,780.934020996094,398.544372558594
0.109375,-199.341171264648,269.826629638672,1,807.32666015625,471.992370605469
0.109375,-201.660385131836,269.888702392578,1,790.796630859375,461.665222167969
0.109375,-203.988388061523,269.953643798828,1,785.660766601562,350.601684570312
0.1083984375,-206.280532836914,270.021392822266,1,768.526428222656,257.106384277344
0.1103515625,-208.611068725586,270.094818115234,1,757.837890625,247.619323730469
0.107421875,-210.872268676758,270.1689453125,1,757.25146484375,266.210601806641
0.107421875,-213.121383666992,270.242797851562,1,818.640258789062,493.590515136719
0.107421875,-215.391830444336,270.315185546875,1,813.30419921875,483.353759765625
0.1064453125,-217.63639831543,270.382904052734,1,835.826110839844,478.555450439453
0.10546875,-219.842819213867,270.444793701172,1,829.834716796875,479.042236328125
0.1025390625,-222.020980834961,270.498046875,1,835.323486328125,471.305603027344
0.10546875,-224.230529785156,270.539398193359,1,849.46435546875,478.678863525391
0.1103515625,-226.566665649414,270.566101074219,1,841.217224121094,475.032043457031
0.10546875,-228.797058105469,270.576629638672,1,851.551940917969,480.672393798828
0.1064453125,-231.050186157227,270.57861328125,1,870.132751464844,478.4658203125
0.1064453125,-233.307540893555,270.577453613281,1,857.481811523438,455.051391601562
0.107421875,-235.56071472168,270.577850341797,1,834.343322753906,426.793304443359
0.10546875,-237.803115844727,270.581115722656,1,848.622375488281,443.50341796875
0.1025390625,-239.968154907227,270.583129882812,1,853.455871582031,447.437744140625
0.111328125,-242.328018188477,270.577056884766,1,856.825622558594,447.003723144531
0.1044921875,-244.544357299805,270.557373046875,1,860.928100585938,429.097869873047
0.1025390625,-246.715789794922,270.522064208984,1,884.327209472656,459.147125244141
0.115234375,-249.158782958984,270.465911865234,1,896.36083984375,457.436248779297
0.115234375,-251.587783813477,270.401031494141,1,922.697143554688,455.054138183594
0.115234375,-254.036758422852,270.33447265625,1,926.288513183594,452.426879882812
0.115234375,-256.466278076172,270.272430419922,1,925.732666015625,446.665832519531
0.1142578125,-258.904937744141,270.215576171875,1,965.106872558594,431.890167236328
0.1162109375,-261.350524902344,270.162414550781,1,946.222229003906,431.8544921875
0.111328125,-263.725799560547,270.112030029297,1,1000.97961425781,437.643890380859
0.1123046875,-266.108551025391,270.061004638672,1,994.511535644531,445.546752929688
0.1142578125,-268.530822753906,270.008239746094,1,856.645446777344,459.278930664062
0.11328125,-270.927612304688,269.955902099609,1,879.080200195312,459.359100341797
0.111328125,-273.285858154297,269.905487060547,1,823.607971191406,359.630798339844
0.1142578125,-275.711853027344,269.85546875,1,782.185729980469,287.431945800781
0.11328125,-278.130615234375,269.807586669922,1,772.958923339844,285.483367919922
0.1025390625,-280.305236816406,269.766662597656,1,867.808837890625,460.417663574219
0.1162109375,-282.766937255859,269.724456787109,1,888.872253417969,466.423248291016
0.115234375,-285.225158691406,269.688262939453,1,871.729248046875,450.472625732422
0.11328125,-287.659301757812,269.65771484375,1,889.419494628906,449.631469726562
0.115234375,-290.140777587891,269.629852294922,1,891.536682128906,455.892456054688
0.1123046875,-292.572326660156,269.603485107422,1,777.001892089844,246.10563659668
0.11328125,-295.020843505859,269.576171875,1,775.529235839844,260.860717773438
0.111328125,-297.452056884766,269.547729492188,1,759.388793945312,254.840240478516
0.1103515625,-299.869995117188,269.518493652344,1,425.35546875,367.590515136719
0.11328125,-302.347534179688,269.489929199219,1,323.940643310547,385.597930908203
0.11328125,-304.854400634766,269.465026855469,1,340.5751953125,366.085479736328
0.1103515625,-307.287445068359,269.4462890625,1,291.693664550781,388.923706054688
0.1103515625,-309.731781005859,269.433715820312,1,899.814636230469,376.272369384766
0.1083984375,-312.162689208984,269.427459716797,1,933.563720703125,384.018249511719
0.109375,-314.602111816406,269.427124023438,1,878.349914550781,457.155242919922
0.107421875,-316.999389648438,269.432189941406,1,854.744689941406,436.270904541016
0.1083984375,-319.437805175781,269.442626953125,1,851.206298828125,445.785064697266
0.1064453125,-321.851898193359,269.458312988281,1,862.147827148438,446.329620361328
0.1123046875,-324.401184082031,269.480682373047,1,867.653381347656,466.676330566406
0.1123046875,-326.932037353516,269.509033203125,1,875.418334960938,465.745697021484
0.10546875,-329.3544921875,269.541015625,1,1168.05920410156,522.269897460938
0.1083984375,-331.817596435547,269.577362060547,1,1407.83764648438,613.6201171875
0.109375,-334.325469970703,269.617065429688,1,1435.04821777344,595.767456054688
0.107421875,-336.782836914062,269.657745361328,1,1501.63415527344,576.201110839844
0.107421875,-339.266815185547,269.699920654297,1,1568.41040039062,585.005126953125
0.107421875,-341.744018554688,269.742736816406,1,1420.73950195312,584.68359375
0.1064453125,-344.213684082031,269.786346435547,1,852.206970214844,519.123474121094
0.107421875,-346.713226318359,269.831634521484,1,850.267700195312,512.660400390625
0.1044921875,-349.133483886719,269.876770019531,1,897.215698242188,352.968933105469
0.111328125,-351.744415283203,269.926971435547,1,899.9384765625,476.411865234375
0.111328125,-354.347839355469,269.978515625,1,906.264953613281,470.222839355469
0.109375,-356.916046142578,270.030731201172,1,807.730712890625,376.404418945312
0.1103515625,-359.51416015625,270.084808349609,1,814.223815917969,345.593566894531
0.1044921875,-361.972045898438,270.137145996094,1,809.9638671875,373.965118408203
0.1044921875,-364.425537109375,270.190460205078,1,998.829223632812,402.994049072266
0.1044921875,-366.906951904297,270.245483398438,1,1023.02648925781,399.101959228516
0.1083984375,-369.478820800781,270.303771972656,1,1052.97595214844,389.746185302734
0.10546875,-371.977478027344,270.361694335938,1,1048.86730957031,397.291870117188
0.1025390625,-374.427581787109,270.421112060547,1,1060.34594726562,410.375244140625
0.103515625,-376.890716552734,270.489776611328,1,1087.6953125,408.619049072266
0.1044921875,-379.401702880859,270.580505371094,1,1004.11444091797,429.004180908203
0.1044921875,-381.899993896484,270.703094482422,1,993.399047851562,417.614227294922
0.1064453125,-384.463928222656,270.872955322266,1,1010.06726074219,423.232177734375
0.1064453125,-387.035125732422,271.097290039062,1,1003.50274658203,413.186553955078
0.1044921875,-389.571014404297,271.379943847656,1,1017.59967041016,402.19189453125
0.1044921875,-392.135070800781,271.735748291016,1,1040.94372558594,482.612823486328
0.103515625,-394.667938232422,272.164978027344,1,1045.10754394531,482.668029785156
0.10546875,-397.23681640625,272.690002441406,1,1045.10754394531,482.668029785156
0.1025390625,-399.712921142578,273.293853759766,1,1045.10754394531,482.668029785156
0.103515625,-402.191253662109,274.006683349609,1,992.635681152344,511.753479003906
0.1064453125,-404.700988769531,274.848114013672,1,958.563110351562,422.913360595703
0.1083984375,-407.240081787109,275.817474365234,1,919.578918457031,398.681121826172
0.1123046875,-409.818664550781,276.907257080078,1,892.50439453125,431.175872802734
0.1123046875,-412.394409179688,278.074371337891,1,887.404663085938,427.386871337891
0.111328125,-414.916595458984,279.269348144531,1,887.506042480469,437.242553710938
0.1103515625,-417.4111328125,280.489166259766,1,888.137573242188,433.618255615234
0.111328125,-419.905914306641,281.749755859375,1,875.395629882812,428.200714111328
0.111328125,-422.381134033203,283.045684814453,1,937.241394042969,452.748962402344
0.109375,-424.811370849609,284.368560791016,1,929.988220214844,448.867614746094
0.111328125,-427.254821777344,285.754150390625,1,908.762329101562,446.046356201172
0.1083984375,-429.620147705078,287.144378662109,1,920.933471679688,422.637939453125
0.111328125,-432.061096191406,288.602813720703,1,886.902526855469,295.444732666016
0.1083984375,-434.411315917969,290.008453369141,1,1041.85900878906,466.625823974609
0.1064453125,-436.722747802734,291.395690917969,1,1058.2490234375,467.419647216797
0.1044921875,-439.008850097656,292.7919921875,1,1090.35095214844,476.644409179688
0.1064453125,-441.291625976562,294.232208251953,1,1091.42980957031,488.831207275391
0.1064453125,-443.571685791016,295.736999511719,1,1091.09533691406,489.570526123047
0.107421875,-445.815795898438,297.296569824219,1,1070.37548828125,460.335113525391
0.1064453125,-448.021789550781,298.907653808594,1,1098.03662109375,438.46337890625
0.111328125,-450.28271484375,300.632843017578,1,1090.74731445312,444.437622070312
0.10546875,-452.410766601562,302.319305419922,1,1105.00244140625,443.419250488281
0.107421875,-454.529174804688,304.060760498047,1,1078.41955566406,454.022308349609
0.1083984375,-456.655090332031,305.882659912109,1,1100.93408203125,440.135040283203
0.1083984375,-458.726348876953,307.743011474609,1,1001.95294189453,432.898834228516
0.1142578125,-460.862579345703,309.761962890625,1,1010.37133789062,454.412078857422
0.115234375,-462.961975097656,311.854278564453,1,1004.43322753906,438.631439208984
0.103515625,-464.808410644531,313.785491943359,1,1000.80419921875,430.323089599609
0.115234375,-466.825836181641,315.991027832031,1,977.728088378906,314.457092285156
0.115234375,-468.792327880859,318.245635986328,1,1000.12628173828,438.148651123047
0.1162109375,-470.709350585938,320.555053710938,1,1008.22644042969,443.347320556641
0.1162109375,-472.571746826172,322.914764404297,1,991.82470703125,412.784881591797
0.115234375,-474.374908447266,325.318939208984,1,992.801330566406,430.850189208984
0.1015625,-475.910888671875,327.466064453125,1,935.614868164062,434.786834716797
0.1015625,-477.406341552734,329.648284912109,1,913.162414550781,434.779083251953
0.1015625,-478.85693359375,331.852325439453,1,959.74267578125,338.052520751953
0.1005859375,-480.261322021484,334.058197021484,1,1010.29644775391,471.051788330078
0.1005859375,-481.650970458984,336.296936035156,1,1019.47998046875,467.166320800781
0.1171875,-483.233001708984,338.907318115234,1,1126.16174316406,464.579681396484
0.1005859375,-484.571380615234,341.178375244141,1,1151.11291503906,416.231811523438
0.1005859375,-485.880859375,343.474304199219,1,1241.73376464844,375.514953613281
0.103515625,-487.177429199219,345.842346191406,1,1209.24572753906,348.556640625
0.1015625,-488.415985107422,348.214935302734,1,1175.60095214844,411.924774169922
0.1025390625,-489.608978271484,350.621154785156,1,1089.42224121094,384.931091308594
0.1044921875,-490.777191162109,353.107299804688,1,1069.22631835938,411.932159423828
0.103515625,-491.889221191406,355.605499267578,1,1080.18859863281,421.358581542969
0.1025390625,-492.931823730469,358.074768066406,1,1070.0615234375,414.526123046875
0.103515625,-493.951446533203,360.622314453125,1,773.9033203125,269.862060546875
0.103515625,-494.917694091797,363.175598144531,1,782.876403808594,268.407379150391
0.1025390625,-495.826538085938,365.723937988281,1,1051.04736328125,406.44677734375
0.1015625,-496.675445556641,368.258514404297,1,1055.42004394531,437.731842041016
0.1005859375,-497.471649169922,370.800231933594,1,1040.142578125,428.403869628906
0.1025390625,-498.229888916016,373.399963378906,1,1044.82312011719,440.795501708984
0.1025390625,-498.939208984375,376.025268554688,1,1009.84515380859,416.269348144531
0.1044921875,-499.6083984375,378.716552734375,1,1020.99945068359,420.194854736328
0.1015625,-500.205810546875,381.343383789062,1,860.721374511719,345.389862060547
0.1025390625,-500.756011962891,384.010009765625,1,801.801574707031,286.529541015625
0.1044921875,-501.258483886719,386.728729248047,1,780.089721679688,253.625534057617
0.1044921875,-501.710021972656,389.493041992188,1,787.728515625,247.342254638672
0.1064453125,-502.106872558594,392.290191650391,1,960.899658203125,441.558715820312
0.1064453125,-502.446624755859,395.100860595703,1,951.671325683594,451.822143554688
0.1083984375,-502.734039306641,397.962768554688,1,904.984924316406,430.402465820312
0.111328125,-502.97314453125,400.938293457031,1,939.208435058594,445.437469482422
0.107421875,-503.150085449219,403.806549072266,1,958.423522949219,441.540924072266
0.10546875,-503.274139404297,406.611907958984,1,943.042419433594,448.103637695312
0.1083984375,-503.353088378906,409.498992919922,1,923.651672363281,439.59228515625
0.1064453125,-503.384429931641,412.361755371094,1,921.480407714844,465.537658691406
0.107421875,-503.370971679688,415.234893798828,1,917.353576660156,463.387176513672
0.1064453125,-503.316040039062,418.085510253906,1,899.081726074219,472.426330566406
0.107421875,-503.221038818359,420.951385498047,1,904.94189453125,456.587921142578
0.10546875,-503.09130859375,423.776519775391,1,901.330749511719,468.133575439453
0.1044921875,-502.936737060547,426.574035644531,1,869.49560546875,445.43798828125
0.10546875,-502.767333984375,429.368682861328,1,903.974548339844,440.917419433594
0.1005859375,-502.601196289062,432.040618896484,1,862.556762695312,432.728302001953
0.1083984375,-502.429412841797,434.898345947266,1,851.027465820312,431.14501953125
0.1044921875,-502.283142089844,437.641052246094,1,877.366271972656,436.412933349609
0.103515625,-502.165252685547,440.351043701172,1,856.631530761719,362.685607910156
0.107421875,-502.076843261719,443.12158203125,1,866.438049316406,444.234283447266
0.103515625,-502.023895263672,445.805053710938,1,889.225036621094,431.707153320312
0.103515625,-501.998168945312,448.455078125,1,896.118408203125,430.751861572266
0.103515625,-501.984130859375,451.092376708984,1,894.246154785156,443.731719970703
0.107421875,-501.964172363281,453.819427490234,1,889.67578125,452.458679199219
0.103515625,-501.929321289062,456.424743652344,1,881.167602539062,450.895263671875
0.1044921875,-501.87646484375,459.033111572266,1,837.431518554688,443.768096923828
0.1015625,-501.811309814453,461.55810546875,1,824.268188476562,454.469482421875
0.1005859375,-501.740112304688,464.059906005859,1,841.854736328125,462.673095703125
0.1171875,-501.658874511719,466.931060791016,1,834.945007324219,464.504699707031
0.1162109375,-501.584869384766,469.769317626953,1,834.564514160156,461.595123291016
0.1162109375,-501.518249511719,472.588104248047,1,835.926147460938,449.392028808594
0.115234375,-501.456146240234,475.362457275391,1,822.294372558594,442.298767089844
0.1025390625,-501.401123046875,477.804351806641,1,797.0087890625,450.085388183594
0.103515625,-501.343994140625,480.264739990234,1,819.236145019531,447.666564941406
0.1025390625,-501.289642333984,482.700012207031,1,785.941284179688,352.078308105469
0.103515625,-501.24462890625,485.120300292969,1,829.510864257812,444.092529296875
0.1171875,-501.211608886719,487.849090576172,1,833.627197265625,463.860656738281
0.103515625,-501.199584960938,490.263244628906,1,699.903747558594,372.66796875
0.1015625,-501.200378417969,492.607513427734,1,379.90380859375,298.725494384766
0.1044921875,-501.207122802734,494.997741699219,1,193.722854614258,277.616302490234
0.1162109375,-501.207763671875,497.639068603516,1,207.958862304688,282.539123535156
0.115234375,-501.187744140625,500.261016845703,1,740.323120117188,239.556564331055
0.1005859375,-501.149505615234,502.50830078125,1,720.838500976562,235.090896606445
0.1025390625,-501.093322753906,504.809326171875,1,731.777099609375,241.44807434082
0.1005859375,-501.029418945312,507.059234619141,1,878.137939453125,372.691436767578
0.115234375,-500.9599609375,509.593139648438,1,864.620483398438,379.257720947266
0.11328125,-500.909301757812,512.09033203125,1,833.152038574219,458.122924804688
0.115234375,-500.885192871094,514.597961425781,1,844.4609375,467.949951171875
0.1025390625,-500.888610839844,516.827880859375,1,843.683715820312,450.018432617188
0.1162109375,-500.918090820312,519.333129882812,1,831.393737792969,436.694793701172
0.115234375,-500.963806152344,521.802673339844,1,854.025024414062,451.346160888672
0.11328125,-501.012268066406,524.223693847656,1,886.52490234375,444.655426025391
0.1005859375,-501.051330566406,526.345336914062,1,878.720397949219,453.769195556641
0.1005859375,-501.084106445312,528.465148925781,1,891.398315429688,436.096252441406
0.1162109375,-501.113952636719,530.913208007812,1,875.195617675781,462.217590332031
0.1162109375,-501.137268066406,533.316467285156,1,887.119873046875,469.115844726562
0.1015625,-501.157257080078,535.42626953125,1,856.493774414062,466.415100097656
0.115234375,-501.184112548828,537.805603027344,1,844.29541015625,465.844848632812
0.115234375,-501.215301513672,540.150939941406,1,836.800842285156,472.689483642578
0.1005859375,-501.241882324219,542.200073242188,1,840.723754882812,464.672119140625
0.115234375,-501.265960693359,544.5224609375,1,859.486328125,27.7391815185547
0.11328125,-501.279724121094,546.8095703125,1,863.394897460938,435.768493652344
0.1171875,-501.282501220703,549.143127441406,1,847.805786132812,410.961517333984
0.1005859375,-501.276733398438,551.137451171875,1,836.197326660156,417.660552978516
0.11328125,-501.26318359375,553.39111328125,1,845.89111328125,327.526702880859
0.115234375,-501.244567871094,555.647216796875,1,859.448181152344,444.506958007812
0.1142578125,-501.222564697266,557.87451171875,1,845.683227539062,455.608825683594
0.1123046875,-501.194854736328,560.060791015625,1,840.689208984375,434.226654052734
0.111328125,-501.159454345703,562.262817382812,1,843.309692382812,273.850646972656
0.1142578125,-501.119354248047,564.540161132812,1,841.761474609375,121.888740539551
0.11328125,-501.080047607422,566.833129882812,1,841.761474609375,121.888740539551
0.1142578125,-501.042510986328,569.19873046875,1,852.523376464844,406.803955078125
0.1123046875,-501.010284423828,571.551818847656,1,782.047180175781,264.509552001953
0.115234375,-500.986175537109,574.004943847656,1,782.622802734375,285.329528808594
0.1162109375,-500.971130371094,576.519165039062,1,795.19482421875,272.905487060547
0.1162109375,-500.953460693359,579.069641113281,1,864.044006347656,449.814025878906
0.115234375,-500.921844482422,581.611694335938,1,862.193786621094,450.194244384766
0.1015625,-500.877655029297,583.8984375,1,855.5078125,444.875335693359
0.103515625,-500.815734863281,586.259765625,1,861.265563964844,430.341430664062
0.107421875,-500.7373046875,588.747009277344,1,887.958251953125,402.158538818359
0.1083984375,-500.661285400391,591.266967773438,1,894.862731933594,272.150451660156
0.1103515625,-500.605743408203,593.873107910156,1,885.627685546875,449.368804931641
0.1123046875,-500.58154296875,596.544006347656,1,880.621459960938,424.432250976562
0.1064453125,-500.591339111328,599.093872070312,1,911.386413574219,434.661682128906
0.103515625,-500.627532958984,601.562072753906,1,945.255920410156,435.089874267578
0.103515625,-500.675048828125,604.005920410156,1,956.31201171875,452.144195556641
0.1015625,-500.718414306641,606.40087890625,1,959.589904785156,464.746917724609
0.1044921875,-500.748413085938,608.777038574219,1,998.7060546875,444.979156494141
0.1025390625,-500.760986328125,611.0703125,1,969.720642089844,468.629974365234
0.1025390625,-500.757781982422,613.267028808594,1,985.513549804688,477.910766601562
0.103515625,-500.746246337891,615.402038574219,1,906.508483886719,451.273498535156
0.1083984375,-500.735534667969,617.518615722656,1,903.295837402344,455.018096923828
0.1064453125,-500.742309570312,619.525451660156,1,923.969482421875,283.097503662109
0.1064453125,-500.778747558594,621.445373535156,1,968.376281738281,435.034362792969
0.1044921875,-500.847351074219,623.244018554688,1,1004.96203613281,410.247314453125
0.1123046875,-500.949859619141,625.083679199219,1,1094.74487304688,426.005920410156
0.1123046875,-501.070434570312,626.83251953125,1,1135.36291503906,394.354583740234
0.1201171875,-501.20556640625,628.617614746094,1,1247.35009765625,401.707366943359
0.103515625,-501.315673828125,630.060913085938,1,1062.05310058594,485.773040771484
0.103515625,-501.416748046875,631.446472167969,1,1071.86950683594,461.432525634766
0.1015625,-501.505310058594,632.757568359375,1,1138.70544433594,470.204681396484
0.1171875,-501.590393066406,634.195495605469,1,1020.88732910156,676.057861328125
0.1103515625,-501.653411865234,635.470581054688,1,1119.41918945312,452.741455078125
0.107421875,-501.7001953125,636.652404785156,1,930.475280761719,449.584289550781
0.1083984375,-501.732086181641,637.761596679688,1,912.9912109375,438.679992675781
0.107421875,-501.749816894531,638.796569824219,1,902.772033691406,399.349609375
0.107421875,-501.754241943359,639.775573730469,1,797.117919921875,237.985687255859
0.107421875,-501.746795654297,640.717590332031,1,800.640747070312,243.627777099609
0.1025390625,-501.729461669922,641.605712890625,1,806.408447265625,248.450073242188
0.1103515625,-501.700164794922,642.562622070312,1,887.671752929688,432.126220703125
0.1064453125,-501.662445068359,643.484375,1,896.363647460938,425.199096679688
0.1064453125,-501.615753173828,644.433166503906,1,896.641418457031,416.815856933594
0.1064453125,-501.559020996094,645.440673828125,1,889.497314453125,431.904693603516
0.1044921875,-501.496307373047,646.460693359375,1,981.883605957031,461.748413085938
0.1025390625,-501.427520751953,647.512390136719,1,1572.43676757812,533.173706054688
0.1044921875,-501.349731445312,648.63330078125,1,1532.46984863281,568.370849609375
0.10546875,-501.264953613281,649.797119140625,1,1710.79138183594,532.247924804688
0.1044921875,-501.173858642578,651.013366699219,1,1762.58520507812,518.227783203125
0.1083984375,-501.076416015625,652.303344726562,1,1793.24291992188,546.268981933594
0.1064453125,-500.976867675781,653.632751464844,1,848.026306152344,294.222137451172
0.107421875,-500.876373291016,655.009826660156,1,894.450866699219,449.624969482422
0.111328125,-500.771026611328,656.496154785156,1,855.035095214844,456.998138427734
0.1083984375,-500.668212890625,657.981750488281,1,843.630310058594,455.838775634766
0.1064453125,-500.563232421875,659.509582519531,1,850.582641601562,445.590240478516
0.1064453125,-500.453216552734,661.062072753906,1,846.052429199219,433.895568847656
0.107421875,-500.332550048828,662.683715820312,1,845.195617675781,419.222930908203
0.119140625,-500.189514160156,664.549926757812,1,819.273071289062,438.279266357422
0.10546875,-500.061462402344,666.241394042969,1,844.964721679688,585.30419921875
0.1044921875,-499.936950683594,667.983825683594,1,853.216552734375,329.718902587891
0.1171875,-499.807464599609,669.967468261719,1,780.377563476562,419.803649902344
0.1123046875,-499.692840576172,671.941101074219,1,758.215393066406,324.074493408203
0.109375,-499.593566894531,673.914367675781,1,778.39306640625,451.286773681641
0.1142578125,-499.504516601562,676.010681152344,1,403.019683837891,393.459991455078
0.107421875,-499.432647705078,678.046325683594,1,386.709686279297,394.225524902344
0.111328125,-499.37353515625,680.19287109375,1,925.051147460938,182.621795654297
0.107421875,-499.331970214844,682.302368164062,1,1175.75573730469,118.327033996582
0.1083984375,-499.301330566406,684.46484375,1,1265.85571289062,91.0064239501953
0.1064453125,-499.275451660156,686.634460449219,1,995.152404785156,396.525268554688
0.1083984375,-499.247344970703,688.897094726562,1,949.292114257812,439.528137207031
0.1083984375,-499.212829589844,691.176086425781,1,946.691772460938,436.739440917969
0.109375,-499.162841796875,693.513549804688,1,939.117797851562,453.251708984375
0.1083984375,-499.093353271484,695.807922363281,1,951.053405761719,459.551239013672
0.1083984375,-499.007171630859,698.078796386719,1,948.7822265625,476.133605957031
0.1064453125,-498.917572021484,700.318725585938,1,934.526977539062,330.027587890625
0.109375,-498.836517333984,702.579345703125,1,934.618896484375,646.289733886719
0.109375,-498.775054931641,704.836608886719,1,953.924377441406,461.771759033203
0.109375,-498.736663818359,707.082275390625,1,987.77392578125,466.657379150391
0.111328125,-498.719146728516,709.336120605469,1,1006.36645507812,478.645568847656
0.109375,-498.715301513672,711.52685546875,1,998.810852050781,482.713714599609
0.107421875,-498.712493896484,713.647644042969,1,969.704406738281,482.873992919922
0.1103515625,-498.701568603516,715.7626953125,1,918.182434082031,467.943481445312
0.1103515625,-498.679840087891,717.822998046875,1,900.668579101562,482.130737304688
0.1103515625,-498.648010253906,719.85498046875,1,898.683959960938,487.974975585938
0.111328125,-498.607452392578,721.827819824219,1,888.0078125,450.772766113281
0.11328125,-498.558532714844,723.806030273438,1,1058.30871582031,456.797515869141
0.1142578125,-498.504913330078,725.73828125,1,1105.72973632812,488.450561523438
0.109375,-498.450988769531,727.528991699219,1,1079.45983886719,483.568237304688
0.1083984375,-498.394958496094,729.270690917969,1,1096.0615234375,472.997283935547
0.10546875,-498.339233398438,730.901672363281,1,853.051879882812,327.990936279297
0.109375,-498.280120849609,732.541442871094,1,829.536865234375,278.877258300781
0.107421875,-498.221954345703,734.080017089844,1,780.429077148438,262.102203369141
0.1083984375,-498.164215087891,735.565002441406,1,876.972351074219,342.08642578125
0.107421875,-498.109954833984,736.952514648438,1,1003.69000244141,534.641723632812
0.1123046875,-498.058013916016,738.316284179688,1,951.678161621094,418.478210449219
0.111328125,-498.014251708984,739.579895019531,1,976.215148925781,410.710754394531
0.1123046875,-497.980621337891,740.751098632812,1,984.155029296875,415.394653320312
0.111328125,-497.953460693359,741.81884765625,1,1046.97387695312,566.948425292969
0.111328125,-497.922882080078,742.801635742188,1,996.109985351562,263.302215576172
0.1083984375,-497.880401611328,743.691162109375,1,965.149353027344,285.869140625
0.109375,-497.820129394531,744.524230957031,1,965.149353027344,285.869140625
0.1103515625,-497.741180419922,745.295715332031,1,965.149353027344,285.869140625
0.11328125,-497.645690917969,746.0087890625,1,965.149353027344,285.869140625
0.1103515625,-497.544952392578,746.629943847656,1,965.149353027344,285.869140625
0.1142578125,-497.440826416016,747.196105957031,0,0,0
0.1171875,-497.341796875,747.69287109375,0,0,0
0.11328125,-497.256134033203,748.102355957031,0,0,0
0.1064453125,-497.187469482422,748.424621582031,0,0,0
0.10546875,-497.132537841797,748.686462402344,0,0,0
0.1015625,-497.091461181641,748.892639160156,0,0,0
0.10546875,-497.058624267578,749.069641113281,0,0,0
0.1044921875,-497.02880859375,749.240295410156,0,0,0
0.1044921875,-496.999114990234,749.413940429688,1,787.121215820312,214.6640625
0.1044921875,-496.968353271484,749.590698242188,1,779.600158691406,315.456329345703
0.1064453125,-496.935913085938,749.772033691406,1,940.603820800781,15.9671545028687
0.1044921875,-496.902923583984,749.952087402344,1,940.603820800781,15.9671545028687
0.103515625,-496.867248535156,750.144958496094,1,973.251098632812,336.226409912109
0.1064453125,-496.823852539062,750.381774902344,1,952.593994140625,343.686737060547
0.1044921875,-496.773284912109,750.662353515625,1,795.786560058594,334.083343505859
0.1025390625,-496.717468261719,750.979675292969,1,803.727478027344,335.362243652344
0.1044921875,-496.653900146484,751.348266601562,1,995.436401367188,356.459228515625
0.1044921875,-496.583923339844,751.760559082031,1,1032.28381347656,359.816162109375
0.1083984375,-496.505218505859,752.231994628906,1,967.16796875,313.60888671875
0.10546875,-496.422302246094,752.739135742188,1,939.48974609375,321.164306640625
0.10546875,-496.336120605469,753.287414550781,1,939.48974609375,321.164306640625
0.103515625,-496.248443603516,753.875183105469,1,981.880004882812,342.181182861328
0.10546875,-496.160308837891,754.510070800781,1,960.366455078125,202.986282348633
0.1064453125,-496.076599121094,755.169128417969,1,1019.99182128906,373.387023925781
0.109375,-495.998962402344,755.84716796875,1,1068.06481933594,351.560729980469
0.1083984375,-495.927520751953,756.535949707031,1,1067.17834472656,222.720367431641
0.1103515625,-495.85791015625,757.245971679688,1,1251.47973632812,243.600250244141
0.1025390625,-495.796203613281,757.895690917969,1,1228.61352539062,367.088165283203
0.11328125,-495.73095703125,758.596557617188,1,1195.33422851562,534.884521484375
0.1083984375,-495.667816162109,759.266418457031,1,1321.66723632812,516.587890625
0.11328125,-495.600830078125,759.954040527344,1,1385.99011230469,365.084564208984
0.1162109375,-495.528900146484,760.653564453125,1,1333.11706542969,208.601959228516
0.111328125,-495.455108642578,761.310668945312,1,1333.11706542969,208.601959228516
0.115234375,-495.369567871094,761.981262207031,1,1333.11706542969,208.601959228516
0.109375,-495.272918701172,762.616760253906,1,1478.78686523438,424.012969970703
0.109375,-495.157440185547,763.231994628906,1,1478.78686523438,424.012969970703
0.10546875,-495.0234375,763.809936523438,1,1478.78686523438,424.012969970703
0.1103515625,-494.853485107422,764.405944824219,1,1478.78686523438,424.012969970703
0.107421875,-494.659210205078,764.964538574219,1,1566.53271484375,179.531921386719
0.10546875,-494.440765380859,765.493347167969,1,1744.28955078125,141.221267700195
0.107421875,-494.19140625,766.012878417969,1,1686.61743164062,189.197402954102
0.1083984375,-493.912811279297,766.521118164062,1,1654.28942871094,198.399383544922
0.1044921875,-493.619476318359,766.99560546875,1,1654.28942871094,198.399383544922
0.1044921875,-493.303070068359,767.451721191406,1,1691.35461425781,207.214279174805
0.115234375,-492.923156738281,767.9384765625,1,1761.25317382812,160.458114624023
0.1162109375,-492.514984130859,768.401489257812,1,1812.13879394531,172.970520019531
0.1015625,-492.133636474609,768.788269042969,1,1812.13879394531,172.970520019531
0.1064453125,-491.713745117188,769.171020507812,1,1729.63610839844,205.90348815918
0.10546875,-491.267547607422,769.535339355469,1,1686.7607421875,222.024169921875
0.103515625,-490.799987792969,769.877807617188,1,1600.46984863281,228.61848449707
0.1005859375,-490.318634033203,770.193359375,1,1620.46630859375,215.304870605469
0.1171875,-489.715423583984,770.541015625,1,1620.46630859375,215.304870605469
0.1015625,-489.153137207031,770.821594238281,1,1275.30737304688,182.041442871094
0.115234375,-488.477508544922,771.107727050781,1,1362.87536621094,166.367431640625
0.1044921875,-487.826202392578,771.334350585938,1,1322.66857910156,263.051696777344
0.1142578125,-487.076293945312,771.540649414062,1,1274.35021972656,243.69987487793
0.103515625,-486.358703613281,771.68603515625,1,1215.49194335938,246.349227905273
0.107421875,-485.579833984375,771.789855957031,1,1184.24060058594,388.505828857422
0.1083984375,-484.768829345703,771.841674804688,1,1058.55737304688,407.950317382812
0.1044921875,-483.962982177734,771.843933105469,1,1014.60778808594,393.40283203125
0.109375,-483.098449707031,771.803466796875,1,929.156494140625,537.547546386719
0.1044921875,-482.245452880859,771.728820800781,1,882.209838867188,486.282745361328
0.103515625,-481.384429931641,771.626098632812,1,882.209838867188,486.282745361328
0.103515625,-480.508544921875,771.500610351562,1,882.209838867188,486.282745361328
0.103515625,-479.618560791016,771.360168457031,1,775.952514648438,521.488952636719
0.1025390625,-478.714599609375,771.212524414062,1,808.717163085938,554.093566894531
0.1005859375,-477.814147949219,771.067993164062,1,808.717163085938,554.093566894531
0.1083984375,-476.817565917969,770.916564941406,1,808.717163085938,554.093566894531
0.103515625,-475.843444824219,770.780029296875,1,808.717163085938,554.093566894531
0.1025390625,-474.857116699219,770.654602050781,1,808.717163085938,554.093566894531
0.1015625,-473.837371826172,770.538391113281,1,1082.94763183594,307.857513427734
0.1025390625,-472.762786865234,770.429138183594,1,1156.54284667969,299.895965576172
0.1044921875,-471.622314453125,770.325927734375,1,1156.54284667969,299.895965576172
0.1044921875,-470.437744140625,770.228088378906,1,1230.28063964844,156.154830932617
0.1015625,-469.234710693359,770.131958007812,1,1390.056640625,135.388046264648
0.1181640625,-467.781982421875,770.014770507812,1,1222.76879882812,7.10094261169434
0.107421875,-466.425628662109,769.900329589844,1,1222.76879882812,7.10094261169434
0.1044921875,-465.115325927734,769.785400390625,1,855.800537109375,669.589477539062
0.1015625,-463.868255615234,769.675170898438,1,855.800537109375,669.589477539062
0.10546875,-462.586120605469,769.566284179688,1,741.113159179688,322.976013183594
0.1005859375,-461.367919921875,769.470458984375,1,738.901000976562,464.905548095703
0.1005859375,-460.164978027344,769.38525390625,1,740.412841796875,442.207916259766
0.1025390625,-458.941589355469,769.30908203125,1,353.456726074219,380.135986328125
0.1044921875,-457.700775146484,769.241455078125,1,352.304443359375,365.454071044922
0.103515625,-456.492523193359,769.183288574219,1,182.749877929688,315.130249023438
0.10546875,-455.259979248047,769.129516601562,1,175.790985107422,330.346954345703
0.103515625,-454.068298339844,769.082153320312,1,175.558502197266,327.974975585938
0.1064453125,-452.859466552734,769.038391113281,1,755.558959960938,445.601959228516
0.10546875,-451.662261962891,768.999633789062,1,826.001892089844,472.961669921875
0.10546875,-450.474151611328,768.96630859375,1,836.4228515625,463.219146728516
0.1044921875,-449.315307617188,768.939270019531,1,830.390380859375,446.432647705078
0.107421875,-448.130035400391,768.917419433594,1,1312.93432617188,78.2023696899414
0.1064453125,-446.966979980469,768.901428222656,1,1290.3935546875,82.4370498657227
0.1083984375,-445.798095703125,768.890563964844,1,1155.87463378906,144.68815612793
0.1103515625,-444.612762451172,768.884582519531,1,761.221313476562,331.741790771484
0.1162109375,-443.381103515625,768.883605957031,1,781.340942382812,279.118774414062
0.109375,-442.225921630859,768.88720703125,1,818.735290527344,221.158050537109
0.107421875,-441.109008789062,768.89501953125,1,905.416442871094,417.852447509766
0.107421875,-439.995300292969,768.906921386719,1,955.06103515625,408.164611816406
0.109375,-438.871246337891,768.919921875,1,927.619018554688,301.062561035156
0.1064453125,-437.795532226562,768.924987792969,1,933.130310058594,300.973358154297
0.1103515625,-436.690673828125,768.911926269531,1,933.130310058594,300.973358154297
0.1083984375,-435.611511230469,768.869262695312,1,933.130310058594,300.973358154297
0.11328125,-434.498565673828,768.7802734375,1,933.130310058594,300.973358154297
0.109375,-433.438354492188,768.644897460938,0,0,0
0.1083984375,-432.409423828125,768.464294433594,0,0,0
0.10546875,-431.42041015625,768.250244140625,0,0,0
0.1044921875,-430.457000732422,768.016845703125,1,727.993896484375,391.219879150391
0.1044921875,-429.503509521484,767.779541015625,1,765.014343261719,516.007141113281
0.103515625,-428.566375732422,767.555847167969,1,765.014343261719,516.007141113281
0.103515625,-427.632659912109,767.349853515625,1,706.111694335938,556.588745117188
0.1064453125,-426.685852050781,767.15966796875,1,693.085876464844,426.992156982422
0.10546875,-425.743896484375,766.985717773438,1,675.8369140625,417.931365966797
0.107421875,-424.793212890625,766.822326660156,1,1384.88757324219,564.629333496094
0.10546875,-423.863037109375,766.670654296875,1,1512.75341796875,537.508972167969
0.107421875,-422.935089111328,766.52587890625,1,1641.4560546875,523.197814941406
0.1064453125,-422.012817382812,766.389587402344,1,1546.12841796875,541.06982421875
0.1064453125,-421.103393554688,766.263549804688,1,807.983520507812,409.171295166016
0.1064453125,-420.19482421875,766.144897460938,1,848.944519042969,414.440948486328
0.109375,-419.270660400391,766.029235839844,1,848.954956054688,409.340148925781
0.1064453125,-418.388854980469,765.920593261719,1,879.878601074219,419.772155761719
0.1025390625,-417.571319580078,765.8193359375,1,854.255859375,408.835968017578
0.11328125,-416.719512939453,765.715026855469,1,856.763305664062,405.947784423828
0.111328125,-415.913726806641,765.62255859375,1,855.742919921875,378.709533691406
0.1103515625,-415.150970458984,765.543579101562,1,922.4482421875,397.2255859375
0.109375,-414.432800292969,765.477416992188,1,904.879516601562,213.060012817383
0.111328125,-413.704803466797,765.415832519531,1,814.222351074219,-243.247634887695
0.1123046875,-412.966461181641,765.35595703125,1,879.311401367188,352.860473632812
0.1103515625,-412.257415771484,765.300659179688,1,902.258422851562,501.993682861328
0.11328125,-411.546051025391,765.247802734375,1,757.322509765625,258.879333496094
0.1103515625,-410.860443115234,765.200012207031,1,754.455261230469,276.531646728516
0.111328125,-410.192291259766,765.157897949219,1,762.43359375,262.952850341797
0.1103515625,-409.556945800781,765.122924804688,1,780.949951171875,267.838439941406
0.11328125,-408.938446044922,765.094543457031,1,777.181701660156,255.936660766602
0.1015625,-408.408081054688,765.074645996094,1,748.576843261719,146.218551635742
0.1162109375,-407.852172851562,765.056701660156,1,783.7333984375,263.751708984375
0.1123046875,-407.369567871094,765.041198730469,1,777.177612304688,265.2412109375
0.1083984375,-406.960418701172,765.027526855469,1,779.98193359375,270.584289550781
0.111328125,-406.599426269531,765.015380859375,1,766.732788085938,260.905456542969
0.107421875,-406.306365966797,765.005310058594,1,769.164978027344,259.135620117188
0.1083984375,-406.068481445312,764.997497558594,1,765.482788085938,235.765808105469
0.1142578125,-405.882354736328,764.9921875,1,761.068664550781,241.571685791016
0.11328125,-405.764099121094,764.989440917969,1,860.157653808594,429.688995361328
