time_step,pos_x,pos_z,eye_pos_valid,eye_pos_x,eye_pos_y
0,-318.094177,4.425294,0,0,0
0.105469,-318.106506,4.40421,0,0,0
0.101562,-318.106018,4.391851,0,0,0
0.105469,-318.1073,4.381828,0,0,0
0.101562,-318.109192,4.378139,0,0,0
0.101562,-318.110718,4.381977,1,744.767944,298.43512
0.105469,-318.111237,4.390062,1,762.37561,420.035065
0.105469,-318.110931,4.395842,1,776.437561,376.046082
0.101562,-318.110321,4.395684,1,1226.360107,227.840225
0.109375,-318.10968,4.391005,1,1235.938477,225.774796
0.101562,-318.109283,4.386735,1,1309.239502,189.455383
0.101562,-318.1091,4.385724,1,1309.964844,185.505875
0.101562,-318.109192,4.387682,1,1305.035278,173.704178
0.101562,-318.109375,4.390179,1,1301.525146,175.35347
0.101562,-318.10968,4.391343,1,1356.641235,162.770218
0.105469,-318.109894,4.390859,1,1355.330933,158.866302
0.101562,-318.109924,4.38973,1,1308.239624,164.969009
0.101562,-318.109863,4.388916,1,1276.180664,171.489258
0.105469,-318.109802,4.388819,1,1216.899048,219.101852
0.105469,-318.109741,4.389207,1,1163.700562,330.104858
0.105469,-318.109711,4.389643,1,1339.646484,302.463806
0.105469,-318.109741,4.389864,1,1332.012207,304.749146
0.101562,-318.109772,4.389838,1,1332.971924,305.521545
0.109375,-318.109802,4.389667,1,1324.793335,299.757629
0.101562,-318.109833,4.389503,1,1333.19812,302.778351
0.105469,-318.109802,4.389433,1,1333.527588,301.782501
0.109375,-318.109802,4.389482,1,1338.360474,303.925354
0.105469,-318.109772,4.389591,1,1334.58374,300.722076
0.101562,-318.109772,4.389676,1,1337.237183,301.717407
0.109375,-318.109772,4.389693,1,1336.203613,300.835114
0.105469,-318.109772,4.389649,1,1389.92981,309.225494
0.101562,-318.109802,4.3896,1,1393.448364,298.086334
0.109375,-318.109802,4.389582,1,925.902649,460.169281
0.101562,-318.109802,4.389603,1,855.657349,468.240479
0.105469,-318.109802,4.389646,1,855.111267,456.968933
0.105469,-318.109802,4.389632,1,859.493042,461.664764
0.109375,-318.109802,4.389276,1,881.875854,494.926025
0.105469,-318.109772,4.388089,1,910.479675,533.05011
0.105469,-318.109924,4.3855,1,906.743713,537.288513
0.105469,-318.110168,4.380791,1,910.138123,546.885376
0.105469,-318.110474,4.373946,1,926.6521,556.944885
0.105469,-318.110901,4.364722,1,934.796204,564.234924
0.105469,-318.111359,4.353476,1,949.465271,435.435944
0.105469,-318.11203,4.340021,1,949.465271,435.435944
0.105469,-318.112701,4.324521,1,1954.700806,934.511047
0.105469,-318.113495,4.307035,1,1954.700806,934.511047
0.109375,-318.11441,4.286593,1,1954.700806,934.511047
0.105469,-318.115387,4.264489,1,951.360046,-117.201118
0.101562,-318.116425,4.242234,1,862.810608,480.427063
0.105469,-318.117584,4.216457,1,874.194397,463.940735
0.105469,-318.118896,4.188116,1,872.195557,469.127136
0.109375,-318.12027,4.157941,1,872.580322,459.830902
0.101562,-318.121643,4.127883,1,872.040344,462.96048
0.109375,-318.123322,4.092338,1,868.85022,458.204346
0.101562,-318.124847,4.059195,1,865.617615,445.839752
0.105469,-318.126648,4.020639,1,862.69458,448.091705
0.109375,-318.128754,3.975931,1,862.236389,455.083374
0.105469,-318.131073,3.925453,1,883.684021,545.392639
0.101562,-318.133759,3.868484,1,892.902161,563.984436
0.101562,-318.136841,3.801269,1,909.205078,563.574524
0.109375,-318.1409,3.714433,1,925.732422,585.488525
0.105469,-318.145691,3.612661,1,928.849426,583.362061
0.109375,-318.151672,3.484274,1,930.164429,573.111328
0.109375,-318.158783,3.330305,1,927.260254,577.557556
0.109375,-318.167267,3.146671,1,925.678955,580.111084
0.109375,-318.177277,2.928015,1,893.466248,530.481018
0.109375,-318.188263,2.686314,1,895.047424,531.278015
0.101562,-318.199921,2.427717,1,892.128235,535.138428
0.109375,-318.213593,2.122425,1,866.951538,427.382538
0.105469,-318.228058,1.795319,1,850.958496,360.490845
0.101562,-318.242889,1.457444,1,863.590698,359.505157
0.105469,-318.259521,1.072742,1,850.319275,363.326752
0.101562,-318.275818,0.690439,1,846.887512,370.752197
0.109375,-318.294586,0.245639,1,875.735046,511.144989
0.101562,-318.312927,-0.192787,1,874.166931,517.262573
0.109375,-318.333618,-0.693442,1,881.630859,518.827759
0.105469,-318.354706,-1.209805,1,904.147217,527.127869
0.109375,-318.377289,-1.764304,1,928.229431,536.804321
0.105469,-318.400085,-2.328507,1,927.621155,535.016968
0.101562,-318.422241,-2.87894,1,928.46582,528.593811
0.109375,-318.447296,-3.502542,1,931.827393,532.039978
0.105469,-318.471771,-4.11328,1,892.596375,402.51297
0.109375,-318.497833,-4.763432,1,885.013733,428.579041
0.101562,-318.522339,-5.376388,1,887.322021,437.532227
0.109375,-318.549957,-6.07126,1,885.913391,448.826202
0.105469,-318.577087,-6.754102,1,878.313049,534.549805
0.105469,-318.604614,-7.451347,1,878.172119,528.81842
0.105469,-318.632935,-8.172552,1,882.05835,529.361877
0.109375,-318.662659,-8.932233,1,896.245544,484.404144
0.105469,-318.691711,-9.673459,1,889.92926,481.394501
0.113281,-318.723785,-10.491344,1,887.931152,475.637573
0.109375,-318.755493,-11.298288,1,884.513977,479.973389
0.109375,-318.787231,-12.104962,1,886.738464,489.305511
0.109375,-318.820312,-12.945436,1,1132.202026,294.998627
0.109375,-318.853424,-13.79019,1,1277.620239,176.948212
0.113281,-318.887482,-14.67606,1,1345.487183,211.680511
0.105469,-318.919739,-15.546812,1,1115.194214,356.764923
0.105469,-318.950104,-16.405348,1,866.630432,508.298676
0.105469,-318.979004,-17.267063,1,868.016724,497.260773
0.109375,-319.007751,-18.1749,1,867.633728,493.631165
0.109375,-319.035278,-19.102421,1,917.410156,501.509125
0.109375,-319.061554,-20.040674,1,918.839111,524.144409
0.105469,-319.086334,-20.975754,1,915.681458,524.162903
0.101562,-319.108643,-21.857235,1,917.180786,520.81842
0.101562,-319.129974,-22.744078,1,919.367004,521.78717
0.101562,-319.151306,-23.663727,1,917.251404,512.110413
0.109375,-319.174042,-24.668184,1,882.528748,487.668945
0.101562,-319.194336,-25.577837,1,888.491272,491.15332
0.105469,-319.216431,-26.573797,1,893.797974,488.027374
0.105469,-319.23877,-27.569687,1,889.528687,490.032501
0.109375,-319.26123,-28.563028,1,929.548889,533.361023
0.105469,-319.284454,-29.586161,1,934.760803,541.037231
0.105469,-319.307465,-30.596989,1,922.431152,529.849854
0.105469,-319.330933,-31.631367,1,938.415527,526.762085
0.109375,-319.355957,-32.736221,1,915.01593,459.297638
0.105469,-319.38208,-33.892647,1,917.531921,459.89801
0.109375,-319.408844,-35.07901,1,915.257263,465.681183
0.101562,-319.436157,-36.289165,1,913.168457,457.83197
0.105469,-319.463898,-37.516651,1,911.579956,459.521271
0.105469,-319.492157,-38.765587,1,881.5979,487.302032
0.105469,-319.520447,-40.015629,1,881.410583,489.095825
0.101562,-319.547424,-41.205666,1,882.291382,489.929504
0.105469,-319.576172,-42.47821,1,909.883484,514.904785
0.109375,-319.605652,-43.783081,1,901.343506,523.119751
0.105469,-319.635468,-45.099781,1,904.98645,519.567993
0.101562,-319.663086,-46.323254,1,900.867004,512.671875
0.101562,-319.691467,-47.578255,1,843.368164,342.23468
0.109375,-319.722565,-48.953991,1,849.536621,337.468658
0.101562,-319.750183,-50.191284,1,895.815186,515.286621
0.105469,-319.778412,-51.505554,1,883.346069,508.740662
0.109375,-319.80481,-52.837944,1,891.017761,515.224365
0.101562,-319.826324,-54.04343,1,894.898193,520.049683
0.109375,-319.846344,-55.337696,1,902.931335,521.387634
0.105469,-319.862488,-56.586555,1,898.611572,519.840271
0.105469,-319.875671,-57.836193,1,902.463379,514.399719
0.101562,-319.885498,-58.995441,1,911.626709,508.076538
0.109375,-319.893921,-60.275139,1,902.187073,508.959045
0.105469,-319.900116,-61.497284,1,907.066467,514.44635
0.101562,-319.904877,-62.606956,1,902.820679,516.927185
0.105469,-319.909943,-63.80645,1,901.935181,521.34906
0.101562,-319.914551,-64.857117,1,902.242493,515.070251
0.105469,-319.919739,-65.951195,1,901.724731,511.334198
0.109375,-319.924805,-66.944931,1,902.209961,509.643616
0.105469,-319.929352,-67.812454,1,900.104187,516.953491
0.105469,-319.933411,-68.591553,1,903.014648,518.612854
0.105469,-319.936829,-69.259842,1,903.039001,524.241028
0.105469,-319.939545,-69.813835,1,896.975525,513.960571
0.105469,-319.941589,-70.264076,1,904.567932,516.310486
0.109375,-319.943176,-70.616592,1,874.45282,462.697998
0.105469,-319.944244,-70.859314,1,833.07019,393.16391
0.105469,-319.944885,-70.992432,1,829.465454,389.881805
0.101562,-319.945068,-71.025589,1,919.25,356.003418
0.101562,-319.945038,-71.017677,1,1304.093018,217.759766
0.101562,-319.945038,-71.004295,1,1307.313354,221.374176
0.105469,-319.945007,-70.996651,1,1114.198608,232.65274
0.109375,-319.945038,-70.997856,1,870.985107,391.061371
0.109375,-319.945038,-71.002991,1,875.112732,433.13858
0.101562,-319.945038,-71.006409,1,879.994812,424.342987
0.109375,-319.945038,-71.00679,1,924.421143,539.487061
0.101562,-319.945007,-71.005219,1,923.343262,533.823364
0.109375,-319.945007,-71.003578,1,916.898132,530.846313
0.105469,-319.945007,-71.003235,1,942.993958,526.412842
0.105469,-319.945038,-71.003799,1,972.382507,523.190979
0.109375,-319.945038,-71.004471,1,969.92981,522.200378
0.105469,-319.945038,-71.004684,1,976.579041,520.15332
0.109375,-319.945038,-71.004662,1,980.158997,515.967896
0.105469,-319.945038,-71.006302,1,980.319885,517.119995
0.109375,-319.945007,-71.010368,1,973.220886,521.91748
0.105469,-319.945007,-71.016899,1,969.060974,523.165771
0.109375,-319.945007,-71.026016,1,965.27478,531.130615
0.105469,-319.945038,-71.037086,1,964.830872,537.45874
0.105469,-319.945038,-71.05014,1,926.384155,252.398605
0.109375,-319.945038,-71.065392,1,832.512939,-143.791168
0.105469,-319.945038,-71.08284,1,832.512939,-143.791168
0.101562,-319.945068,-71.10128,1,832.512939,-143.791168
0.105469,-319.94519,-71.123283,1,832.512939,-143.791168
0.109375,-319.945343,-71.146973,0,0,0
0.105469,-319.945526,-71.173111,1,788.44342,-77.785645
0.109375,-319.945709,-71.201881,1,749.947205,514.298828
0.105469,-319.945862,-71.23111,1,785.736816,524.248657
0.105469,-319.946014,-71.262558,1,788.219177,523.66803
0.101562,-319.946198,-71.29525,1,791.861328,520.712219
0.105469,-319.94635,-71.330223,1,715.494202,512.488892
0.101562,-319.946472,-71.366623,1,368.804047,463.725708
0.105469,-319.946625,-71.404541,1,284.819244,460.976685
0.101562,-319.946777,-71.444855,1,218.362732,456.801208
0.109375,-319.946991,-71.489082,1,197.240921,453.07547
0.105469,-319.947144,-71.532852,1,523.541626,513.499939
0.105469,-319.947296,-71.579414,1,1059.143555,509.298462
0.101562,-319.947449,-71.626823,1,1051.603882,503.357544
0.105469,-319.947632,-71.675415,1,1055.062866,507.482941
0.101562,-319.947784,-71.726372,1,1198.406372,503.181854
0.105469,-319.947937,-71.779915,1,1418.340698,507.171509
0.105469,-319.94809,-71.834793,1,1363.697021,507.004486
0.105469,-319.948273,-71.890587,1,863.23761,532.522156
0.101562,-319.948395,-71.947281,1,871.945374,531.641846
0.109375,-319.948578,-72.009727,1,915.003357,527.383911
0.113281,-319.948761,-72.075455,1,908.779663,530.199463
0.105469,-319.949066,-72.140297,1,911.557434,534.164673
0.109375,-319.94931,-72.208435,1,911.649292,540.459351
0.105469,-319.949463,-72.274902,1,911.319885,548.585632
0.105469,-319.949646,-72.344284,1,908.350586,532.98761
0.109375,-319.949799,-72.41703,1,913.838623,534.573486
0.101562,-319.949829,-72.48661,1,897.703064,533.084351
0.109375,-319.949829,-72.567711,1,877.262878,521.888245
0.105469,-319.949829,-72.654671,1,878.79187,535.733337
0.101562,-319.949829,-72.750664,1,876.356506,528.937805
0.105469,-319.949829,-72.880188,1,876.80249,529.666687
0.105469,-319.94986,-73.045952,1,842.088684,360.690887
0.109375,-319.949829,-73.252258,1,843.710327,328.330994
0.105469,-319.949646,-73.508041,1,880.168396,353.280945
0.105469,-319.94931,-73.799004,1,902.880615,484.334534
0.105469,-319.948792,-74.135033,1,900.958923,515.912048
0.105469,-319.94809,-74.514366,1,891.720093,525.327698
0.109375,-319.947113,-74.941895,1,958.962646,309.277191
0.109375,-319.945862,-75.416756,1,958.962646,309.277191
0.105469,-319.944336,-75.928795,1,896.168762,437.631592
0.109375,-319.942535,-76.481506,1,895.389282,519.929688
0.109375,-319.940399,-77.07119,1,885.043518,519.901001
0.109375,-319.938019,-77.694778,1,888.202148,516.841675
0.109375,-319.935303,-78.358315,1,894.952515,511.310608
0.109375,-319.932281,-79.044228,1,898.001038,517.19928
0.109375,-319.92926,-79.736183,1,904.13324,509.945129
0.105469,-319.926117,-80.453766,1,902.620911,510.491119
0.109375,-319.922974,-81.204025,1,902.937744,498.978546
0.105469,-319.919983,-81.943115,1,901.931274,498.177185
0.105469,-319.916718,-82.730515,1,878.97113,491.492004
0.105469,-319.913452,-83.53791,1,874.690552,498.373901
0.109375,-319.909973,-84.384651,1,869.500427,500.155457
0.109375,-319.906403,-85.246124,1,868.364502,498.800781
0.109375,-319.90271,-86.136467,1,827.451965,377.445679
0.105469,-319.898987,-87.021156,1,832.290588,361.858704
0.109375,-319.89505,-87.978439,1,844.829102,373.974213
0.109375,-319.891083,-88.928383,1,919.764038,515.094116
0.109375,-319.887115,-89.900925,1,920.475769,514.834839
0.109375,-319.882996,-90.888496,1,1016.915588,547.609924
0.105469,-319.878876,-91.887932,1,1009.962402,541.562378
0.101562,-319.874969,-92.833488,1,1020.929932,551.702515
0.105469,-319.87088,-93.852501,1,900.155029,467.958313
0.109375,-319.867126,-94.929123,1,904.903137,473.362335
0.105469,-319.863983,-96.022743,1,907.66272,473.468597
0.101562,-319.861786,-97.074532,1,904.954285,476.270416
0.101562,-319.860382,-98.194305,1,906.214539,476.635223
0.105469,-319.860199,-99.439392,1,911.68158,481.659729
0.109375,-319.862701,-100.747414,1,906.515381,487.909851
0.109375,-319.868561,-102.061348,1,923.3078,484.436005
0.105469,-319.878326,-103.375229,1,948.348328,477.205811
0.101562,-319.891571,-104.631119,1,957.244141,471.67746
0.109375,-319.910614,-106.011551,1,953.389404,472.735352
0.101562,-319.93219,-107.284195,1,951.52063,472.888367
0.109375,-319.960846,-108.712265,1,959.542908,464.120819
0.105469,-319.9935,-110.099709,1,955.183105,463.712219
0.109375,-320.031677,-111.500282,1,951.100769,462.390747
0.109375,-320.077942,-112.972404,1,957.967224,461.260742
0.109375,-320.13089,-114.442856,1,955.055359,471.207428
0.109375,-320.192139,-115.938873,1,952.555786,478.126007
0.101562,-320.255463,-117.3162,1,948.853149,476.378265
0.101562,-320.32901,-118.754631,1,938.373108,483.614532
0.105469,-320.411621,-120.214302,1,967.433411,434.571716
0.101562,-320.50296,-121.683327,1,954.299927,448.660645
0.105469,-320.601776,-123.138702,1,946.128174,484.280182
0.101562,-320.70929,-124.599533,1,946.128174,484.280182
0.101562,-320.825439,-126.061821,1,961.96875,418.48645
0.101562,-320.953918,-127.565628,1,963.277832,511.498352
0.101562,-321.092285,-129.076065,1,955.764404,517.758057
0.101562,-321.23587,-130.545563,1,953.874207,518.66864
0.101562,-321.391052,-132.040848,1,951.169739,510.489838
0.101562,-321.560425,-133.57988,1,954.681274,500.516998
0.101562,-321.740662,-135.129181,1,981.971313,523.065247
0.105469,-321.937164,-136.729965,1,981.229492,513.054688
0.101562,-322.135345,-138.263611,1,974.100586,495.71701
0.101562,-322.344147,-139.804413,1,971.254028,494.101654
0.105469,-322.573669,-141.420349,1,971.676086,496.55069
0.101562,-322.807922,-142.999222,1,973.508606,495.448547
0.105469,-323.071564,-144.704086,1,968.401123,499.430817
0.101562,-323.334625,-146.342133,1,974.501282,505.587006
0.109375,-323.631653,-148.132614,1,953.593201,495.432465
0.101562,-323.921631,-149.83168,1,946.55719,499.184723
0.101562,-324.219055,-151.531754,1,944.819641,498.699066
0.109375,-324.555939,-153.410751,1,911.796265,391.736969
0.101562,-324.870758,-155.125549,1,866.652405,297.712189
0.105469,-325.213776,-156.95166,1,865.272095,306.632202
0.109375,-325.573639,-158.823303,1,943.382507,504.521942
0.101562,-325.929596,-160.632294,1,945.529419,502.647339
0.105469,-326.295715,-162.451889,1,946.400757,508.376648
0.109375,-326.677399,-164.307495,1,902.063049,409.513611
0.105469,-327.057343,-166.115005,1,864.411499,315.969849
0.105469,-327.44519,-167.921814,1,854.395203,319.272797
0.101562,-327.833435,-169.69397,1,915.608948,452.313904
0.105469,-328.23587,-171.494247,1,959.99585,570.8078
0.105469,-328.638672,-173.261597,1,956.846436,570.841248
0.101562,-329.033936,-174.968811,1,949.311218,563.089539
0.105469,-329.437134,-176.695374,1,957.550537,563.526062
0.101562,-329.844604,-178.439209,1,958.942627,555.524597
0.105469,-330.242035,-180.15004,1,924.72052,537.086487
0.105469,-330.64328,-181.894379,1,922.694092,537.117859
0.101562,-331.031769,-183.601135,1,958.792847,538.228333
0.101562,-331.409424,-185.271851,1,952.89209,527.834412
0.105469,-331.796356,-186.987579,1,968.811584,529.314758
0.101562,-332.177582,-188.675232,1,967.544861,523.156677
0.101562,-332.550903,-190.314972,1,964.569031,519.621948
0.101562,-332.929626,-191.95639,1,971.364441,521.436401
0.109375,-333.351929,-193.755341,1,980.370972,519.568054
0.109375,-333.771912,-195.510391,1,978.652954,508.712036
0.109375,-334.198517,-197.259247,1,977.623657,515.338257
0.109375,-334.630402,-198.998627,1,976.546082,512.626221
0.105469,-335.057404,-200.690323,1,975.929138,513.826904
0.105469,-335.490204,-202.378738,1,969.106079,517.402222
0.101562,-335.902893,-203.965469,1,964.695496,517.824158
0.105469,-336.348083,-205.652588,1,963.597534,522.34552
0.109375,-336.802216,-207.347626,1,960.597412,511.632263
0.101562,-337.226929,-208.90976,1,918.090698,282.238434
0.109375,-337.702271,-210.633682,1,903.533813,283.28598
0.109375,-338.173126,-212.318604,1,892.60321,295.819153
0.109375,-338.653046,-214.020157,1,950.204407,509.218689
0.109375,-339.118958,-215.666183,1,948.463623,519.452454
0.105469,-339.581818,-217.303726,1,951.838013,539.701111
0.109375,-340.043945,-218.946579,1,955.125122,529.278564
0.101562,-340.479431,-220.505005,1,951.489868,531.541077
0.105469,-340.923126,-222.101715,1,944.80957,520.704773
0.105469,-341.362396,-223.687119,1,948.51825,524.894653
0.101562,-341.786957,-225.220123,1,953.990906,508.148163
0.105469,-342.224792,-226.798904,1,1380.759399,145.960983
0.101562,-342.645599,-228.313416,1,1369.085693,148.986252
0.105469,-343.080078,-229.874512,1,1324.759277,173.840088
0.109375,-343.542175,-231.525909,1,1315.275269,186.229599
0.105469,-343.979187,-233.073792,1,894.186279,499.033234
0.101562,-344.411804,-234.590225,1,875.643311,492.890045
0.105469,-344.847168,-236.104111,1,880.624817,496.499725
0.109375,-345.312195,-237.717606,1,929.995789,544.098389
0.105469,-345.752716,-239.257812,1,933.73407,543.833557
0.101562,-346.173004,-240.752701,1,938.567505,536.890381
0.105469,-346.587585,-242.263382,1,951.829285,544.852661
0.109375,-347.024261,-243.901154,1,957.532898,536.899231
0.105469,-347.410217,-245.392288,1,886.851685,465.159698
0.101562,-347.785919,-246.882339,1,899.259705,465.195953
0.109375,-348.169617,-248.443283,1,900.604309,467.321564
0.101562,-348.521118,-249.907379,1,872.225281,518.100708
0.101562,-348.863953,-251.36882,1,872.949585,525.392273
0.101562,-349.204895,-252.857864,1,870.560059,532.527283
0.105469,-349.545776,-254.385727,1,850.702148,461.245422
0.105469,-349.868042,-255.869598,1,805.859192,383.066711
0.109375,-350.197205,-257.42749,1,807.57489,394.776703
0.105469,-350.505859,-258.927734,1,425.214325,391.877716
0.101562,-350.803101,-260.409241,1,423.40155,394.94165
0.105469,-351.092255,-261.885986,1,325.151245,389.644989
0.105469,-351.383423,-263.407898,1,326.721619,386.852448
0.105469,-351.661682,-264.894653,1,892.912903,485.972321
0.105469,-351.939301,-266.407745,1,892.919189,484.921814
0.109375,-352.21637,-267.943787,1,899.789062,480.657288
0.105469,-352.478424,-269.416016,1,1059.040405,575.507141
0.105469,-352.741455,-270.904144,1,1093.483154,578.7547
0.109375,-353.008881,-272.415588,1,1122.718262,590.482605
0.105469,-353.270905,-273.877289,1,913.806946,526.621704
0.105469,-353.539246,-275.341278,1,912.370911,523.478882
0.105469,-353.811859,-276.785156,1,917.68811,511.679047
0.113281,-354.115845,-278.339111,1,952.487122,472.524353
0.113281,-354.431244,-279.892426,1,937.554199,464.091187
0.101562,-354.727692,-281.302521,1,928.943481,473.161316
0.101562,-355.030609,-282.699829,1,929.220886,484.567261
0.113281,-355.366486,-284.203827,1,924.023743,498.180939
0.101562,-355.685486,-285.59198,1,828.99054,565.330017
0.105469,-356.019287,-287.006744,1,829.171997,563.889282
0.105469,-356.363647,-288.428558,1,824.896362,563.387573
0.109375,-356.720856,-289.866943,1,952.283081,442.894867
0.101562,-357.066589,-291.229401,1,1129.13269,358.128998
0.109375,-357.434143,-292.65564,1,1347.614258,238.272812
0.105469,-357.793793,-294.042328,1,1298.837646,218.025574
0.101562,-358.140472,-295.378723,1,1309.198975,216.27124
0.101562,-358.492004,-296.737976,1,901.042114,482.606812
0.101562,-358.833191,-298.062622,1,871.359009,499.477509
0.101562,-359.171143,-299.378815,1,860.329651,499.53244
0.101562,-359.516235,-300.724243,1,858.512878,506.618958
0.101562,-359.85733,-302.052795,1,852.166931,425.322815
0.101562,-360.196564,-303.371979,1,855.127625,493.370667
0.105469,-360.543762,-304.720032,1,849.566895,495.677368
0.113281,-360.918243,-306.175964,1,841.36792,494.85083
0.109375,-361.285339,-307.60907,1,786.361877,544.161194
0.105469,-361.627106,-308.952087,1,789.561279,539.406921
0.101562,-361.961914,-310.277679,1,799.874512,550.142273
0.101562,-362.297272,-311.616455,1,802.890259,533.451721
0.105469,-362.624054,-312.93396,1,800.393494,529.023804
0.101562,-362.951782,-314.269806,1,848.55542,476.598907
0.105469,-363.277008,-315.612152,1,840.62384,487.557007
0.101562,-363.590179,-316.924957,1,693.070862,68.828743
0.109375,-363.92215,-318.34259,1,882.484375,376.492645
0.101562,-364.216217,-319.624023,1,862.018555,463.031952
0.105469,-364.520966,-320.980927,1,811.13446,527.614197
0.109375,-364.829865,-322.388275,1,802.565491,545.06012
0.105469,-365.121277,-323.747528,1,797.361877,550.807922
0.109375,-365.416992,-325.159454,1,808.86145,530.097168
0.101562,-365.683716,-326.463898,1,826.020813,497.670715
0.101562,-365.939758,-327.748962,1,829.921326,488.895386
0.101562,-366.189331,-329.036896,1,833.859131,493.854584
0.109375,-366.457977,-330.468903,1,841.158936,473.780975
0.105469,-366.7005,-331.806824,1,839.253357,474.04422
0.105469,-366.931061,-333.122955,1,839.16449,490.943726
0.101562,-367.140656,-334.359711,1,875.560303,348.291748
0.109375,-367.359863,-335.697937,1,876.018494,349.532471
0.109375,-367.56958,-337.023224,1,874.712036,361.424194
0.101562,-367.753723,-338.227448,1,880.511047,366.947021
0.101562,-367.929443,-339.415924,1,871.975952,361.968658
0.101562,-368.101196,-340.620331,1,828.233093,455.633118
0.101562,-368.262604,-341.797455,1,812.017273,488.289673
0.101562,-368.420563,-342.997375,1,824.727905,482.169342
0.113281,-368.582489,-344.28537,1,833.894348,494.383728
0.109375,-368.735565,-345.562164,1,847.230042,498.592682
0.101562,-368.866638,-346.702606,1,848.470459,500.749451
0.109375,-369.004456,-347.950195,1,846.474121,501.851318
0.101562,-369.125946,-349.093475,1,865.4823,577.823547
0.101562,-369.241028,-350.216492,1,873.477173,580.583923
0.101562,-369.351776,-351.338531,1,869.043945,577.69635
0.101562,-369.457458,-352.453857,1,880.590759,567.271729
0.101562,-369.55838,-353.565521,1,882.405396,571.713074
0.105469,-369.655884,-354.690308,1,890.538391,563.171082
0.105469,-369.748871,-355.815582,1,864.006165,450.876709
0.101562,-369.833649,-356.890991,1,873.810974,438.111389
0.105469,-369.915436,-357.976227,1,872.306091,454.589752
0.109375,-369.999023,-359.137177,1,869.073975,450.537567
0.101562,-370.069794,-360.164825,1,865.217651,453.171234
0.101562,-370.138763,-361.210175,1,861.386353,452.303192
0.105469,-370.204651,-362.2547,1,858.901428,451.748901
0.101562,-370.265717,-363.269257,1,857.577026,457.845062
0.109375,-370.329498,-364.39209,1,858.949768,460.391083
0.101562,-370.382843,-365.391296,1,862.326721,466.037384
0.105469,-370.432861,-366.3909,1,864.331482,468.075714
0.101562,-370.478943,-367.378906,1,853.363953,468.165131
0.105469,-370.522766,-368.395569,1,856.584351,473.242615
0.101562,-370.561646,-369.372925,1,855.285828,463.564667
0.105469,-370.597504,-370.353638,1,856.967102,480.614349
0.105469,-370.630554,-371.334808,1,854.321045,471.700928
0.101562,-370.660248,-372.296234,1,856.684509,479.111206
0.101562,-370.686188,-373.213806,1,847.845947,472.481873
0.101562,-370.708038,-374.064087,1,905.416199,578.331116
0.109375,-370.728333,-374.941345,1,916.68689,603.046387
0.101562,-370.743378,-375.672546,1,915.319153,604.052856
0.109375,-370.756378,-376.393707,1,923.332825,590.02356
0.105469,-370.765808,-376.992828,1,927.568054,590.313049
0.101562,-370.773468,-377.547333,1,868.214233,381.313599
0.105469,-370.779419,-378.045502,1,869.791382,355.856903
0.101562,-370.783661,-378.474365,1,863.208313,367.585022
0.101562,-370.786682,-378.843964,1,872.662781,366.221313
0.101562,-370.788757,-379.15683,1,868.290039,370.610291
0.101562,-370.789978,-379.39743,1,861.351501,379.627014
0.101562,-370.79068,-379.569183,1,862.664795,278.634644
0.101562,-370.790985,-379.675598,1,862.925049,357.896332
0.101562,-370.791138,-379.718079,1,862.892761,358.340179
0.101562,-370.791138,-379.717743,1,855.756226,357.474091
0.105469,-370.791229,-379.708923,1,788.947693,352.542084
0.101562,-370.79129,-379.702728,1,791.416077,355.977112
0.109375,-370.791351,-379.701843,1,787.771912,358.47641
0.109375,-370.791382,-379.704803,1,786.4823,357.03067
0.113281,-370.791351,-379.707703,1,788.767578,356.306763
0.109375,-370.791321,-379.708405,1,784.514893,358.213684
0.109375,-370.79126,-379.707458,1,785.879028,351.723633
0.101562,-370.79126,-379.706421,1,787.745117,351.026215
0.101562,-370.79126,-379.706024,1,787.73407,350.473694
0.101562,-370.79129,-379.706299,1,916.965759,618.402283
0.101562,-370.79129,-379.706696,1,924.626587,649.66571
0.101562,-370.791351,-379.70697,1,942.671936,667.458618
0.105469,-370.791321,-379.70694,1,945.367737,584.531189
0.101562,-370.79129,-379.706848,1,1050.562012,88.992386
0.105469,-370.79129,-379.706787,1,974.943237,581.949036
0.105469,-370.79129,-379.706757,1,967.70166,600.684204
0.101562,-370.79129,-379.706787,1,967.004578,590.624329
0.101562,-370.791321,-379.70694,1,966.304565,598.957947
0.101562,-370.79129,-379.708496,1,964.931274,593.325439
0.101562,-370.79129,-379.712128,1,1242.012573,584.135437
0.109375,-370.79129,-379.718445,1,1247.296753,592.151184
0.101562,-370.79129,-379.726593,1,1312.750977,590.913452
0.101562,-370.79129,-379.736725,1,1331.447632,588.696533
0.101562,-370.79129,-379.748627,1,1147.9552,589.423584
0.109375,-370.79129,-379.763977,1,957.864502,583.297668
0.109375,-370.79129,-379.781647,1,959.580139,592.604004
0.101562,-370.791412,-379.799469,1,960.129089,591.124634
0.101562,-370.791565,-379.819336,1,963.687256,596.773926
0.109375,-370.791748,-379.843384,1,904.051636,583.177673
0.101562,-370.791901,-379.867157,1,859.95459,580.645813
0.109375,-370.792053,-379.895538,1,862.711243,573.536743
0.101562,-370.792206,-379.923004,1,860.846741,576.047058
0.109375,-370.792389,-379.955627,1,862.401611,565.28302
0.101562,-370.792511,-379.986755,1,863.689453,565.641846
0.109375,-370.792694,-380.023773,1,866.94165,567.410278
0.101562,-370.792877,-380.058197,1,862.221497,539.572937
0.109375,-370.792999,-380.098785,1,879.33197,237.951538
0.101562,-370.793152,-380.138,1,871.31488,242.67392
0.105469,-370.793335,-380.179901,1,879.759094,294.295959
0.101562,-370.793488,-380.221832,1,866.272156,298.499329
0.109375,-370.793671,-380.269806,1,863.69873,312.413574
0.105469,-370.793793,-380.317383,1,867.167847,311.51358
0.101562,-370.793976,-380.365814,1,857.00708,587.167419
0.105469,-370.794128,-380.412292,1,858.437927,590.345337
0.105469,-370.794159,-380.442596,1,864.389404,583.632141
0.105469,-370.794189,-380.449585,1,871.861938,567.632202
0.105469,-370.794159,-380.44812,1,866.772278,555.513123
0.101562,-370.794159,-380.444427,1,876.695618,553.800842
0.105469,-370.794189,-380.442017,1,948.98645,623.063293
0.101562,-370.794189,-380.441925,1,953.118408,619.633606
0.101562,-370.794189,-380.443085,1,952.51355,311.773621
0.105469,-370.794189,-380.444244,1,959.613342,601.095703
0.101562,-370.794159,-380.44458,1,959.557678,619.652893
0.101562,-370.794159,-380.444275,1,960.434082,614.834534
0.101562,-370.794189,-380.443878,1,960.519531,623.226257
0.105469,-370.794159,-380.443665,1,961.299683,611.903015
0.101562,-370.79422,-380.443695,1,963.3396,606.966919
0.109375,-370.794189,-380.443939,1,965.624634,604.999817
0.105469,-370.79422,-380.444,1,967.184814,592.384644
0.101562,-370.79422,-380.444,1,958.836792,601.400757
0.101562,-370.794189,-380.44397,1,960.451355,610.358948
0.101562,-370.79422,-380.443909,1,974.989258,619.041382
0.101562,-370.794159,-380.443909,1,970.506348,610.283997
0.109375,-370.794189,-380.443939,1,966.384338,608.18811
0.101562,-370.794189,-380.443939,1,969.067627,618.37677
0.101562,-370.794189,-380.443939,1,972.7052,616.805603
0.101562,-370.79422,-380.443939,1,970.377502,616.709167
0.101562,-370.794189,-380.443939,1,979.02179,598.450195
0.101562,-370.79422,-380.44397,1,979.551086,531.663818
0.101562,-370.794189,-380.443939,1,959.665161,634.405396
0.101562,-370.794189,-380.443939,1,966.454224,611.808838
0.101562,-370.794189,-380.443939,1,966.384766,616.349731
0.109375,-370.794189,-380.443939,1,958.673767,612.848999
0.101562,-370.794159,-380.443939,1,972.453125,594.118408
0.101562,-370.794159,-380.443939,1,967.185181,593.932251
0.101562,-370.79422,-380.443939,1,960.595459,568.43512
0.101562,-370.79422,-380.443939,1,909.881287,402.740326
0.101562,-370.794189,-380.443939,1,916.013306,403.30069
0.101562,-370.794189,-380.444519,1,910.929565,409.305969
0.101562,-370.794189,-380.447021,1,903.782471,415.575745
0.105469,-370.794159,-380.451813,1,893.233887,422.528381
0.101562,-370.794189,-380.45871,1,339.690155,342.689362
0.101562,-370.794189,-380.469391,1,324.009796,353.840088
0.101562,-370.794189,-380.490417,1,623.453613,432.099823
0.105469,-370.79425,-380.533356,1,844.423523,462.559021
0.101562,-370.794403,-380.611938,1,845.87854,465.126556
0.109375,-370.794586,-380.73703,1,848.071777,472.84726
0.105469,-370.794678,-380.910553,1,846.890564,472.01886
0.105469,-370.794678,-381.120361,1,1254.848145,252.853485
0.101562,-370.794434,-381.372833,1,1246.913208,267.58606
0.101562,-370.793854,-381.670959,1,764.283875,442.044403
0.105469,-370.792694,-382.018768,1,764.035095,425.945465
0.105469,-370.79068,-382.407501,1,770.271729,433.369354
0.101562,-370.787476,-382.831329,1,769.274536,431.343323
0.101562,-370.782318,-383.288483,1,768.674805,432.130615
0.101562,-370.774445,-383.79718,1,769.189331,429.863464
0.101562,-370.763123,-384.34314,1,773.820618,433.514465
0.109375,-370.745514,-384.968353,1,778.423645,431.653259
0.105469,-370.71994,-385.631348,1,784.311462,426.281372
0.109375,-370.683105,-386.352966,1,782.450806,422.862885
0.101562,-370.63678,-387.071198,1,784.283325,423.717102
0.109375,-370.571686,-387.887573,1,780.792175,430.661011
0.109375,-370.48877,-388.743652,1,612.973694,483.589966
0.101562,-370.39566,-389.548767,1,504.51416,501.673096
0.101562,-370.281311,-390.38269,1,512.017029,493.267395
0.105469,-370.135651,-391.268066,1,530.443054,503.740051
0.105469,-369.950104,-392.196564,1,536.409912,490.96759
0.109375,-369.714569,-393.162018,1,561.739441,481.657898
0.101562,-369.43634,-394.105194,1,568.834534,479.608276
0.105469,-369.095428,-395.067841,1,278.801605,440.452271
0.101562,-368.706482,-395.995117,1,294.289185,437.349884
0.101562,-368.235474,-396.952301,1,317.048798,445.146881
0.105469,-367.675781,-397.92569,1,369.937714,434.749451
0.105469,-367.038239,-398.878876,1,398.715149,434.097809
0.101562,-366.346771,-399.771667,1,449.554504,442.246429
0.101562,-365.577332,-400.630676,1,465.052551,495.343109
0.101562,-364.743469,-401.434631,1,504.695312,488.373871
0.101562,-363.838837,-402.181519,1,556.860168,502.326294
0.101562,-362.876831,-402.851929,1,595.557861,505.303314
0.105469,-361.854095,-403.441254,1,654.535706,503.584686
0.109375,-360.686432,-403.97644,1,706.437317,509.157898
0.101562,-359.575043,-404.352722,1,779.807068,517.579529
0.105469,-358.419312,-404.61734,1,831.701416,519.880737
0.101562,-357.261078,-404.786102,1,892.071472,517.020813
0.105469,-356.038422,-404.855103,1,977.090942,516.589966
0.101562,-354.867188,-404.81073,1,1027.29834,517.403931
0.113281,-353.597717,-404.626312,1,1085.290527,521.59845
0.109375,-352.3638,-404.330139,1,1094.856445,517.713928
0.109375,-351.144989,-403.901184,1,954.9375,500.730225
0.101562,-350.004852,-403.413757,1,1013.957275,494.395416
0.105469,-348.872498,-402.864777,1,1071.763916,498.60788
0.101562,-347.732117,-402.286774,1,1086.229736,470.397766
0.109375,-346.434082,-401.647217,1,1133.657959,465.756531
0.101562,-345.223724,-401.097626,1,1136.679932,437.899628
0.105469,-343.91217,-400.575592,1,1156.075195,433.888306
0.109375,-342.506042,-400.112762,1,1140.546631,450.096161
0.105469,-341.102539,-399.752533,1,1120.92981,448.225525
0.113281,-339.558685,-399.466766,1,825.960815,396.7742
0.109375,-337.989075,-399.288391,1,1182.446167,484.921265
0.109375,-336.417694,-399.216187,1,1160.633667,491.436646
0.105469,-334.937897,-399.244141,1,1120.235596,494.408691
0.101562,-333.442566,-399.36615,1,1087.207764,492.710907
0.101562,-331.961273,-399.581665,1,1128.449219,514.633362
0.101562,-330.473999,-399.896606,1,1081.479004,523.415771
0.105469,-328.976532,-400.319366,1,1039.106445,525.344971
0.109375,-327.470032,-400.859497,1,988.438232,522.339233
0.101562,-326.023743,-401.494873,1,944.121948,521.412354
0.105469,-324.645264,-402.213562,1,922.392334,520.934204
0.105469,-323.281891,-403.031464,1,919.299255,531.295959
0.101562,-321.954773,-403.913788,1,862.16864,526.602905
0.101562,-320.666168,-404.81897,1,834.48999,443.562744
0.105469,-319.374695,-405.735809,1,794.398376,420.488892
0.101562,-318.052155,-406.648407,1,782.469299,473.470001
0.105469,-316.740967,-407.504211,1,786.269836,311.460724
0.105469,-315.37558,-408.33667,1,836.411255,422.682526
0.101562,-314.043823,-409.10022,1,828.237427,498.712158
0.101562,-312.723083,-409.827667,1,841.507202,541.898193
0.101562,-311.374023,-410.556091,1,852.56897,532.305847
0.105469,-310.018829,-411.284851,1,867.018677,526.684326
0.105469,-308.626465,-412.038025,1,858.992981,509.056122
0.105469,-307.318878,-412.751984,1,888.336426,515.636902
0.101562,-306.012177,-413.471558,1,892.306396,509.465393
0.101562,-304.725708,-414.184967,1,900.091248,498.898499
0.101562,-303.419891,-414.913849,1,897.684875,485.042755
0.105469,-302.101654,-415.656586,1,850.217773,390.207581
0.101562,-300.805969,-416.395386,1,835.715332,342.224854
0.105469,-299.504547,-417.147339,1,898.160828,498.618622
0.101562,-298.248657,-417.87973,1,909.504944,530.136658
0.101562,-296.976868,-418.621002,1,905.404114,526.446045
0.101562,-295.686615,-419.363281,1,907.149597,534.484497
0.105469,-294.378082,-420.099396,1,910.19574,521.978027
0.101562,-293.080994,-420.810028,1,917.868042,514.919434
0.101562,-291.774231,-421.509216,1,878.47522,381.769501
0.101562,-290.464783,-422.20047,1,877.329834,380.186768
0.105469,-289.15033,-422.894867,1,878.260376,373.755859
0.105469,-287.813232,-423.610596,1,882.656128,382.596497
0.101562,-286.515656,-424.318848,1,881.309387,381.737549
0.101562,-285.209259,-425.047302,1,882.886108,395.776917
0.101562,-283.920135,-425.781982,1,890.16394,406.703156
0.105469,-282.610291,-426.543762,1,970.573303,523.311096
0.101562,-281.332306,-427.301056,1,967.156433,521.518494
0.105469,-280.029083,-428.087402,1,961.287109,336.697113
0.101562,-278.708008,-428.898468,1,961.287109,336.697113
0.105469,-277.38327,-429.725616,1,961.753113,482.556305
0.101562,-276.106445,-430.535889,1,950.513367,494.842957
0.101562,-274.835541,-431.355347,1,944.924561,504.558014
0.105469,-273.526123,-432.213287,1,938.319336,514.359619
0.105469,-272.238037,-433.071198,1,934.473328,506.665405
0.101562,-270.956696,-433.938568,1,935.363464,495.674408
0.101562,-269.667694,-434.824219,1,929.97583,501.339752
0.101562,-268.399689,-435.70694,1,932.422485,497.413635
0.105469,-267.092804,-436.626526,1,938.61853,485.088562
0.101562,-265.821716,-437.528992,1,926.319275,479.010956
0.105469,-264.515137,-438.463898,1,945.567871,483.399872
0.101562,-263.262543,-439.366669,1,958.364685,488.54483
0.113281,-261.842468,-440.398163,1,954.635498,494.903351
0.101562,-260.553986,-441.341797,1,953.198547,488.471283
0.101562,-259.28653,-442.277313,1,953.490723,484.523438
0.105469,-257.982971,-443.246063,1,846.480103,453.801117
0.101562,-256.702362,-444.203369,1,826.165833,453.863617
0.101562,-255.382507,-445.194977,1,820.586914,443.858185
0.109375,-253.911438,-446.305664,1,959.221252,497.929016
0.101562,-252.565414,-447.327118,1,960.760925,496.580872
0.105469,-251.174225,-448.388489,1,955.240173,487.282043
0.101562,-249.765808,-449.469574,1,999.536133,499.088898
0.105469,-248.376144,-450.543396,1,1021.609741,515.791626
0.109375,-246.892731,-451.699066,1,1047.694458,511.012726
0.105469,-245.477615,-452.813232,1,925.706299,385.889465
0.105469,-244.044739,-453.955383,1,883.660889,327.526642
0.105469,-242.63269,-455.096405,1,891.059082,323.028625
0.105469,-241.244217,-456.234283,1,1023.324524,506.205902
0.101562,-239.870331,-457.375854,1,1018.341553,511.865143
0.101562,-238.513947,-458.5177,1,1022.947083,514.933594
0.101562,-237.14743,-459.682159,1,1023.85907,513.458923
0.105469,-235.750549,-460.886536,1,863.025024,317.556458
0.105469,-234.388153,-462.07431,1,868.11969,309.513306
0.105469,-233.000092,-463.297058,1,871.75,311.213379
0.105469,-231.627258,-464.518219,1,870.068787,326.815277
0.101562,-230.27829,-465.72821,1,937.543152,436.786865
0.105469,-228.938675,-466.938232,1,974.981689,499.34967
0.105469,-227.562073,-468.188263,1,989.4953,524.344666
0.105469,-226.196518,-469.432098,1,984.420776,519.1297
0.101562,-224.845703,-470.664062,1,981.382935,515.992004
0.105469,-223.502472,-471.89032,1,984.658447,515.177551
0.105469,-222.1427,-473.135284,1,979.862915,509.393402
0.105469,-220.786209,-474.384308,1,976.547485,508.150787
0.105469,-219.429764,-475.644287,1,974.179932,509.461517
0.105469,-218.082809,-476.910004,1,975.153259,515.61969
0.105469,-216.738968,-478.189972,1,885.65686,307.344818
0.105469,-215.435837,-479.449036,1,888.425598,298.452759
0.105469,-214.110413,-480.748016,1,883.018616,303.64621
0.109375,-212.79631,-482.054382,1,886.780518,307.556854
0.101562,-211.545334,-483.315155,1,879.237671,302.141968
0.101562,-210.302277,-484.584808,1,976.67334,467.447418
0.105469,-209.043304,-485.888214,1,965.355713,462.054169
0.101562,-207.847641,-487.143036,1,952.00708,411.457916
0.101562,-206.658249,-488.408325,1,862.30719,285.825745
0.105469,-205.463577,-489.697052,1,862.956604,313.119934
0.101562,-204.278381,-490.993805,1,873.48999,299.389252
0.101562,-203.108246,-492.29245,1,883.030884,311.583649
0.105469,-201.927643,-493.621368,1,896.62146,385.568481
0.101562,-200.795486,-494.913239,1,948.747375,490.573883
0.101562,-199.680725,-496.20166,1,946.966248,492.36673
0.109375,-198.521408,-497.558655,1,966.65271,485.313812
0.101562,-197.425766,-498.856415,1,1004.004822,474.93924
0.105469,-196.295013,-500.210938,1,1004.603333,472.023895
0.101562,-195.207886,-501.527496,1,1006.768555,466.967987
0.105469,-194.11882,-502.860596,1,1005.452026,470.618408
0.105469,-193.022995,-504.216766,1,1093.475342,498.143188
0.105469,-191.924942,-505.591553,1,1091.669189,497.28949
0.105469,-190.873123,-506.925385,1,1086.802124,496.704468
0.101562,-189.838074,-508.255646,1,1087.112305,501.382904
0.109375,-188.740631,-509.686676,1,1078.65332,452.991608
0.105469,-187.724411,-511.032135,1,1077.487305,398.860657
0.101562,-186.740143,-512.354492,1,966.898865,416.505981
0.105469,-185.716232,-513.750549,1,963.181885,474.10199
0.109375,-184.719467,-515.129822,1,955.704468,485.381287
0.101562,-183.75145,-516.488647,1,1309.253784,170.851196
0.101562,-182.834732,-517.793396,1,1310.575562,181.333359
0.101562,-181.920837,-519.111816,1,1101.393677,395.586884
0.109375,-180.910172,-520.590881,1,987.874634,499.233215
0.101562,-180.016739,-521.917297,1,995.895874,493.367218
0.101562,-179.138245,-523.239807,1,991.952148,484.60788
0.101562,-178.26239,-524.577576,1,992.621399,488.32077
0.101562,-177.422699,-525.878906,1,992.04071,479.225189
0.109375,-176.484344,-527.35614,1,987.503357,486.070709
0.101562,-175.647736,-528.694824,1,985.857239,484.754944
0.101562,-174.826309,-530.029968,1,926.898682,464.958313
0.101562,-174.020874,-531.360168,1,922.987427,458.82663
0.113281,-173.124298,-532.86731,1,915.098633,464.063904
0.113281,-172.248718,-534.367676,1,910.684937,462.844025
0.109375,-171.403946,-535.844543,1,902.120239,471.257263
0.109375,-170.579544,-537.31488,1,973.575989,504.736298
0.101562,-169.853012,-538.636047,1,994.276062,516.908875
0.105469,-169.075348,-540.078003,1,997.685181,509.3255
0.101562,-168.367386,-541.416321,1,995.723633,511.312561
0.109375,-167.598206,-542.899475,1,987.305176,500.718536
0.109375,-166.834122,-544.404236,1,874.956909,268.153687
0.105469,-166.132462,-545.814819,1,881.999023,271.28891
0.105469,-165.44548,-547.223816,1,879.017151,299.11673
0.113281,-164.710953,-548.762573,1,954.31781,463.652985
0.105469,-164.047226,-550.181152,1,976.247742,510.154388
0.109375,-163.366318,-551.663147,1,980.772278,370.289856
0.109375,-162.697281,-553.144775,1,980.772278,370.289856
0.109375,-162.029327,-554.648315,1,978.228821,473.308563
0.109375,-161.381897,-556.130066,1,976.851868,490.406525
0.101562,-160.779678,-557.531921,1,971.148743,498.722198
0.101562,-160.207336,-558.887817,1,963.774963,497.869385
0.109375,-159.587997,-560.383911,1,954.959595,500.099518
0.101562,-159.022064,-561.779297,1,955.608643,507.096588
0.109375,-158.433075,-563.262634,1,955.608643,507.096588
0.109375,-157.837967,-564.795166,1,975.756714,444.793518
0.101562,-157.323807,-566.147461,1,972.835938,507.812653
0.109375,-156.768036,-567.63916,1,969.876465,514.655212
0.109375,-156.210953,-569.165344,1,1103.483154,548.414368
0.109375,-155.671875,-570.670959,1,1111.313599,546.823608
0.109375,-155.158173,-572.13147,1,1102.225464,545.498535
0.109375,-154.644531,-573.616455,1,1109.744629,535.208008
0.105469,-154.152924,-575.060608,1,1112.881348,529.767334
0.105469,-153.665558,-576.515442,1,955.023865,470.934784
0.109375,-153.168533,-578.023315,1,945.622559,473.212067
0.101562,-152.717865,-579.412659,1,949.26178,474.40799
0.101562,-152.28688,-580.760132,1,931.717041,448.254578
0.109375,-151.805984,-582.281799,1,886.73407,337.602081
0.109375,-151.349487,-583.741455,1,888.507568,341.773865
0.105469,-150.897369,-585.201416,1,965.581177,495.806793
0.109375,-150.442291,-586.687134,1,967.158508,499.328094
0.109375,-149.998566,-588.154724,1,966.097961,510.246033
0.105469,-149.572876,-589.585022,1,966.730957,497.92926
0.105469,-149.146851,-591.042053,1,968.685852,504.908142
0.105469,-148.73349,-592.484436,1,972.717224,488.545898
0.105469,-148.334503,-593.908447,1,972.022217,477.771637
0.105469,-147.944855,-595.331909,1,972.164856,482.803711
0.101562,-147.573456,-596.721375,1,1049.697021,511.677582
0.105469,-147.206879,-598.126465,1,1053.077515,509.06073
0.101562,-146.850632,-599.526855,1,1079.018311,542.268494
0.101562,-146.501358,-600.935547,1,1073.341553,527.51947
0.101562,-146.166931,-602.320496,1,1077.078613,525.176819
0.101562,-145.842194,-603.701904,1,1088.01355,518.560547
0.101562,-145.527084,-605.07959,1,1088.584717,514.909973
0.109375,-145.188202,-606.606018,1,1087.676025,512.232361
0.101562,-144.88707,-608.004211,1,850.430664,269.784363
0.101562,-144.5952,-609.40033,1,907.612793,381.428284
0.101562,-144.315216,-610.779419,1,908.358398,383.99704
0.101562,-144.044144,-612.154053,1,886.87384,303.944458
0.105469,-143.760132,-613.638489,1,894.712769,315.044495
0.105469,-143.49321,-615.077454,1,878.890137,316.889771
0.105469,-143.2388,-616.494019,1,988.806946,477.823578
0.109375,-142.976547,-618.008179,1,981.43158,475.108429
0.101562,-142.746262,-619.390137,1,1036.037109,509.833099
0.101562,-142.517548,-620.819824,1,1037.030884,507.453064
0.109375,-142.294479,-622.27948,1,1056.69873,512.237244
0.101562,-142.085663,-623.716736,1,1049.835083,506.184448
0.101562,-141.892929,-625.116028,1,1046.538208,497.803589
0.105469,-141.709991,-626.521301,1,984.162354,446.147797
0.101562,-141.538849,-627.91803,1,980.245605,451.875702
0.101562,-141.375732,-629.33783,1,971.200562,452.881042
0.101562,-141.223145,-630.760498,1,965.55658,457.748901
0.109375,-141.077835,-632.218506,1,957.376648,453.243744
0.101562,-140.944702,-633.661926,1,948.319702,462.284424
0.101562,-140.825256,-635.05365,1,1299.306519,193.731735
0.105469,-140.712341,-636.461853,1,1243.56543,221.218445
0.109375,-140.59697,-638.002991,1,905.065125,422.404541
0.105469,-140.498032,-639.426575,1,909.669128,411.622986
0.101562,-140.408279,-640.82074,1,893.358276,419.783539
0.101562,-140.324692,-642.239929,1,771.987854,369.119934
0.105469,-140.250656,-643.635681,1,770.591248,373.975067
0.101562,-140.184326,-645.048218,1,897.126404,478.658875
0.105469,-140.126358,-646.472778,1,959.012756,538.405579
0.101562,-140.077072,-647.896545,1,956.141418,542.812439
0.109375,-140.034302,-649.372375,1,954.931213,566.793579
0.105469,-139.999283,-650.815979,1,917.317444,536.287598
0.105469,-139.96875,-652.252747,1,916.997803,522.935974
0.101562,-139.940796,-653.65448,1,919.694885,519.239319
0.101562,-139.913605,-655.044556,1,910.138733,510.233368
0.105469,-139.886032,-656.442871,1,908.217834,495.955475
0.101562,-139.857727,-657.86084,1,910.364441,492.772125
0.109375,-139.828659,-659.323914,1,906.775391,503.765625
0.105469,-139.801376,-660.745667,1,922.149231,471.1362
0.105469,-139.776321,-662.184265,1,916.726196,495.216492
0.105469,-139.75502,-663.625366,1,917.893127,499.412842
0.105469,-139.738586,-665.044556,1,915.83374,504.465393
0.105469,-139.726913,-666.474548,1,863.806702,325.480316
0.105469,-139.719971,-667.92804,1,867.192322,339.253235
0.105469,-139.717773,-669.336426,1,920.711304,511.950012
0.105469,-139.719772,-670.763611,1,917.310425,540.752991
0.105469,-139.725998,-672.22168,1,910.442749,545.136963
0.109375,-139.736099,-673.669128,1,913.049377,543.782776
0.113281,-139.750488,-675.208374,1,909.418701,537.565063
0.109375,-139.766769,-676.705078,1,905.94696,541.172241
0.101562,-139.782104,-678.060608,1,907.612732,533.864136
0.105469,-139.798218,-679.496521,1,907.949219,535.404846
0.105469,-139.813889,-680.965942,1,876.872437,475.394073
0.101562,-139.826767,-682.295593,1,872.872131,473.808899
0.109375,-139.839661,-683.788574,1,891.019348,497.985046
0.109375,-139.851105,-685.309448,1,888.407043,506.556152
0.109375,-139.860504,-686.775024,1,891.867432,515.088928
0.109375,-139.868347,-688.254761,1,919.122559,232.008255
0.109375,-139.874359,-689.722473,1,898.144104,499.304138
0.109375,-139.878647,-691.207214,1,898.331787,548.020691
0.105469,-139.881042,-692.669617,1,892.198792,581.599854
0.109375,-139.881607,-694.144775,1,894.609253,584.846191
0.109375,-139.880325,-695.619873,1,894.916687,561.949097
0.109375,-139.877289,-697.090637,1,910.935425,515.89502
0.113281,-139.872406,-698.625488,1,921.93042,467.79422
0.109375,-139.866287,-700.114624,1,932.392822,447.307526
0.109375,-139.859695,-701.59613,1,928.717041,460.054932
0.109375,-139.853745,-703.074341,1,924.494812,459.645355
0.105469,-139.84996,-704.539429,1,915.1427,477.014618
0.109375,-139.849045,-706.002563,1,912.002258,476.454224
0.105469,-139.851501,-707.45697,1,914.100403,481.826904
0.109375,-139.857422,-708.919495,1,907.960266,477.910126
0.109375,-139.866562,-710.392517,1,892.121338,431.273865
0.105469,-139.877869,-711.850098,1,880.107422,431.93689
0.113281,-139.890366,-713.322388,1,877.026917,442.75769
0.105469,-139.903046,-714.778992,1,870.934204,437.101227
0.101562,-139.914413,-716.097229,1,870.846619,446.144958
0.101562,-139.925354,-717.398315,1,865.162903,443.747498
0.109375,-139.936737,-718.775696,1,862.569092,447.345245
0.113281,-139.946823,-720.004333,1,855.482727,448.56366
0.109375,-139.955719,-721.090332,1,848.036987,461.911255
0.113281,-139.963272,-722.035828,1,840.028809,470.695282
0.109375,-139.969864,-722.898987,1,839.602844,472.536591
0.109375,-139.975677,-723.704773,1,833.822266,477.657837
0.109375,-139.980728,-724.463806,1,831.250549,475.395569
0.113281,-139.98526,-725.195435,1,829.811462,524.366577
0.105469,-139.988968,-725.839417,1,835.207214,643.146118
0.113281,-139.992325,-726.448975,1,842.028564,698.127869
0.101562,-139.994965,-726.939819,1,844.427612,693.919739
0.101562,-139.997101,-727.352905,1,849.178528,682.900085
0.101562,-139.998886,-727.698608,1,852.462585,672.383606
0.113281,-140.000397,-727.999207,1,853.276672,660.044861
0.105469,-140.001312,-728.190125,1,856.118225,657.878784
0.101562,-140.001724,-728.275452,1,858.142212,654.384155
0.109375,-140.00177,-728.287048,1,882.862122,582.219177
0.109375,-140.001724,-728.274658,1,861.625244,617.170898
0.109375,-140.001709,-728.262573,1,858.707703,625.616028
0.109375,-140.001709,-728.259827,1,854.881042,623.483398
0.109375,-140.001724,-728.263733,1,873.08844,401.175598
0.113281,-140.00174,-728.268555,1,872.134888,408.578094
0.113281,-140.00174,-728.270142,1,1003.726624,338.924744
0.109375,-140.001724,-728.26886,1,1308.641479,213.322968
0.109375,-140.001724,-728.267273,1,876.232178,626.616821
0.105469,-140.001724,-728.266602,1,861.109558,629.544189
0.113281,-140.001724,-728.266968,1,860.005188,632.738892
0.109375,-140.001724,-728.2677,1,1004.883057,291.911438
0.109375,-140.001724,-728.267883,1,902.04425,557.936523
0.109375,-140.001724,-728.267883,1,898.19104,550.587769
0.109375,-140.001724,-728.267761,1,908.150146,421.309296
0.109375,-140.001724,-728.267639,1,908.150146,421.309296
0.113281,-140.001724,-728.267639,1,858.157532,474.02597
0.109375,-140.001724,-728.2677,1,852.75592,506.97345
0.113281,-140.001724,-728.267761,1,853.393372,519.563354
0.109375,-140.001724,-728.267761,1,866.232971,604.401978
0.113281,-140.001709,-728.2677,1,867.46051,613.972656
0.109375,-140.001724,-728.267761,1,865.545837,507.567688
0.109375,-140.001724,-728.2677,1,862.172302,388.84549
0.109375,-140.001724,-728.2677,1,870.314819,386.425446
0.113281,-140.001724,-728.268188,1,865.077454,384.878784
0.109375,-140.001724,-728.270813,1,855.606567,387.743469
0.109375,-140.001724,-728.275818,1,855.280334,395.069489
0.109375,-140.00174,-728.28363,1,845.944885,558.664246
0.113281,-140.001816,-728.293884,1,838.997498,559.351501
0.113281,-140.001907,-728.306641,1,835.117737,558.447021
0.109375,-140.001984,-728.321594,1,831.821106,559.521606
0.109375,-140.002075,-728.338684,1,833.591003,558.675171
0.109375,-140.002151,-728.357971,1,1147.462402,536.124329
0.113281,-140.002243,-728.379639,1,1155.685059,536.056641
0.105469,-140.002319,-728.403198,1,1152.200439,541.426819
0.113281,-140.002457,-728.429504,1,1155.133667,547.174133
0.109375,-140.002625,-728.457825,1,1459.133057,515.41394
0.109375,-140.002792,-728.488403,1,1445.559082,512.771851
0.101562,-140.002945,-728.517639,1,1435.712646,504.456909
0.101562,-140.003098,-728.549927,1,1227.091187,496.891602
0.113281,-140.003265,-728.587158,1,1195.449707,493.379028
0.113281,-140.003433,-728.626465,1,1180.952515,501.707642
0.109375,-140.003616,-728.667358,1,1166.356934,494.121368
0.109375,-140.003769,-728.709778,1,1145.524414,495.970032
0.113281,-140.003998,-728.755432,1,1118.557739,497.875122
0.109375,-140.004257,-728.802673,1,1091.521484,495.372101
0.109375,-140.004501,-728.851379,1,1059.412964,482.718719
0.101562,-140.00473,-728.896851,1,1044.821045,435.295929
0.109375,-140.004959,-728.949341,1,959.951477,436.157959
0.113281,-140.005249,-729.00531,1,978.810669,308.017975
0.105469,-140.005478,-729.059265,1,993.913635,133.622696
0.101562,-140.005707,-729.112488,1,993.913635,133.622696
0.109375,-140.005966,-729.172852,1,993.913635,133.622696
0.113281,-140.006241,-729.234741,1,993.913635,133.622696
0.109375,-140.006592,-729.298828,0,0,0
0.109375,-140.006897,-729.362915,0,0,0
0.109375,-140.007309,-729.429993,0,0,0
0.109375,-140.007721,-729.497925,0,0,0
0.113281,-140.008163,-729.570129,0,0,0
0.109375,-140.008591,-729.642517,1,911.073181,371.396149
0.105469,-140.008987,-729.714661,1,898.40625,482.356812
0.113281,-140.00943,-729.790466,1,897.897827,480.121368
0.109375,-140.009842,-729.868286,1,899.388184,482.320984
0.109375,-140.010269,-729.946289,1,886.655396,553.640015
0.109375,-140.010666,-730.025635,1,872.303101,616.304871
0.105469,-140.011078,-730.105225,1,877.811157,614.392944
0.105469,-140.011551,-730.186401,1,872.84314,608.83844
0.109375,-140.012054,-730.271301,1,873.779297,515.00177
0.105469,-140.012543,-730.355347,1,876.516052,404.778076
0.109375,-140.013046,-730.443115,1,872.940979,415.311768
0.105469,-140.013535,-730.529053,1,862.15094,412.412598
0.109375,-140.014008,-730.61853,1,858.285278,438.926514
0.105469,-140.014496,-730.708923,1,858.168518,451.536011
0.109375,-140.014908,-730.787048,1,853.78717,448.327423
0.101562,-140.01503,-730.809692,1,848.721985,460.421326
0.109375,-140.01503,-730.81073,1,848.908569,460.245453
0.109375,-140.015015,-730.803528,1,834.768372,464.277527
0.105469,-140.014999,-730.797546,1,294.222565,400.126129
0.105469,-140.014999,-730.796204,1,293.508972,403.275696
0.105469,-140.014999,-730.798279,1,295.702667,394.339722
0.105469,-140.014999,-730.800781,1,301.303955,389.226715
0.105469,-140.015015,-730.80188,1,1271.19873,619.209778
0.105469,-140.014999,-730.801514,1,1335.739746,622.449829
0.105469,-140.014999,-730.800598,1,1335.762329,618.469666
0.101562,-140.014999,-730.800049,1,1336.062622,626.683228
0.109375,-140.014999,-730.80011,1,1403.234985,621.288818
0.105469,-140.014999,-730.800537,1,1403.861328,621.499573
0.101562,-140.014984,-730.800598,1,1397.106812,622.89093
0.105469,-140.014999,-730.800598,1,1412.775513,628.665344
0.105469,-140.014999,-730.800598,1,873.204468,592.393616
0.101562,-140.014999,-730.800537,1,948.845459,454.707886
0.105469,-140.014999,-730.800537,1,995.135986,402.481689
0.105469,-140.014999,-730.800537,1,888.408936,584.091797
0.105469,-140.014999,-730.800598,1,889.630188,586.401855
0.105469,-140.014999,-730.800598,1,883.113892,592.512695
0.101562,-140.014999,-730.800598,1,913.335388,512.76062
0.109375,-140.014999,-730.800659,1,915.357544,518.020142
0.101562,-140.014999,-730.800537,1,917.454651,519.564087
0.109375,-140.014999,-730.800537,1,918.977966,514.704468
0.105469,-140.014999,-730.800537,1,877.789001,620.645874
0.105469,-140.014999,-730.800598,1,873.585205,641.695007
0.109375,-140.014999,-730.800659,1,872.596069,643.787659
0.101562,-140.014999,-730.800598,1,868.382568,636.175659
0.105469,-140.014999,-730.800537,1,847.2995,395.905914
0.109375,-140.014999,-730.800537,1,819.586914,-142.320938
0.101562,-140.014999,-730.800537,1,819.586914,-142.320938
0.105469,-140.014999,-730.800537,1,819.586914,-142.320938
0.109375,-140.014999,-730.800537,1,803.63855,435.177521
0.109375,-140.014999,-730.800598,1,823.974487,588.796204
0.109375,-140.014999,-730.800537,1,879.019958,643.892517
0.109375,-140.014999,-730.800537,1,873.675903,655.750977
0.105469,-140.014999,-730.800537,1,876.545349,644.099976
0.105469,-140.014999,-730.800476,1,873.193665,645.307251
0.109375,-140.014999,-730.800537,1,870.528503,634.483459
0.105469,-140.014999,-730.800476,1,874.54834,636.237976
0.105469,-140.014999,-730.800537,1,404.999725,621.923889
0.105469,-140.014999,-730.800537,1,394.949219,634.992249
0.105469,-140.014999,-730.800537,1,353.109283,621.5625
0.105469,-140.014999,-730.800537,1,354.240417,616.676453
0.105469,-140.014999,-730.800537,1,358.980042,608.610962
0.105469,-140.014999,-730.800537,1,362.733154,609.448303
0.105469,-140.014999,-730.800537,1,355.732819,612.529541
0.109375,-140.014999,-730.800537,1,338.630035,544.188293
0.105469,-140.014999,-730.800537,1,431.559875,609.667419
0.105469,-140.014999,-730.800537,1,425.5979,614.362183
0.105469,-140.014999,-730.800476,1,888.856689,642.135803
0.109375,-140.014999,-730.800537,1,888.887207,646.681274
0.109375,-140.014999,-730.800537,1,886.263062,640.637329
0.105469,-140.014999,-730.800537,1,-60.234932,-128.533524
0.109375,-140.014999,-730.800537,1,923.328003,561.17688
0.109375,-140.014999,-730.800598,1,873.030884,628.896423
0.109375,-140.014999,-730.800537,1,866.636414,625.929993
0.109375,-140.014999,-730.800476,1,863.872192,633.652954
0.109375,-140.014999,-730.800537,1,860.118286,629.587891
0.109375,-140.014999,-730.800537,1,865.710205,603.224915
0.105469,-140.014999,-730.800537,1,892.897339,445.895813
0.109375,-140.014999,-730.800537,1,888.167175,449.195862
0.109375,-140.014999,-730.80072,1,1294.718994,231.378128
0.105469,-140.014999,-730.80249,1,1214.424805,274.118866
0.105469,-140.014999,-730.806763,1,847.10321,438.999664
0.109375,-140.01503,-730.813354,1,846.47876,447.071136
0.109375,-140.015106,-730.824219,1,415.954987,371.795959
0.109375,-140.015228,-730.845947,1,304.022888,371.931213
0.109375,-140.015472,-730.893372,1,297.170837,374.033386
0.109375,-140.015961,-730.987305,1,868.332275,497.982422
0.109375,-140.016739,-731.131348,1,869.10437,490.337006
0.113281,-140.017776,-731.323975,1,868.319641,483.093872
0.113281,-140.019119,-731.572876,1,876.22644,488.112122
0.109375,-140.020706,-731.868713,1,875.733521,378.942413
0.109375,-140.022491,-732.210754,1,875.181458,477.664825
0.109375,-140.024429,-732.592163,1,869.836121,480.342316
0.105469,-140.02652,-733.021851,1,874.184326,395.181335
0.109375,-140.028839,-733.50592,1,874.184326,395.181335
0.109375,-140.031296,-734.039734,1,915.268372,336.066559
0.113281,-140.033981,-734.634277,1,866.275574,533.36438
0.109375,-140.036728,-735.262207,1,863.745361,524.376343
0.113281,-140.039719,-735.963074,1,870.518982,515.452271
0.113281,-140.042923,-736.713928,1,887.97467,488.891571
0.113281,-140.046387,-737.526489,1,885.578491,488.247742
0.101562,-140.049713,-738.300171,1,892.588135,480.254883
0.109375,-140.053574,-739.196655,1,898.875183,475.065399
0.101562,-140.057144,-740.026367,1,882.053955,477.245697
0.109375,-140.061432,-741.026489,1,874.680847,473.150299
0.113281,-140.065842,-742.056763,1,867.472351,479.941254
0.109375,-140.070602,-743.134277,1,870.639526,476.660187
0.113281,-140.076111,-744.27655,1,853.553772,342.159454
0.109375,-140.082443,-745.459961,1,850.563477,333.515137
0.101562,-140.088974,-746.575928,1,858.541748,341.293152
0.101562,-140.096573,-747.774109,1,859.305969,339.762848
0.101562,-140.104416,-748.95752,1,863.2005,334.794556
0.109375,-140.113693,-750.34845,1,851.277954,340.081757
0.113281,-140.122925,-751.742615,1,860.520508,342.217285
0.109375,-140.132095,-753.157104,1,863.958008,333.526794
0.113281,-140.141556,-754.637573,1,869.295593,346.002625
0.113281,-140.151154,-756.154419,1,861.511414,346.887939
0.113281,-140.160477,-757.637329,1,865.378479,345.415649
0.109375,-140.17009,-759.158508,1,860.932617,358.928192
0.101562,-140.17868,-760.516113,1,859.666077,364.161133
0.113281,-140.188126,-762.088013,1,871.642151,519.624756
0.113281,-140.196701,-763.669067,1,868.647827,515.095825
0.109375,-140.203934,-765.262878,1,872.210999,545.677673
0.101562,-140.208954,-766.674805,1,875.152466,539.68335
0.113281,-140.212524,-768.316223,1,872.606323,526.490295
0.113281,-140.211731,-769.959473,1,874.794189,528.246277
0.113281,-140.203827,-771.639709,1,912.504028,282.29538
0.109375,-140.187088,-773.296326,1,878.63855,510.11618
0.113281,-140.160019,-774.980713,1,877.357544,513.26123
0.113281,-140.122223,-776.693604,1,879.659851,514.493774
0.113281,-140.073349,-778.457397,1,878.165588,516.704407
0.101562,-140.023407,-780.011719,1,887.343079,511.987762
0.101562,-139.968597,-781.590088,1,880.197327,509.048401
0.105469,-139.909851,-783.241638,1,884.357544,498.707672
0.109375,-139.847809,-785.035095,1,884.68927,503.042877
0.113281,-139.788879,-786.90686,1,893.151123,503.362701
0.113281,-139.736694,-788.823242,1,891.273743,496.973083
0.113281,-139.690948,-790.800354,1,883.427673,509.459778
0.113281,-139.65152,-792.769043,1,882.707825,506.496033
0.113281,-139.615036,-794.790466,1,803.599915,534.759888
0.101562,-139.584839,-796.561218,1,801.058838,526.663696
0.101562,-139.554688,-798.359375,1,796.728333,533.398926
0.113281,-139.520187,-800.401428,1,795.027283,517.443176
0.109375,-139.486389,-802.375854,1,889.756531,507.844849
0.109375,-139.451218,-804.419678,1,888.373657,497.607513
0.113281,-139.415573,-806.481262,1,864.206116,304.002167
0.101562,-139.38295,-808.305969,1,870.123901,294.668579
0.109375,-139.343124,-810.385193,1,867.542603,314.397339
0.113281,-139.299103,-812.46582,1,867.150391,332.474091
0.113281,-139.249146,-814.581421,1,868.929626,326.907928
0.113281,-139.194321,-816.675842,1,867.015381,336.915283
0.109375,-139.135132,-818.745789,1,872.716553,326.75412
0.113281,-139.069687,-820.869568,1,1280.625488,202.186783
0.113281,-138.999481,-823.004517,1,1273.276978,195.294281
0.113281,-138.924667,-825.145996,1,1075.454224,363.999359
0.101562,-138.853302,-827.080688,1,868.079102,525.930786
0.113281,-138.769943,-829.223633,1,869.399475,518.375122
0.101562,-138.694122,-831.088989,1,897.394409,538.364136
0.109375,-138.605927,-833.194214,1,914.971436,539.830872
0.109375,-138.518982,-835.230835,1,908.226501,550.481262
0.109375,-138.428757,-837.321777,1,911.060669,557.165771
0.109375,-138.340271,-839.358887,1,913.11145,561.210327
0.113281,-138.24762,-841.476196,1,855.938477,521.798706
0.113281,-138.153076,-843.611206,1,864.864807,531.183411
0.113281,-138.057983,-845.70166,1,853.608521,538.002136
0.109375,-137.961624,-847.702515,1,825.92627,551.514587
0.109375,-137.850769,-849.764404,1,822.449768,545.593933
0.109375,-137.726974,-851.751404,1,827.549377,551.726929
0.109375,-137.582596,-853.740845,1,831.793091,542.182617
0.113281,-137.41684,-855.723206,1,833.130249,551.971069
0.105469,-137.234421,-857.652466,1,838.283936,546.846802
0.113281,-137.025238,-859.645264,1,842.711975,547.158325
0.109375,-136.803757,-861.580627,1,848.940125,554.981934
0.113281,-136.56839,-863.504822,1,850.387207,554.846252
0.113281,-136.314774,-865.474304,1,857.250916,552.088318
0.109375,-136.060776,-867.379395,1,899.156494,484.340607
0.109375,-135.809662,-869.223877,1,895.959351,541.813904
0.113281,-135.544235,-871.154602,1,902.914917,520.324524
0.101562,-135.307861,-872.869934,1,858.587891,385.982208
0.101562,-135.074295,-874.565857,1,880.864868,468.604004
0.113281,-134.813782,-876.460754,1,903.329285,565.678223
0.109375,-134.568207,-878.249695,1,907.937134,559.250244
0.105469,-134.324738,-880.036438,1,904.330383,557.86908
0.109375,-134.091003,-881.787598,1,904.114868,559.473389
0.109375,-133.872894,-883.471497,1,903.059143,550.731567
0.113281,-133.661484,-885.169495,1,893.830261,544.050659
0.113281,-133.47258,-886.756104,1,892.444458,546.333008
0.109375,-133.307953,-888.199158,1,888.453003,547.276794
0.113281,-133.152069,-889.618958,1,881.998047,529.685852
0.113281,-133.01091,-890.947205,1,869.531982,523.455383
0.105469,-132.890823,-892.108276,1,864.27533,515.842529
0.113281,-132.775848,-893.247803,1,860.507568,518.605774
0.113281,-132.669724,-894.321655,1,843.21582,365.547791
0.105469,-132.577423,-895.269958,1,843.451904,372.839508
0.113281,-132.486176,-896.211853,1,852.704651,473.445923
0.109375,-132.400101,-897.09906,1,857.142151,475.549744
0.113281,-132.320084,-897.918884,1,857.90863,475.563507
0.113281,-132.240433,-898.728027,1,881.160339,401.238892
0.105469,-132.173691,-899.402344,1,868.134216,462.312836
0.105469,-132.113892,-900.007019,1,868.215332,519.790833
0.109375,-132.059708,-900.55835,1,862.445496,588.635559
0.101562,-132.013855,-901.028809,1,858.542358,586.234863
0.113281,-131.96434,-901.540771,1,865.19574,587.419006
0.101562,-131.922974,-901.969849,1,853.126099,508.449677
0.113281,-131.876801,-902.449463,1,835.265808,355.266785
0.113281,-131.831558,-902.918335,1,834.874084,353.332062
0.101562,-131.79277,-903.319214,1,833.974548,355.156403
0.101562,-131.755203,-903.70697,1,836.495728,350.94577
0.117188,-131.711746,-904.155945,1,840.168457,352.755646
0.101562,-131.675217,-904.533691,1,774.253052,232.34201
0.117188,-131.633957,-904.961243,1,661.566895,-60.347202
0.113281,-131.594238,-905.373047,1,661.566895,-60.347202
0.101562,-131.56073,-905.720093,1,661.566895,-60.347202
0.101562,-131.528183,-906.056885,1,837.013672,82.21209
0.113281,-131.490891,-906.442383,1,877.253113,268.359863
0.101562,-131.458252,-906.779724,1,869.318604,276.914734
0.101562,-131.426804,-907.105286,1,869.906128,279.043396
0.113281,-131.390564,-907.479858,1,851.695496,515.298401
0.101562,-131.35968,-907.799377,1,852.318054,520.745178
0.101562,-131.329285,-908.113708,1,852.544922,523.824585
0.113281,-131.29425,-908.476501,1,845.33728,539.226562
0.105469,-131.263962,-908.790161,1,1059.807617,-192.663528
0.113281,-131.229538,-909.146362,1,1059.807617,-192.663528
0.101562,-131.200455,-909.447327,1,1059.807617,-192.663528
0.101562,-131.1707,-909.755249,1,1059.807617,-192.663528
0.105469,-131.140762,-910.064941,1,1059.807617,-192.663528
0.105469,-131.110764,-910.375366,0,0,0
0.101562,-131.082108,-910.671875,0,0,0
0.101562,-131.054001,-910.962585,1,789.962769,-209.902527
0.117188,-131.022064,-911.293213,1,858.629517,555.083313
0.101562,-130.994186,-911.581848,1,857.475037,547.599915
0.117188,-130.962265,-911.912109,1,848.700256,548.584351
0.113281,-130.931091,-912.234497,1,856.450684,533.611572
0.101562,-130.90715,-912.482056,1,864.527649,534.559021
0.101562,-130.888397,-912.676208,1,355.461517,483.885071
0.117188,-130.874008,-912.825134,1,269.244507,508.276428
0.113281,-130.868561,-912.881531,1,218.469376,503.887939
0.101562,-130.868698,-912.879883,1,871.548462,526.140503
0.117188,-130.869888,-912.867798,1,1047.245605,515.731812
0.113281,-130.870605,-912.860352,1,1049.887329,500.9487
0.101562,-130.870544,-912.860962,1,1041.867188,507.299774
0.132812,-130.870087,-912.865845,1,1042.251953,511.644012
0.101562,-130.869827,-912.868286,1,1260.588013,499.661011
0.113281,-130.869827,-912.868286,1,1263.057251,505.895172
0.101562,-130.869965,-912.867004,1,1326.151123,509.150909
0.101562,-130.870117,-912.865784,1,1564.016357,517.076965
0.117188,-130.870117,-912.865601,1,1557.112915,511.968689
0.117188,-130.870087,-912.866272,1,1551.828735,506.343018
0.113281,-130.870056,-912.866699,1,1582.392822,505.011871
0.101562,-130.870056,-912.86676,1,1572.418701,507.446167
0.101562,-130.870071,-912.866699,1,1575.191406,501.703644
0.113281,-130.870071,-912.866516,1,1566.01709,506.776642
0.101562,-130.870087,-912.866516,1,1542.57666,510.933441
0.101562,-130.870087,-912.866516,1,1202.942261,525.234314
0.113281,-130.870071,-912.866577,1,1213.907104,529.850342
0.101562,-130.870071,-912.866577,1,1500.772217,507.281952
0.101562,-130.870071,-912.866577,1,1494.854736,509.974335
0.117188,-130.870071,-912.866577,1,1538.27002,327.686127
0.113281,-130.870071,-912.866638,1,1525.011719,500.52182
0.101562,-130.870071,-912.866516,1,1507.275391,514.614624
0.101562,-130.870071,-912.866577,1,1506.606201,516.443909
0.113281,-130.870071,-912.866577,1,1509.010376,510.690613
0.101562,-130.870071,-912.866577,1,1494.749512,522.225891
0.101562,-130.870071,-912.866638,1,1428.027466,520.916687
0.113281,-130.870071,-912.866577,1,1430.327148,517.226074
0.101562,-130.870071,-912.866638,1,1426.297119,460.017792
0.101562,-130.870071,-912.866577,1,1444.881104,378.536072
0.113281,-130.870071,-912.866577,1,1399.344604,532.709229
0.101562,-130.870071,-912.866577,1,1396.338501,519.638977
0.101562,-130.870071,-912.866638,1,1400.790649,522.851196
0.117188,-130.870071,-912.866516,1,1393.084229,524.177246
0.101562,-130.870071,-912.866577,1,1395.083496,514.231567
0.113281,-130.870071,-912.866577,1,1397.775757,515.808228
0.117188,-130.870071,-912.866638,1,1372.242065,495.947052
0.113281,-130.870071,-912.866577,1,1357.642212,491.168854
0.101562,-130.870071,-912.866638,1,1350.126343,489.967102
0.101562,-130.870071,-912.866577,1,1339.378784,503.689178
0.113281,-130.870071,-912.866577,1,1175.261353,586.139832
0.101562,-130.870071,-912.866577,1,1108.388672,605.991699
0.101562,-130.870071,-912.866577,1,1111.780396,602.263794
0.117188,-130.870071,-912.866638,1,1129.731567,582.067566
0.113281,-130.870071,-912.866577,1,1243.117798,488.586395
0.101562,-130.870071,-912.866638,1,1231.967651,491.47644
0.109375,-130.870071,-912.866638,1,1221.763916,482.10672
0.109375,-130.870071,-912.866577,1,1207.332886,491.643738
0.113281,-130.870071,-912.866577,1,1200.117798,504.685669
0.109375,-130.870071,-912.866638,1,1316.154541,578.260559
0.101562,-130.870071,-912.866577,1,1181.84668,528.26947
0.113281,-130.870071,-912.866516,1,1055.236084,494.398163
0.109375,-130.870071,-912.866577,1,1029.599365,488.253906
0.113281,-130.870071,-912.866638,1,1009.360901,485.467804
0.109375,-130.870071,-912.866577,1,998.241089,494.985657
0.109375,-130.870041,-912.866943,1,890.745056,335.041931
0.113281,-130.869781,-912.869446,1,875.121338,380.935699
0.101562,-130.869339,-912.87384,1,845.219299,555.758057
0.117188,-130.868591,-912.88147,1,836.597229,551.197021
0.109375,-130.86763,-912.891174,1,524.807495,437.767426
0.109375,-130.866409,-912.903564,1,414.495178,413.829041
0.113281,-130.864655,-912.921143,1,411.225128,420.557709
0.109375,-130.861298,-912.953979,1,288.926361,403.583954
0.113281,-130.854187,-913.022095,1,256.533752,393.578918
0.113281,-130.841156,-913.144958,1,161.700348,417.614227
0.113281,-130.82196,-913.322998,1,170.275604,422.492432
0.113281,-130.797745,-913.545593,1,199.62262,418.81955
0.109375,-130.768433,-913.815369,1,214.931015,420.409607
0.113281,-130.734619,-914.127258,1,225.92363,427.225861
0.105469,-130.698181,-914.46167,1,215.910477,428.965271
0.109375,-130.658844,-914.820862,1,209.217361,420.720459
0.109375,-130.616714,-915.201355,1,197.248871,411.687714
0.109375,-130.572952,-915.590637,1,815.312683,477.703369
0.117188,-130.525681,-916.000671,1,816.218262,480.638428
0.113281,-130.476776,-916.41156,1,817.994873,486.435333
0.101562,-130.433411,-916.763855,1,816.447327,490.192657
0.117188,-130.381027,-917.173828,1,281.558563,396.531372
0.117188,-130.325348,-917.588318,1,292.090118,399.70282
0.113281,-130.262192,-918.028625,1,678.634216,464.370331
0.101562,-130.196671,-918.454895,1,717.665527,463.22052
0.101562,-130.119949,-918.916077,1,731.565796,451.053253
0.113281,-130.014923,-919.489197,1,740.738037,441.894653
0.101562,-129.903351,-920.034607,1,747.456909,442.685547
0.101562,-129.767761,-920.622375,1,754.827026,446.911896
0.101562,-129.602203,-921.247925,1,756.02301,446.771362
0.113281,-129.36586,-922.002136,1,752.239258,446.018738
0.101562,-129.110275,-922.686646,1,468.952789,439.431335
0.101562,-128.808975,-923.370056,1,282.82251,443.804138
0.113281,-128.38588,-924.174194,1,357.104828,434.841949
0.101562,-127.94104,-924.886292,1,427.874207,433.168091
0.101562,-127.436531,-925.581421,1,487.819977,451.644806
0.113281,-126.779205,-926.361084,1,529.888428,461.873901
0.101562,-126.154404,-927.008789,1,544.139771,462.84906
0.101562,-125.440735,-927.669678,1,538.306763,466.4086
0.101562,-124.683128,-928.300537,1,570.145569,471.780457
0.117188,-123.723061,-929.012695,1,551.69519,471.881744
0.113281,-122.694809,-929.677429,1,350.217194,481.212463
0.101562,-121.749252,-930.203613,1,368.664703,478.751282
0.101562,-120.750259,-930.674866,1,377.265778,467.802582
0.113281,-119.526848,-931.140137,1,572.484619,483.75528
0.101562,-118.414886,-931.464355,1,637.556152,472.41095
0.101562,-117.262772,-931.709045,1,685.563599,458.882965
0.105469,-116.036659,-931.875671,1,654.641907,499.403503
0.113281,-114.699219,-931.953003,1,717.963379,488.76712
0.101562,-113.44442,-931.931641,1,789.246582,493.582825
0.105469,-112.14473,-931.813599,1,834.493713,496.291962
0.109375,-110.837395,-931.593018,1,841.802551,478.145508
0.105469,-109.54454,-931.273987,1,882.250122,489.848175
0.109375,-108.178658,-930.83136,1,943.214355,492.889496
0.105469,-106.894638,-930.337341,1,994.639221,503.774841
0.113281,-105.492203,-929.756836,1,1033.509766,491.654694
0.113281,-104.048538,-929.170288,1,1071.064575,493.134399
0.105469,-102.655861,-928.651245,1,1113.205078,518.771973
0.109375,-101.133286,-928.152649,1,1095.755493,517.913574
0.105469,-99.653915,-927.739319,1,1072.918579,520.777405
0.109375,-98.047401,-927.357544,1,1039.502808,506.08139
0.105469,-96.45491,-927.025818,1,1031.604736,511.392578
0.109375,-94.727585,-926.690491,1,1009.509766,511.281647
0.109375,-93.019341,-926.366394,1,1025.538818,514.568115
0.105469,-91.236496,-926.034241,1,1002.153625,516.085754
0.109375,-89.425949,-925.714905,1,882.399353,366.615021
0.101562,-87.671852,-925.434387,1,878.33728,363.769379
0.101562,-85.985222,-925.200012,1,1010.781677,539.051147
0.121094,-83.896324,-924.965332,1,991.189026,539.786316
0.121094,-81.86776,-924.796082,1,978.124268,552.536438
0.113281,-79.88131,-924.67926,1,955.846436,542.854736
0.105469,-78.122986,-924.609924,1,938.249939,545.319702
0.105469,-76.330078,-924.568237,1,929.451721,538.622253
0.101562,-74.625061,-924.554871,1,912.884644,530.008606
0.113281,-72.713745,-924.571533,1,917.83551,535.456909
0.113281,-70.803703,-924.622437,1,900.242493,541.185913
0.117188,-68.882042,-924.70575,1,893.465454,408.726959
0.101562,-67.15918,-924.802917,1,884.733948,529.258606
0.113281,-65.326393,-924.921448,1,871.546875,525.197571
0.101562,-63.598026,-925.035706,1,863.432495,516.177734
0.109375,-61.805248,-925.143738,1,851.053467,502.087341
0.105469,-60.046913,-925.229492,1,842.7146,482.347717
0.101562,-58.396164,-925.287476,1,856.273376,508.038025
0.101562,-56.76585,-925.322388,1,856.714661,481.352142
0.113281,-54.855389,-925.336548,1,898.774597,511.468445
0.101562,-53.231514,-925.330017,1,900.90625,515.090149
0.117188,-51.328762,-925.307434,1,901.691101,524.433044
0.117188,-49.434608,-925.273071,1,868.916931,289.970032
0.113281,-47.539967,-925.229126,1,879.638855,345.925079
0.101562,-45.926888,-925.183838,1,895.353271,462.457642
0.101562,-44.313057,-925.131897,1,908.834412,556.587708
0.113281,-42.438515,-925.066284,1,930.729919,537.638977
0.101562,-40.833286,-925.009094,1,932.210876,535.956177
0.101562,-39.217915,-924.953857,1,930.626526,534.623657
0.101562,-37.607124,-924.903442,1,938.461609,523.773621
0.113281,-35.746056,-924.853943,1,1086.239746,322.878998
0.101562,-34.166626,-924.819763,1,1070.394409,344.19577
0.113281,-32.317406,-924.788574,1,932.913391,506.13858
0.101562,-30.733578,-924.768433,1,923.78241,510.579132
0.101562,-29.141365,-924.753296,1,863.950684,334.546875
0.117188,-27.29797,-924.741394,1,852.957214,310.3479
0.113281,-25.458796,-924.735229,1,875.19751,312.506683
0.101562,-23.880196,-924.734009,1,869.630005,309.552094
0.101562,-22.309053,-924.734375,1,358.106232,369.810913
0.113281,-20.47414,-924.732727,1,355.986023,376.018494
0.101562,-18.916279,-924.726562,1,468.87674,388.111908
0.117188,-17.095221,-924.711304,1,899.946716,480.266663
0.117188,-15.260591,-924.685669,1,917.917542,484.111847
0.117188,-13.423155,-924.650085,1,941.329651,497.022064
0.113281,-11.606683,-924.608154,1,943.68158,508.191406
0.101562,-10.053046,-924.572144,1,950.35498,517.215393
0.101562,-8.494808,-924.540405,1,947.658325,520.831909
0.113281,-6.685234,-924.513062,1,948.736145,524.304565
0.101562,-5.137946,-924.499512,1,938.114319,501.74057
0.101562,-3.592076,-924.494873,1,929.498535,480.514099
0.117188,-1.785045,-924.499634,1,937.448975,497.923981
0.113281,0.006302,-924.513123,1,932.767761,504.817047
0.105469,1.594971,-924.530945,1,922.101013,510.982422
0.105469,3.205951,-924.553223,1,921.87085,512.059875
0.105469,4.879066,-924.580811,1,918.43927,516.496155
0.101562,6.408673,-924.609741,1,912.127441,512.763123
0.117188,8.194316,-924.648315,1,903.758423,511.451233
0.117188,9.974729,-924.691833,1,907.389709,510.259369
0.113281,11.75333,-924.739441,1,906.694458,506.218872
0.101562,13.277572,-924.78186,1,903.913391,512.137024
0.101562,14.799964,-924.824341,1,892.172485,510.990662
0.101562,16.364885,-924.867004,1,898.672607,537.694458
0.113281,18.104122,-924.912598,1,909.278259,532.606445
0.101562,19.611088,-924.950439,1,910.303589,526.940186
0.113281,21.374491,-924.992737,1,911.614746,530.115845
0.101562,22.887001,-925.02771,1,899.59375,513.021729
0.117188,24.645365,-925.067078,1,903.387451,512.600708
0.117188,26.403877,-925.105103,1,923.47937,436.086914
0.113281,28.16423,-925.142029,1,913.156128,498.429962
0.101562,29.672243,-925.172607,1,906.436768,490.420654
0.101562,31.182943,-925.202454,1,892.354431,331.340424
0.113281,32.944859,-925.236877,1,890.523621,342.695068
0.101562,34.444656,-925.265869,1,919.4599,525.158569
0.101562,35.948219,-925.295044,1,918.582336,536.451172
0.113281,37.704903,-925.329163,1,918.572876,531.238403
0.101562,39.208054,-925.358459,1,925.385986,551.084351
0.101562,40.725391,-925.388,1,913.671997,554.382812
0.117188,42.477234,-925.422119,1,926.315247,547.959229
0.113281,44.215622,-925.456055,1,1342.672119,217.619324
0.101562,45.722736,-925.485352,1,1364.391357,186.958344
0.113281,47.471397,-925.519287,1,1357.821777,194.51358
0.101562,48.965923,-925.54834,1,1343.160278,196.349335
0.113281,50.701107,-925.582031,1,910.218506,503.82666
0.113281,52.405251,-925.615173,1,908.748108,510.891754
0.101562,53.902668,-925.644226,1,905.638245,507.333832
0.113281,55.635872,-925.677917,1,903.287537,501.782379
0.101562,57.133827,-925.706726,1,901.190735,504.763275
0.109375,58.810032,-925.736633,1,896.205811,506.883514
0.113281,60.545425,-925.763489,1,863.76593,318.540283
0.101562,62.054764,-925.782288,1,867.527039,329.288879
0.101562,63.56057,-925.796082,1,864.366638,350.938751
0.113281,65.315208,-925.80658,1,838.250427,530.041809
0.101562,66.826721,-925.811401,1,826.094849,537.190369
0.101562,68.34539,-925.813904,1,900.718018,523.195129
0.117188,70.082603,-925.816223,1,903.604004,523.802856
0.113281,71.842552,-925.819214,1,905.426025,525.418884
0.101562,73.339355,-925.822815,1,904.443298,524.375977
0.101562,74.851448,-925.827698,1,903.274597,523.001282
0.113281,76.60627,-925.834961,1,901.978149,530.761902
0.101562,78.122475,-925.842468,1,910.062134,529.276184
0.101562,79.629356,-925.851074,1,900.96814,533.637268
0.113281,81.338928,-925.861755,1,908.455688,480.163055
0.101562,82.819283,-925.871399,1,900.490295,507.037476
0.113281,84.522835,-925.882629,1,892.352173,527.41449
0.109375,86.135696,-925.893188,1,893.418518,523.876709
0.109375,87.694992,-925.903259,1,886.293701,533.290588
0.105469,89.23333,-925.912903,1,884.583801,534.951721
0.109375,90.821175,-925.922913,1,881.474304,530.769226
0.109375,92.369934,-925.932678,1,901.227966,575.746155
0.109375,93.907059,-925.942566,1,916.437805,584.450378
0.105469,95.428596,-925.952271,1,936.05957,599.295532
0.109375,96.93174,-925.961914,1,936.795715,589.775208
0.105469,98.34803,-925.971008,1,917.243591,533.487366
0.101562,99.70594,-925.979736,1,902.826233,486.056152
0.101562,101.033981,-925.988098,1,900.990601,489.502472
0.101562,102.302048,-925.996216,1,897.618164,493.881073
0.101562,103.517899,-926.003906,1,905.158691,489.905884
0.101562,104.707321,-926.011414,1,895.461304,497.568054
0.101562,105.811806,-926.018494,1,897.522217,503.42215
0.101562,106.859985,-926.024841,1,928.897034,371.853851
0.113281,108.026314,-926.030945,1,910.593079,462.949738
0.105469,109.025841,-926.035156,1,900.504883,502.518829
0.105469,110.029022,-926.03833,1,895.444458,502.901825
0.109375,110.994606,-926.0401,1,899.068665,500.424286
0.105469,111.879921,-926.040955,1,901.110657,500.521576
0.101562,112.747498,-926.041138,1,893.279785,504.761444
0.105469,113.544556,-926.040955,1,890.407593,500.467834
0.105469,114.313972,-926.040649,1,891.61731,503.01886
0.101562,115.034119,-926.040222,1,928.972412,566.480042
0.109375,115.770065,-926.039795,1,950.760376,647.098328
0.105469,116.410942,-926.039429,1,949.898987,642.980713
0.101562,117.034622,-926.039368,1,948.957703,628.05658
0.105469,117.677261,-926.039307,1,907.765991,462.597198
0.101562,118.291161,-926.039612,1,906.7677,452.443268
0.105469,118.894646,-926.0401,1,909.474792,454.450745
0.101562,119.474419,-926.04071,1,904.816223,450.861023
0.101562,120.052803,-926.041565,1,905.758789,460.920135
0.101562,120.617508,-926.04248,1,901.097168,469.008453
0.105469,121.159233,-926.043579,1,903.248291,465.740479
0.101562,121.684113,-926.044434,1,897.125061,467.219604
0.113281,122.256866,-926.045837,1,894.03833,459.496155
0.105469,122.746742,-926.047119,1,898.027222,460.833954
0.101562,123.182831,-926.048401,1,908.296631,444.859314
0.105469,123.556473,-926.049438,1,911.258911,447.596008
0.101562,123.862595,-926.050415,1,906.108032,459.209076
0.101562,124.082962,-926.051208,1,902.708496,455.416351
0.101562,124.22905,-926.051636,1,891.326416,474.442963
0.105469,124.29422,-926.051819,1,903.778992,483.769287
0.101562,124.296425,-926.051819,1,904.327759,482.380402
0.109375,124.28537,-926.051758,1,904.591125,465.870697
0.101562,124.276764,-926.051758,1,908.290039,479.733521
0.105469,124.275047,-926.051758,1,963.944214,628.728271
0.101562,124.278198,-926.051758,1,976.399719,557.346802
0.101562,124.28186,-926.051758,1,1010.745056,436.35141
0.113281,124.283539,-926.051758,1,955.286865,581.528564
0.109375,124.282692,-926.051758,1,909.508606,543.253662
0.101562,124.281319,-926.051758,1,903.401672,533.454346
0.113281,124.280495,-926.051758,1,904.123779,533.380493
0.113281,124.280777,-926.051758,1,908.437927,530.690552
0.113281,124.281372,-926.051758,1,909.517334,521.883606
0.109375,124.281677,-926.051758,1,904.581787,519.312073
0.101562,124.281624,-926.051758,1,908.181396,507.876862
0.113281,124.28141,-926.051758,1,453.183167,597.617798
0.109375,124.281258,-926.051758,1,462.224365,589.098145
0.101562,124.28125,-926.051758,1,458.736481,593.303284
0.109375,124.281342,-926.051758,1,334.822021,601.306152
0.109375,124.28141,-926.051758,1,342.456848,595.653809
0.105469,124.281418,-926.051758,1,320.708069,367.540588
0.109375,124.281403,-926.051758,1,1047.997314,349.367828
0.113281,124.28138,-926.051758,1,978.604065,587.673279
0.109375,124.28138,-926.051758,1,976.966064,581.92157
0.109375,124.281395,-926.051758,1,971.041931,598.037598
0.105469,124.28138,-926.051758,1,970.350708,598.385559
0.109375,124.281395,-926.051758,1,956.79657,583.568359
0.105469,124.281387,-926.051758,1,956.236084,583.970398
0.109375,124.281387,-926.051758,1,1070.425537,319.697113
0.109375,124.281387,-926.051758,1,947.912415,560.395752
0.109375,124.281395,-926.051758,1,946.178711,557.505127
0.105469,124.281387,-926.051758,1,944.197144,553.802917
0.101562,124.281387,-926.051758,1,934.19696,507.197815
0.101562,124.281387,-926.051758,1,923.767578,435.996735
0.109375,124.281395,-926.051758,1,925.444702,438.564117
0.101562,124.281387,-926.051758,1,922.545715,432.940247
0.113281,124.28138,-926.051758,1,919.922424,432.651764
0.113281,124.281387,-926.051758,1,915.687439,447.828125
0.113281,124.281395,-926.051758,1,910.389038,452.4328
0.101562,124.281395,-926.051758,1,323.619049,629.7229
0.113281,124.281387,-926.051758,1,321.74585,635.557983
0.101562,124.28138,-926.051758,1,294.025787,641.921753
0.113281,124.281387,-926.051758,1,305.033569,617.901428
0.113281,124.28138,-926.051758,1,313.754395,623.942688
0.101562,124.281395,-926.051758,1,306.495148,627.281982
0.113281,124.281395,-926.051758,1,560.948486,622.323975
0.105469,124.281387,-926.051758,1,972.034851,610.194763
0.101562,124.281387,-926.051758,1,967.975586,593.288208
0.101562,124.281387,-926.051758,1,968.99939,585.60022
0.113281,124.281387,-926.051758,1,960.595093,575.339355
0.101562,124.281387,-926.051758,1,959.530884,588.792175
0.113281,124.281387,-926.051758,1,957.781433,504.335663
0.101562,124.281395,-926.051758,1,943.430542,401.556213
0.113281,124.281387,-926.051758,1,928.291992,439.514679
0.113281,124.281387,-926.051758,1,925.686707,438.383728
0.117188,124.281395,-926.051758,1,921.838074,457.588837
0.109375,124.281387,-926.051758,1,915.903259,461.700287
0.109375,124.281387,-926.051758,1,917.818115,466.392426
0.113281,124.281387,-926.051819,1,912.786255,461.021667
0.109375,124.281387,-926.051758,1,906.287598,462.745819
0.113281,124.281395,-926.051758,1,906.96051,462.070129
0.109375,124.281799,-926.051758,1,913.623169,458.863251
0.109375,124.284317,-926.051758,1,913.638489,465.81073
0.109375,124.289261,-926.051758,1,899.477234,469.115448
0.109375,124.29686,-926.051758,1,896.455994,469.017242
0.109375,124.306625,-926.051758,1,895.656738,480.721161
0.109375,124.319397,-926.051819,1,889.095886,483.817719
0.105469,124.338104,-926.051758,1,881.317505,493.46701
0.117188,124.374741,-926.051819,1,881.897827,503.657532
0.113281,124.448769,-926.052002,1,887.990967,503.072632
0.113281,124.576744,-926.052368,1,881.158875,498.765198
0.109375,124.749374,-926.052734,1,879.567932,490.78891
0.109375,124.972855,-926.053406,1,875.756226,496.885132
0.109375,125.243164,-926.054077,1,884.077148,491.5065
0.109375,125.560562,-926.055054,1,880.491272,486.120575
0.109375,125.922302,-926.05603,1,891.481445,477.703491
0.109375,126.335938,-926.057129,1,832.445923,467.264221
0.109375,126.807068,-926.058472,1,826.77063,457.742615
0.113281,127.329788,-926.059875,1,831.934753,455.497681
0.109375,127.896912,-926.061401,1,484.867859,456.996399
0.109375,128.512802,-926.062988,1,476.31543,460.541473
0.109375,129.169037,-926.06366,1,466.458832,462.049927
0.105469,129.853104,-926.062622,1,729.913086,413.783813
0.105469,130.583298,-926.058228,1,736.99884,407.466217
0.105469,131.355011,-926.048462,1,736.060669,410.357391
0.109375,132.202744,-926.026978,1,731.844543,408.889587
0.105469,133.067444,-925.988098,1,366.240814,450.950684
0.113281,134.027069,-925.913147,1,364.169159,448.857239
0.109375,134.981247,-925.795654,1,363.435669,459.071289
0.109375,135.942108,-925.627563,1,373.147278,459.830353
0.113281,136.937973,-925.395508,1,395.001831,464.338806
0.105469,137.923691,-925.099426,1,434.55481,456.059143
0.101562,138.825607,-924.76239,1,454.516205,453.362976
0.101562,139.745636,-924.346313,1,312.426086,412.531647
0.113281,140.782852,-923.777466,1,172.521652,368.278503
0.101562,141.651489,-923.207886,1,201.601669,384.822113
0.113281,142.619553,-922.459167,1,132.74913,382.119019
0.101562,143.405716,-921.742859,1,170.811508,394.74411
0.101562,144.15274,-920.946594,1,225.970139,405.448486
0.113281,144.935242,-919.955627,1,361.118439,469.850922
0.113281,145.623688,-918.904053,1,437.903625,471.741943
0.105469,146.191147,-917.852234,1,505.651123,472.393555
0.113281,146.699402,-916.684631,1,578.868286,473.372772
0.109375,147.092621,-915.513245,1,646.325439,483.632294
0.109375,147.388412,-914.296204,1,691.765198,490.62146
0.101562,147.570023,-913.122009,1,768.687378,495.045959
0.105469,147.654953,-911.930725,1,739.716248,500.905609
0.101562,147.641891,-910.729004,1,814.816956,509.380402
0.101562,147.53688,-909.558655,1,849.577087,498.31311
0.105469,147.352219,-908.33844,1,904.121216,518.410889
0.105469,147.121002,-907.067627,1,968.599548,512.24585
0.109375,146.88913,-905.72644,1,1015.235962,516.509338
0.101562,146.715805,-904.475891,1,988.898193,507.526672
0.101562,146.601501,-903.222473,1,1030.383301,529.661316
0.105469,146.546783,-901.930298,1,982.577698,539.088867
0.109375,146.538071,-900.598694,1,974.853516,519.956543
0.113281,146.547684,-899.210938,1,924.665955,530.129333
0.101562,146.552734,-897.960205,1,908.46106,537.9729
0.101562,146.547226,-896.750122,1,914.289673,386.232971
0.101562,146.532913,-895.546448,1,919.421753,473.257294
0.101562,146.517151,-894.357727,1,916.219971,540.161133
0.101562,146.508057,-893.153503,1,923.059509,542.249634
0.101562,146.512314,-891.963318,1,916.942261,543.387634
0.101562,146.532715,-890.771484,1,909.068909,542.213623
0.105469,146.569016,-889.531189,1,917.034363,541.374207
0.105469,146.61496,-888.318726,1,918.615295,523.995911
0.101562,146.666931,-887.112854,1,919.411377,526.136414
0.101562,146.723602,-885.881714,1,900.536011,503.253815
0.105469,146.783447,-884.619019,1,883.639404,463.945892
0.101562,146.844727,-883.33374,1,877.144775,465.40097
0.105469,146.906097,-882.044434,1,873.868896,463.206482
0.101562,146.968491,-880.734253,1,794.015137,526.649963
0.105469,147.032074,-879.399353,1,796.429016,523.517517
0.101562,147.095566,-878.067566,1,795.812927,519.712158
0.105469,147.160431,-876.707214,1,793.826172,511.977051
0.105469,147.225311,-875.347168,1,906.630127,520.630859
0.101562,147.289505,-874.002197,1,910.415588,509.399567
0.101562,147.354279,-872.645569,1,916.887268,535.264404
0.101562,147.417938,-871.313477,1,928.081116,540.207764
0.105469,147.483078,-869.950256,1,920.63147,529.133728
0.113281,147.553619,-868.475159,1,933.607544,535.524292
0.105469,147.62149,-867.054871,1,980.033081,420.279938
0.109375,147.68985,-865.607483,1,842.898315,355.863464
0.109375,147.7556,-864.152893,1,895.306519,495.453278
0.113281,147.817245,-862.673462,1,893.485535,495.265228
0.113281,147.87236,-861.18927,1,891.747314,499.045044
0.109375,147.919586,-859.720642,1,896.42334,507.262726
0.109375,147.959869,-858.245911,1,956.687012,497.414551
0.101562,147.990936,-856.926331,1,958.096313,500.891724
0.113281,148.021927,-855.417297,1,959.026245,497.206696
0.113281,148.049942,-853.894409,1,965.94397,495.780487
0.113281,148.076324,-852.385803,1,968.438171,498.29892
0.113281,148.102814,-850.874695,1,922.654602,497.975098
0.113281,148.130981,-849.321594,1,921.897766,493.015808
0.101562,148.156509,-847.986694,1,912.805481,495.16449
0.113281,148.187851,-846.430237,1,914.283081,486.438538
0.101562,148.21611,-845.09375,1,933.888489,487.555359
0.101562,148.246262,-843.725403,1,946.434204,506.17511
0.101562,148.277618,-842.360291,1,968.369995,498.369354
0.113281,148.315414,-840.785461,1,985.680054,498.23822
0.101562,148.349167,-839.439697,1,981.036987,494.935699
0.101562,148.384811,-838.075073,1,1251.085327,231.173904
0.105469,148.423767,-836.644409,1,1333.973022,171.822845
0.101562,148.462021,-835.291626,1,1233.057007,280.765259
0.105469,148.504181,-833.852234,1,952.109253,529.495239
0.101562,148.546234,-832.4646,1,956.545959,538.134521
0.101562,148.589279,-831.088928,1,956.056458,528.860107
0.101562,148.633011,-829.731201,1,973.651794,524.92041
0.113281,148.685318,-828.153076,1,973.737366,530.90863
0.101562,148.73114,-826.807312,1,980.416809,529.838257
0.101562,148.778503,-825.446777,1,976.516785,535.231812
0.101562,148.827042,-824.075134,1,933.318787,479.754669
0.113281,148.88298,-822.502441,1,936.484253,472.472351
0.101562,148.930923,-821.147583,1,969.669312,480.803619
0.117188,148.985977,-819.569275,1,976.502136,481.371002
0.101562,149.032715,-818.200439,1,978.769653,485.116577
0.117188,149.085861,-816.60553,1,1158.864502,449.262054
0.113281,149.136169,-815.054749,1,1234.99353,425.28772
0.101562,149.17926,-813.695435,1,1239.390991,434.023499
0.117188,149.228088,-812.123047,1,984.856812,498.587952
0.113281,149.276047,-810.547424,1,983.834167,500.341248
0.101562,149.316742,-809.192078,1,990.840088,498.877014
0.117188,149.363464,-807.616821,1,981.254395,532.28418
0.117188,149.409973,-806.033813,1,981.847107,537.599854
0.113281,149.455978,-804.4552,1,986.913513,539.626282
0.101562,149.494995,-803.113037,1,957.731384,545.365723
0.105469,149.53595,-801.70105,1,921.96637,520.220093
0.101562,149.576416,-800.306152,1,926.058228,525.169189
0.105469,149.617508,-798.893188,1,932.836182,517.561768
0.105469,149.658951,-797.469055,1,938.889771,511.127045
0.117188,149.705124,-795.880371,1,937.983276,512.116516
0.113281,149.750671,-794.306702,1,927.83429,498.910187
0.101562,149.789246,-792.947144,1,932.09668,504.2771
0.101562,149.825989,-791.596619,1,926.68103,495.869232
0.117188,149.86615,-790.014038,1,924.666748,474.115265
0.113281,149.902298,-788.447388,1,926.42157,477.622253
0.101562,149.93013,-787.110107,1,928.032837,474.988037
0.117188,149.95932,-785.573181,1,933.456787,482.550751
0.113281,149.987244,-784.039612,1,898.769104,482.856995
0.101562,150.010864,-782.743591,1,873.223755,493.824829
0.101562,150.034836,-781.454285,1,871.977356,496.378967
0.113281,150.063431,-779.963318,1,882.587769,433.890015
0.101562,150.088257,-778.693298,1,870.142944,499.918488
0.101562,150.112793,-777.443542,1,868.031738,494.229828
0.117188,150.141144,-775.987854,1,865.742981,495.828552
0.113281,150.168701,-774.553833,1,864.020203,498.94281
0.101562,150.191925,-773.333252,1,870.431458,493.316559
0.101562,150.214981,-772.119202,1,874.778564,469.236969
0.117188,150.241974,-770.703796,1,891.950134,443.475708
0.113281,150.268448,-769.325562,1,889.800537,433.035828
0.101562,150.291168,-768.149841,1,897.792297,430.96701
0.101562,150.313431,-766.99884,1,894.360474,422.84906
0.113281,150.33844,-765.707642,1,892.907776,412.710876
0.101562,150.358582,-764.665649,1,892.084839,405.805176
0.101562,150.377075,-763.70459,1,893.929016,406.893677
0.117188,150.396851,-762.675415,1,799.544617,451.78006
0.113281,150.414139,-761.774719,1,803.023071,456.393799
0.101562,150.427277,-761.090759,1,812.236206,455.414337
0.101562,150.438568,-760.503845,1,927.43158,486.536865
0.113281,150.449524,-759.936218,1,923.007568,486.020935
0.101562,150.456985,-759.549438,1,953.303833,375.10257
0.101562,150.462601,-759.25769,1,1013.91449,-2.896324
0.113281,150.466934,-759.031372,1,1013.91449,-2.896324
0.101562,150.468765,-758.937317,1,1013.91449,-2.896324
0.101562,150.469025,-758.922729,1,1013.91449,-2.896324
0.117188,150.468781,-758.934937,0,0,0
0.113281,150.468567,-758.947083,1,979.564819,508.627899
0.101562,150.468521,-758.949768,1,980.372986,585.287048
0.101562,150.468567,-758.946594,1,979.512756,558.06897
0.113281,150.468674,-758.94165,1,986.410461,554.959167
0.101562,150.468689,-758.939758,1,980.931274,545.450134
0.101562,150.468674,-758.940369,1,981.826843,545.797791
0.105469,150.468658,-758.942017,1,980.589661,543.720947
0.113281,150.468643,-758.943176,1,984.684204,541.92627
0.113281,150.468643,-758.942993,1,973.282227,536.844482
0.105469,150.468643,-758.942383,1,1413.774048,500.800964
0.113281,150.468658,-758.941833,1,1412.439453,492.844818
0.101562,150.468658,-758.941833,1,1592.915405,504.678833
0.113281,150.468674,-758.942017,1,1587.22229,515.160706
0.117188,150.468658,-758.942139,1,1592.969727,510.132202
0.105469,150.468658,-758.942139,1,737.565857,500.513641
0.109375,150.468658,-758.942078,1,744.742554,503.989349
0.101562,150.468658,-758.942017,1,526.317444,481.214417
0.101562,150.468658,-758.942017,1,318.281921,484.93158
0.101562,150.468658,-758.942017,1,154.54422,485.990692
0.113281,150.468658,-758.942078,1,357.240265,505.848694
0.101562,150.468658,-758.942078,1,898.013062,525.365723
0.105469,150.468658,-758.942078,1,929.670898,501.906097
0.105469,150.468658,-758.942078,1,957.168701,487.023071
0.101562,150.468658,-758.942017,1,955.71814,488.976105
0.101562,150.468658,-758.942017,1,914.314148,478.920135
0.117188,150.468689,-758.940002,1,918.823242,486.3992
0.117188,150.468781,-758.935242,1,911.890869,504.640808
0.113281,150.468933,-758.927673,1,919.16272,537.565918
0.105469,150.469116,-758.918213,1,911.737061,548.014099
0.121094,150.469482,-758.898193,1,904.643066,555.656189
0.113281,150.470398,-758.85199,1,910.708801,556.735107
0.109375,150.472122,-758.761536,1,912.453369,566.960388
0.101562,150.474564,-758.63208,1,909.89502,564.187012
0.101562,150.477844,-758.461609,1,887.489929,487.619141
0.117188,150.48262,-758.212891,1,891.371704,506.673218
0.113281,150.488449,-757.909546,1,888.925171,498.671478
0.101562,150.49437,-757.603088,1,895.481628,390.454285
0.101562,150.501022,-757.253174,1,751.323242,656.753235
0.113281,150.509232,-756.803345,1,916.858276,570.336243
0.101562,150.516769,-756.365051,1,918.400452,550.985168
0.117188,150.525772,-755.808899,1,917.538513,559.136108
0.117188,150.535049,-755.192261,1,860.070496,477.457855
0.117188,150.544388,-754.520569,1,866.94635,454.298737
0.113281,150.553726,-753.793945,1,877.382446,461.603729
0.101562,150.561584,-753.124512,1,321.602509,410.710205
0.101562,150.569107,-752.422241,1,334.161133,406.35614
0.113281,150.57753,-751.543457,1,335.966614,408.336151
0.101562,150.584259,-750.742981,1,880.029907,493.023773
0.101562,150.590424,-749.911499,1,895.285156,462.841003
0.117188,150.597321,-748.881592,1,890.354675,474.703156
0.113281,150.60408,-747.805725,1,1021.106323,389.147491
0.101562,150.609955,-746.825134,1,925.048706,456.693085
0.101562,150.615952,-745.80304,1,915.894592,455.971527
0.105469,150.62233,-744.684143,1,918.520874,457.422913
0.109375,150.628708,-743.453003,1,844.481079,313.379272
0.101562,150.632904,-742.28363,1,849.223633,319.016357
0.101562,150.634323,-741.072449,1,845.828186,317.185455
0.109375,150.631577,-739.753784,1,895.958313,452.531097
0.105469,150.624435,-738.42218,1,924.827759,515.731445
0.117188,150.611786,-736.902649,1,930.344116,507.585144
0.101562,150.597702,-735.572754,1,999.10675,544.259338
0.117188,150.57872,-733.996643,1,1029.075806,564.534119
0.113281,150.559204,-732.416199,1,1038.154663,567.868835
0.101562,150.542435,-731.025818,1,870.273315,321.416595
0.101562,150.526093,-729.604675,1,869.464233,313.171539
0.109375,150.509659,-728.092041,1,881.090942,302.984253
0.105469,150.494354,-726.61499,1,951.091125,484.336975
0.117188,150.477158,-724.931946,1,946.525757,486.479034
0.117188,150.459625,-723.225891,1,948.202148,505.505768
0.117188,150.441574,-721.502625,1,954.387939,499.467987
0.113281,150.423248,-719.775879,1,878.786072,326.334656
0.117188,150.404724,-718.039917,1,877.314819,323.87677
0.101562,150.388733,-716.512268,1,880.594238,318.157227
0.117188,150.372421,-714.718201,1,880.863647,321.309052
0.117188,150.361755,-712.910095,1,886.767456,322.71637
0.101562,150.35881,-711.285461,1,879.569397,315.518646
0.109375,150.363586,-709.578125,1,921.533691,486.540314
0.101562,150.375946,-707.939148,1,916.930176,478.288757
0.101562,150.395538,-706.295471,1,918.914551,475.520813
0.117188,150.427002,-704.348083,1,908.418396,471.313019
0.117188,150.467621,-702.349487,1,909.866211,475.112854
0.113281,150.514893,-700.400574,1,930.422241,523.46283
0.101562,150.562683,-698.692261,1,929.192505,548.208618
0.113281,150.625671,-696.718262,1,929.214783,539.479126
0.101562,150.687943,-694.991577,1,918.864319,507.10379
0.101562,150.756424,-693.278809,1,924.783203,470.277802
0.117188,150.844482,-691.27356,1,923.384399,467.91568
0.101562,150.925613,-689.5224,1,922.00238,480.36911
0.101562,151.007248,-687.78894,1,918.401978,477.362091
0.113281,151.099182,-685.81604,1,1107.862061,343.2659
0.113281,151.190186,-683.814026,1,1270.619141,218.197495
0.101562,151.26767,-682.064575,1,1220.844482,262.259857
0.101562,151.34256,-680.328796,1,930.179138,536.569153
0.117188,151.428314,-678.283142,1,937.132263,534.651794
0.113281,151.509583,-676.272278,1,949.755249,494.158112
0.101562,151.578171,-674.509216,1,971.434814,275.954865
0.101562,151.643509,-672.76001,1,928.115173,494.261017
0.117188,151.716919,-670.716125,1,919.394226,517.536621
0.113281,151.788696,-668.674927,1,922.370056,507.524475
0.105469,151.853714,-666.817139,1,918.851196,510.909454
0.105469,151.91954,-664.951233,1,915.859131,501.652405
0.105469,151.985809,-663.096924,1,929.366028,510.103638
0.101562,152.050903,-661.30304,1,945.590088,527.941223
0.101562,152.115891,-659.533447,1,952.814026,526.352295
0.113281,152.191956,-657.479248,1,957.637146,520.065613
0.101562,152.258301,-655.692871,1,956.47998,523.552551
0.117188,152.33606,-653.598572,1,948.321533,509.294098
0.101562,152.402542,-651.804626,1,932.032593,500.627441
0.113281,152.480164,-649.706543,1,932.89502,492.337921
0.101562,152.545853,-647.929138,1,933.347717,509.200623
0.117188,152.623795,-645.821716,1,931.727417,504.968475
0.101562,152.691513,-643.991882,1,926.027893,514.892334
0.117188,152.76944,-641.887939,1,915.609741,513.367493
0.113281,152.846725,-639.802612,1,916.125549,515.752502
0.101562,152.913834,-637.991516,1,925.882996,516.370178
0.117188,152.992142,-635.882996,1,928.755859,507.661896
0.113281,153.072433,-633.770691,1,925.774658,564.096558
0.101562,153.145126,-631.943176,1,919.858337,552.97876
0.101562,153.221603,-630.124634,1,922.254883,564.049805
0.113281,153.31752,-627.992432,1,937.720581,499.591949
0.101562,153.406357,-626.146301,1,936.792725,489.179565
0.105469,153.501251,-624.271606,1,932.542847,487.97998
0.105469,153.604843,-622.292664,1,936.044434,489.202332
0.105469,153.706726,-620.386475,1,930.242554,494.900238
0.101562,153.803284,-618.598389,1,900.696045,490.419983
0.117188,153.915771,-616.527893,1,905.897522,500.826752
0.113281,154.028763,-614.461731,1,899.099182,491.256989
0.101562,154.125473,-612.709717,1,902.064636,498.917877
0.101562,154.223587,-610.952332,1,906.696167,501.20639
0.113281,154.336716,-608.953674,1,898.012512,504.875122
0.101562,154.431717,-607.298157,1,898.016357,516.399536
0.117188,154.539597,-605.44043,1,888.557739,513.174988
0.117188,154.642975,-603.679993,1,896.511353,519.206787
0.113281,154.740372,-602.038269,1,898.943909,520.063293
0.101562,154.819641,-600.712097,1,898.92981,522.050049
0.101562,154.895554,-599.451599,1,896.680664,519.868774
0.113281,154.97728,-598.104919,1,902.442688,506.500214
0.101562,155.041794,-597.048828,1,906.111389,506.940979
0.105469,155.103485,-596.044739,1,908.589966,500.637543
0.105469,155.159775,-595.131104,1,916.7276,602.865234
0.105469,155.209915,-594.313232,1,914.494934,598.162659
0.101562,155.251404,-593.615784,1,892.693909,539.448975
0.113281,155.291351,-592.916565,1,902.290405,519.441772
0.101562,155.319687,-592.395691,1,898.680847,509.432068
0.101562,155.342667,-591.952881,1,900.886353,514.058838
0.117188,155.363831,-591.527771,1,898.884644,515.642395
0.109375,155.38002,-591.195496,1,904.704712,515.670837
0.105469,155.394577,-590.900757,1,903.211182,525.204224
0.101562,155.408493,-590.624634,1,903.341431,526.715332
0.117188,155.42511,-590.298096,1,905.261414,537.177307
0.113281,155.441406,-589.976379,1,917.669922,606.390686
0.101562,155.455124,-589.701843,1,980.729614,476.457001
0.101562,155.468628,-589.427917,1,910.049988,579.757202
0.113281,155.484009,-589.111328,1,910.150024,562.394409
0.101562,155.496948,-588.842651,1,741.091919,485.285156
0.101562,155.510239,-588.566467,1,744.715515,484.014832
0.101562,155.523254,-588.294983,1,669.632385,491.366394
0.105469,155.537079,-588.008423,1,514.869446,512.655823
0.105469,155.550674,-587.727295,1,507.72699,511.648499
0.101562,155.563599,-587.460022,1,896.359253,531.864624
0.101562,155.575638,-587.210449,1,890.803772,534.194397
0.117188,155.587372,-586.966736,1,922.431091,598.765442
0.113281,155.594482,-586.817749,1,927.534607,582.461365
0.101562,155.596436,-586.776001,1,929.233704,579.841858
0.101562,155.596222,-586.779846,1,928.380005,578.31842
0.117188,155.595428,-586.795654,1,932.10498,590.453796
0.113281,155.595016,-586.80481,1,916.788452,458.546173
0.101562,155.595078,-586.803894,1,911.670959,361.390961
0.101562,155.595306,-586.799072,1,903.923584,365.881958
0.101562,155.595505,-586.795166,1,1082.148315,386.813385
0.113281,155.59552,-586.794312,1,939.280151,623.013428
0.101562,155.595444,-586.795776,1,945.60791,517.138245
0.113281,155.595337,-586.797668,1,945.60791,517.138245
0.101562,155.595322,-586.798096,1,326.902557,349.368988
0.101562,155.595337,-586.797607,1,321.095825,361.011627
0.113281,155.595367,-586.796814,1,914.980408,547.548584
0.101562,155.595367,-586.79657,1,906.459412,546.662109
0.101562,155.595367,-586.796631,1,951.423767,615.398254
0.113281,155.595367,-586.796753,1,949.032349,621.193176
0.101562,155.595352,-586.796875,1,963.077637,592.31073
0.101562,155.595352,-586.796875,1,963.077637,592.31073
0.113281,155.595352,-586.796814,1,906.281189,572.075684
0.101562,155.595367,-586.796753,1,911.073669,595.92395
0.117188,155.595367,-586.796753,1,930.680725,616.70105
0.113281,155.595367,-586.796753,1,935.325195,632.79657
0.101562,155.595367,-586.796814,1,934.546753,626.000122
0.101562,155.595367,-586.796814,1,930.366333,618.304749
0.101562,155.595367,-586.796814,1,934.441101,606.984985
0.113281,155.595367,-586.796814,1,936.723877,590.64386
0.101562,155.595367,-586.796753,1,870.345276,529.694336
0.101562,155.595367,-586.796814,1,652.390381,421.396118
0.113281,155.595367,-586.796814,1,653.953369,423.951202
0.105469,155.595367,-586.796814,1,656.756042,436.828033
0.113281,155.595367,-586.796814,1,723.665527,299.064301
0.109375,155.595367,-586.796814,1,832.534058,6.519518
0.109375,155.595367,-586.796814,1,887.666565,-174.269989
0.121094,155.595367,-586.796814,1,887.666565,-174.269989
0.105469,155.595367,-586.796814,1,887.666565,-174.269989
0.101562,155.595367,-586.796814,1,887.666565,-174.269989
0.101562,155.595367,-586.796814,1,887.666565,-174.269989
0.101562,155.595367,-586.796814,1,969.779785,460.595886
0.113281,155.595367,-586.796814,1,859.452759,534.207458
0.101562,155.595367,-586.796814,1,919.727356,631.346619
0.101562,155.595367,-586.796814,1,920.456787,626.521179
0.101562,155.595367,-586.796814,1,924.145203,622.809265
0.113281,155.595367,-586.796814,1,933.133667,596.196838
0.105469,155.595367,-586.796814,1,1248.316162,470.338959
0.109375,155.595367,-586.796814,1,1246.024414,471.889374
0.105469,155.595367,-586.796814,1,1512.43335,475.621429
0.101562,155.595367,-586.796814,1,1515.274902,475.655212
0.113281,155.595367,-586.796814,1,988.936401,492.017151
0.101562,155.595367,-586.796814,1,1015.996399,488.74826
0.101562,155.595367,-586.796814,1,1020.899292,495.519287
0.109375,155.595367,-586.796814,1,1020.364624,501.537048
0.105469,155.595367,-586.796814,1,1019.934753,501.085266
0.105469,155.595367,-586.796814,1,867.586914,543.836853
0.109375,155.595367,-586.796814,1,837.912048,537.476318
0.105469,155.595367,-586.796814,1,547.133423,481.712769
0.109375,155.595367,-586.796814,1,552.099548,481.240051
0.101562,155.595367,-586.796814,1,404.946869,451.228424
0.101562,155.595367,-586.796814,1,412.206268,445.537994
0.117188,155.595367,-586.796814,1,416.5242,446.009338
0.113281,155.595367,-586.796814,1,655.592896,623.631042
0.101562,155.595367,-586.796814,1,668.014526,628.338013
0.117188,155.595367,-586.796753,1,585.337036,629.492432
0.101562,155.595367,-586.796814,1,507.911346,643.307739
0.101562,155.595367,-586.796814,1,518.687073,629.878906
0.109375,155.595367,-586.796814,1,670.21582,619.944336
0.101562,155.595367,-586.796814,1,679.9505,625.734924
0.109375,155.595367,-586.796814,1,439.361084,439.008392
0.109375,155.595367,-586.796814,1,429.935883,443.833221
0.101562,155.595367,-586.796814,1,340.222504,422.977753
0.101562,155.595367,-586.796814,1,331.939606,428.333954
0.105469,155.595367,-586.796814,1,411.164062,428.363831
0.105469,155.595367,-586.796814,1,480.761383,420.962006
0.105469,155.595367,-586.796814,1,752.5401,503.793091
0.109375,155.595352,-586.796814,1,901.379639,537.238037
0.101562,155.595367,-586.796814,1,941.324097,596.72406
0.101562,155.595367,-586.796814,1,938.934082,596.529968
0.101562,155.595367,-586.796814,1,937.17627,590.455688
0.113281,155.595367,-586.796814,1,939.399231,600.220703
0.101562,155.595367,-586.796814,1,941.703979,590.618713
0.109375,155.595367,-586.796814,1,942.388672,597.982483
0.105469,155.595367,-586.796814,1,935.764038,599.474182
0.101562,155.595367,-586.796814,1,1208.756348,266.736267
0.117188,155.595367,-586.796814,1,1215.522095,250.078156
0.113281,155.595367,-586.796814,1,1314.484375,180.330627
0.101562,155.595383,-586.796448,1,986.615295,461.896881
0.101562,155.59549,-586.794312,1,987.972107,474.86319
0.117188,155.595749,-586.789185,1,988.033691,477.075714
0.113281,155.596298,-586.778076,1,982.411194,482.417328
0.101562,155.597458,-586.75415,1,975.342896,488.797302
0.101562,155.600052,-586.701172,1,966.081421,497.451416
0.113281,155.605515,-586.588623,1,1189.982666,618.888489
0.101562,155.612289,-586.448486,1,1179.445923,621.521057
0.101562,155.621109,-586.26709,1,1216.196289,446.159851
0.101562,155.632202,-586.039917,1,1219.136353,440.469238
0.113281,155.647217,-585.734741,1,1233.880249,432.709656
0.101562,155.662537,-585.425842,1,1237.241699,438.933777
0.117188,155.683151,-585.013062,1,1253.156494,438.336212
0.113281,155.70668,-584.546143,1,1268.282227,438.108032
0.101562,155.729507,-584.095337,1,1274.556274,441.163116
0.109375,155.756714,-583.561096,1,1286.08606,441.604553
0.105469,155.785355,-583.000732,1,1305.854858,436.821472
0.101562,155.815186,-582.426941,1,1308.205566,433.87381
0.101562,155.849167,-581.809387,1,1328.864136,438.640442
0.117188,155.896393,-581.04187,1,1346.814331,425.098175
0.113281,155.956619,-580.221924,1,1332.807251,417.612885
0.101562,156.02681,-579.475464,1,1347.651001,429.812103
0.101562,156.122803,-578.705994,1,1350.949829,406.837982
0.117188,156.280609,-577.786255,1,1361.860229,414.541687
0.113281,156.499329,-576.852783,1,1365.019653,416.487762
0.117188,156.795914,-575.901001,1,1310.075195,418.995514
0.117188,157.185577,-574.942993,1,1307.231445,418.55423
0.113281,157.667679,-574.011475,1,1301.755127,440.228943
0.113281,158.233536,-573.129028,1,1288.321655,435.324646
0.109375,158.872894,-572.30542,1,1597.288818,482.427155
0.105469,159.582565,-571.539551,1,1533.937744,480.226959
0.109375,160.367905,-570.824951,1,1602.934937,455.477875
0.109375,161.282242,-570.130066,1,1496.983032,480.249268
0.109375,162.238083,-569.526184,1,1551.450073,470.448853
0.109375,163.234375,-569.007141,1,1457.703613,479.46637
0.101562,164.245056,-568.577881,1,1485.278076,508.799622
0.101562,165.27594,-568.229431,1,1388.15686,512.527344
0.101562,166.335648,-567.957336,1,1272.685547,508.956024
0.101562,167.420624,-567.763489,1,1034.952271,516.013977
0.105469,168.598434,-567.646118,1,953.582886,517.419983
0.105469,169.762772,-567.623596,1,902.998352,513.320679
0.101562,170.911606,-567.691345,1,1049.318848,513.810974
0.101562,172.051559,-567.846802,1,993.885986,512.117004
0.113281,173.342346,-568.127563,1,911.11499,525.217957
0.101562,174.460876,-568.458984,1,863.238098,523.239502
0.105469,175.64798,-568.901611,1,813.136658,523.807373
0.101562,176.798553,-569.412354,1,794.155457,538.671387
0.105469,177.952118,-569.987732,1,754.329407,533.585876
0.101562,179.112213,-570.600159,1,729.613525,538.399719
0.105469,180.31665,-571.230774,1,861.368774,441.798889
0.105469,181.576096,-571.856201,1,1272.052124,255.068344
0.105469,182.888062,-572.451416,1,1123.628296,301.221558
0.117188,184.387299,-573.044739,1,659.527588,524.408081
0.105469,185.794861,-573.513428,1,692.917236,513.996948
0.105469,187.237152,-573.90625,1,738.645386,513.113159
0.101562,188.710846,-574.222534,1,818.546936,528.224243
0.105469,190.212128,-574.466125,1,851.312927,531.65332
0.109375,191.805786,-574.660706,1,882.181458,543.52301
0.105469,193.417725,-574.832153,1,905.028381,553.985901
0.109375,195.101822,-575.018005,1,939.630005,550.190125
0.105469,196.748505,-575.220703,1,948.49115,544.21814
0.101562,198.263382,-575.431702,1,921.879028,548.499939
0.117188,199.9991,-575.699402,1,911.681641,545.799072
0.105469,201.582703,-575.960327,1,913.193176,553.712219
0.105469,203.162186,-576.230957,1,903.648865,550.33197
0.109375,204.712555,-576.506287,1,902.497131,546.587097
0.105469,206.242401,-576.790405,1,898.193115,528.050842
0.105469,207.747681,-577.085144,1,896.87384,525.058289
0.105469,209.238312,-577.392578,1,890.412354,528.530884
0.105469,210.702835,-577.706848,1,885.947693,531.618958
0.105469,212.156815,-578.023315,1,878.577576,534.721252
0.105469,213.616516,-578.336548,1,886.409363,496.760864
0.105469,215.045609,-578.632812,1,892.822937,382.30368
0.105469,216.458786,-578.91333,1,895.608398,509.92337
0.105469,217.847717,-579.177612,1,882.481384,533.912842
0.105469,219.248657,-579.43512,1,884.89563,524.852051
0.101562,220.62294,-579.681946,1,896.964233,537.967712
0.105469,222.000885,-579.925354,1,890.920471,528.380005
0.109375,223.379486,-580.165955,1,898.30603,526.393188
0.105469,224.733139,-580.400269,1,896.955505,529.017212
0.105469,226.094208,-580.635071,1,898.50592,516.294861
0.109375,227.452072,-580.871277,1,910.308472,509.619598
0.105469,228.760529,-581.104004,1,905.326294,509.144135
0.105469,230.091721,-581.348022,1,910.364685,509.9021
0.109375,231.393845,-581.595398,1,905.873474,513.554932
0.105469,232.697083,-581.85199,1,903.922974,517.433655
0.109375,234.002243,-582.117126,1,898.272827,518.968933
0.101562,235.175842,-582.361938,1,894.554932,517.927551
0.117188,236.500549,-582.643982,1,894.997803,499.058929
0.117188,237.7995,-582.925964,1,894.234924,502.251129
0.113281,238.975677,-583.184814,1,892.937988,510.907379
0.109375,240.058319,-583.425903,1,886.717346,508.032562
0.109375,241.055435,-583.650024,1,882.513977,520.240845
0.109375,242.004745,-583.864441,1,871.114197,434.748596
0.105469,242.846573,-584.054138,1,889.523621,514.841003
0.109375,243.654556,-584.233582,1,888.804565,500.931061
0.109375,244.36676,-584.388794,1,935.313782,553.478882
0.113281,245.018555,-584.5271,1,914.666626,562.281311
0.109375,245.612625,-584.650024,1,925.642212,578.723267
0.113281,246.189392,-584.766968,1,927.717102,572.829529
0.109375,246.740799,-584.877563,1,850.333923,318.810638
0.113281,247.304779,-584.989868,1,865.630676,334.115143
0.105469,247.838882,-585.095825,1,873.153564,317.613495
0.109375,248.369431,-585.2005,1,902.288696,472.877625
0.109375,248.895035,-585.303284,1,915.496399,480.33371
0.113281,249.433105,-585.407471,1,907.935242,489.725281
0.109375,249.961853,-585.508972,1,910.960876,488.27713
0.109375,250.50737,-585.612976,1,922.224182,492.796448
0.101562,251.025787,-585.711731,1,935.426758,459.588867
0.105469,251.600113,-585.821594,1,947.461609,434.436218
0.105469,252.206802,-585.938782,1,953.494568,519.507019
0.105469,252.804016,-586.055359,1,967.084595,554.548157
0.105469,253.418274,-586.176331,1,966.661865,556.429504
0.101562,254.029343,-586.297852,1,965.187866,549.860107
0.105469,254.660156,-586.423767,1,948.773071,515.540649
0.101562,255.29039,-586.550293,1,915.394043,457.604095
0.105469,255.942749,-586.681702,1,917.757385,454.594788
0.105469,256.592682,-586.812805,1,918.261414,468.377411
0.113281,257.318695,-586.959473,1,920.334412,492.394714
0.109375,258.036621,-587.104919,1,921.895508,496.387634
0.113281,258.778931,-587.25592,1,870.64325,303.075378
0.113281,259.512268,-587.405579,1,873.239075,307.647186
0.109375,260.254974,-587.5578,1,926.613708,473.166779
0.113281,261.017487,-587.7146,1,938.665833,501.875061
0.109375,261.785095,-587.872925,1,932.021362,508.666229
0.101562,262.474945,-588.015625,1,922.331909,507.023651
0.109375,263.262512,-588.179199,1,968.890259,438.561401
0.101562,263.977051,-588.328064,1,984.665649,378.730194
0.113281,264.79599,-588.499268,1,937.839539,504.120605
0.113281,265.621857,-588.672546,1,930.051636,507.645844
0.113281,266.455505,-588.848083,1,928.452759,508.546509
0.113281,267.308685,-589.028564,1,931.267273,508.43927
0.113281,268.190826,-589.21582,1,926.816833,502.10318
0.101562,268.95697,-589.378906,1,935.531616,504.133026
0.109375,269.826538,-589.564819,1,933.110168,506.14978
0.109375,270.684265,-589.748779,1,937.63739,491.18335
0.101562,271.460815,-589.916016,1,938.775208,494.021118
0.109375,272.351868,-590.108582,1,934.063538,501.940704
0.113281,273.257812,-590.305115,1,936.860962,493.885254
0.109375,274.168488,-590.503479,1,932.614258,498.660126
0.109375,275.075073,-590.701782,1,930.233154,495.218445
0.113281,275.995697,-590.903809,1,930.33374,489.442627
0.109375,276.91745,-591.106995,1,934.294922,506.096008
0.109375,277.85022,-591.313416,1,922.217651,502.887756
0.109375,278.787048,-591.521606,1,901.661255,466.101715
0.101562,279.661346,-591.716553,1,921.611877,488.084198
0.109375,280.605347,-591.927979,1,926.377258,495.777924
0.113281,281.56781,-592.144226,1,928.244812,507.645538
0.109375,282.523193,-592.359924,1,930.08374,508.733917
0.109375,283.497559,-592.58075,1,929.462097,508.990082
0.109375,284.486572,-592.805786,1,926.632568,493.088135
0.113281,285.475555,-593.031616,1,930.529663,505.319916
0.109375,286.457062,-593.256653,1,930.895264,512.48407
0.109375,287.44928,-593.484924,1,929.250122,497.478943
0.113281,288.474518,-593.721619,1,933.178345,498.660919
0.105469,289.458191,-593.94928,1,889.940186,352.499115
0.109375,290.453583,-594.17981,1,876.510071,270.354797
0.109375,291.48288,-594.418701,1,798.672974,286.763824
0.109375,292.481415,-594.650879,1,353.46051,344.11438
0.109375,293.512726,-594.890747,1,357.345917,350.642212
0.105469,294.594086,-595.142334,1,833.934326,497.935944
0.109375,295.714661,-595.402954,1,922.593201,504.447021
0.109375,296.876495,-595.673035,1,935.805786,498.792511
0.105469,298.095093,-595.956055,1,940.062988,467.095184
0.109375,299.34549,-596.245789,1,937.347778,474.177338
0.109375,300.606354,-596.537231,1,960.890259,397.233429
0.105469,301.856476,-596.825928,1,1047.695801,224.878189
0.109375,303.132782,-597.122131,1,943.53717,495.799744
0.109375,304.391998,-597.41803,1,946.924011,491.559479
0.109375,305.670441,-597.723267,1,944.769104,503.206421
0.109375,306.944061,-598.033203,1,886.630798,329.24881
0.109375,308.208557,-598.346313,1,890.658569,355.765991
0.109375,309.479401,-598.665466,1,928.217896,519.007812
0.109375,310.758698,-598.990051,1,920.456909,512.16217
0.109375,312.075165,-599.326355,1,923.127136,509.700958
0.101562,313.257538,-599.629944,1,916.064392,516.54126
0.101562,314.412109,-599.927612,1,912.474731,519.7677
0.109375,315.680054,-600.255981,1,914.962219,511.991241
0.105469,316.937683,-600.582703,1,913.115051,509.486969
0.101562,318.116516,-600.889771,1,910.018799,503.050934
0.113281,319.422363,-601.230286,1,902.719727,507.408997
0.109375,320.686035,-601.559692,1,899.036072,504.038513
0.105469,321.942841,-601.887024,1,899.534424,492.775421
0.109375,323.184692,-602.210205,1,900.50116,494.909882
0.109375,324.471954,-602.544739,1,907.857727,497.580902
0.109375,325.737091,-602.873352,1,903.468262,480.877869
0.109375,327.033325,-603.209656,1,894.900269,522.39447
0.105469,328.298615,-603.537354,1,896.580139,520.285522
0.109375,329.600159,-603.873901,1,899.242981,513.858887
0.105469,330.879272,-604.204102,1,894.022522,517.844727
0.109375,332.180573,-604.539551,1,860.987976,499.790649
0.109375,333.520477,-604.884338,1,857.240295,497.784943
0.101562,334.725342,-605.193848,1,852.000793,494.544678
0.109375,336.06015,-605.536316,1,852.898193,488.695648
0.105469,337.381561,-605.874817,1,904.015259,481.280731
0.109375,338.713837,-606.215515,1,898.905518,490.757324
0.105469,340.034943,-606.552368,1,892.489014,484.80899
0.109375,341.395325,-606.896545,1,899.434753,489.712677
0.109375,342.71582,-607.226074,1,904.614624,493.594666
0.109375,344.0802,-607.560364,1,897.872437,490.605591
0.109375,345.46286,-607.891113,1,923.629211,506.293945
0.109375,346.842468,-608.213013,1,920.695801,495.787445
0.105469,348.205536,-608.523804,1,914.48407,501.210388
0.105469,349.576019,-608.830566,1,911.045959,510.505737
0.109375,350.939056,-609.13147,1,911.737061,508.84613
0.105469,352.299957,-609.429321,1,912.545654,511.752106
0.105469,353.671783,-609.728699,1,911.32428,503.755493
0.101562,355.005066,-610.020142,1,882.325745,514.298767
0.105469,356.356201,-610.315979,1,882.340942,508.363861
0.101562,357.710297,-610.613159,1,880.336304,516.996887
0.105469,359.0737,-610.91272,1,903.594238,509.871185
0.101562,360.4375,-611.212097,1,903.15564,507.260376
0.105469,361.812408,-611.513,1,905.892883,507.041901
0.105469,363.192566,-611.813293,1,900.097107,498.065704
0.105469,364.589783,-612.114563,1,899.446777,507.047058
0.101562,365.958984,-612.406372,1,902.744629,514.963806
0.105469,367.355591,-612.700684,1,929.157837,502.224518
0.105469,368.762054,-612.993347,1,932.387024,516.376404
0.105469,370.149597,-613.279114,1,977.765442,502.761475
0.113281,371.650146,-613.58551,1,1028.49292,500.579895
0.101562,372.976105,-613.854309,1,1031.6073,500.84079
0.101562,374.303131,-614.121826,1,1044.885864,502.951691
0.101562,375.616058,-614.385071,1,1048.476074,497.475647
0.105469,376.921478,-614.645447,1,1301.736206,214.980804
0.101562,378.227264,-614.904541,1,1301.112183,213.297012
0.105469,379.51712,-615.158997,1,1361.968018,197.489441
0.105469,380.862488,-615.423035,1,1224.561768,292.995636
0.109375,382.184326,-615.680969,1,938.856323,522.107971
0.101562,383.438049,-615.9245,1,938.64447,524.140442
0.105469,384.680969,-616.164612,1,939.28186,528.387451
0.101562,385.911896,-616.401306,1,919.71814,503.393127
0.105469,387.140411,-616.636414,1,920.871704,515.242798
0.101562,388.372437,-616.871155,1,926.897461,516.187134
0.105469,389.575836,-617.099182,1,917.159729,513.287048
0.105469,390.747162,-617.320068,1,927.409241,513.7547
0.101562,391.838257,-617.52478,1,921.559998,515.757202
0.105469,392.848724,-617.713501,1,920.951904,522.820618
0.105469,393.73526,-617.878296,1,916.77655,534.877869
0.101562,394.547485,-618.028748,1,914.038208,535.388672
0.109375,395.295532,-618.166748,1,911.485413,535.12677
0.105469,395.904999,-618.278748,1,909.042236,534.646423
0.105469,396.42395,-618.374084,1,922.839905,412.515411
0.109375,396.856354,-618.453247,1,904.951599,522.681641
0.105469,397.178619,-618.512024,1,904.374756,523.557739
0.105469,397.445038,-618.56073,1,915.746033,517.727478
0.105469,397.68631,-618.604858,1,911.065369,529.072754
0.105469,397.926544,-618.64856,1,912.96936,521.168152
0.105469,398.177368,-618.694397,1,906.613159,514.190125
0.109375,398.429596,-618.740295,1,916.098633,493.41748
0.105469,398.677673,-618.785461,1,1128.11438,523.116638
0.105469,398.924194,-618.830078,1,1240.894409,539.447632
0.105469,399.170715,-618.874817,1,1249.67749,538.964417
0.105469,399.41568,-618.919189,1,904.391174,530.610901
0.105469,399.662476,-618.963806,1,908.636108,531.534302
0.101562,399.904724,-619.007507,1,1245.383545,488.330841
0.105469,400.151154,-619.052002,1,1295.99231,481.454956
0.109375,400.417786,-619.10022,1,1215.17627,491.292877
0.105469,400.681152,-619.147522,1,875.315613,515.191467
0.105469,400.966461,-619.198669,1,902.750732,402.450104
0.105469,401.287048,-619.255798,1,984.663757,403.056824
0.101562,401.644257,-619.319092,1,915.40741,549.209961
0.105469,402.051971,-619.391174,1,910.250427,539.769165
0.109375,402.510712,-619.471985,1,955.548706,591.846375
0.101562,403.000336,-619.557922,1,947.082092,598.161926
0.105469,403.533203,-619.651062,1,958.517517,547.250977
0.109375,404.120514,-619.753418,1,969.353943,510.208588
0.101562,404.72406,-619.858032,1,845.615784,392.677155
0.105469,405.35968,-619.967407,1,886.463318,512.342102
0.109375,406.047302,-620.084656,1,880.39563,495.997131
0.105469,406.755402,-620.203552,1,877.197998,497.474396
0.105469,407.493988,-620.325134,1,869.649292,502.640442
0.105469,408.266296,-620.449402,1,873.421997,493.773773
0.105469,409.057343,-620.573486,1,876.631836,486.794891
0.109375,409.934723,-620.707642,1,886.540161,489.557373
0.109375,410.821442,-620.839722,1,882.740723,483.492859
0.109375,411.728485,-620.971313,1,888.28479,483.866333
0.105469,412.639557,-621.100098,1,891.483643,483.557007
0.105469,413.575134,-621.228943,1,884.739441,492.217346
0.105469,414.545074,-621.358826,1,890.904907,491.92804
0.105469,415.523376,-621.486389,1,883.32605,488.740875
0.105469,416.533936,-621.61438,1,881.12616,530.531433
0.105469,417.574921,-621.742554,1,876.975708,525.886414
0.105469,418.66748,-621.873535,1,876.728943,527.809082
0.105469,419.810913,-622.006836,1,906.006653,519.460205
0.105469,421.011993,-622.143433,1,902.335876,512.67511
0.105469,422.241791,-622.279114,1,904.502014,510.825012
0.105469,423.501404,-622.413269,1,896.110107,480.890045
0.105469,424.732544,-622.540161,1,900.726562,483.359741
0.109375,425.959442,-622.662659,1,904.319885,488.97229
0.105469,427.17627,-622.781555,1,905.218262,499.966461
0.109375,428.362122,-622.895935,1,914.176086,519.839172
0.105469,429.539093,-623.008972,1,910.098022,524.685669
0.105469,430.731354,-623.123108,1,912.562866,519.228149
0.109375,431.904266,-623.235107,1,904.582764,531.992859
0.109375,433.096161,-623.348328,1,907.793762,528.751587
0.113281,434.31897,-623.463562,1,906.212402,501.036346
0.109375,435.461304,-623.570068,1,893.770264,492.686188
0.109375,436.552338,-623.670898,1,903.109619,491.977844
0.113281,437.608673,-623.7677,1,902.640137,506.401947
0.105469,438.565491,-623.854858,1,896.924438,507.091797
0.109375,439.46875,-623.936584,1,917.44928,466.500214
0.109375,440.287689,-624.010193,1,918.528259,453.40329
0.109375,441.051971,-624.078491,1,901.38678,493.87088
0.101562,441.744995,-624.140137,1,899.557495,487.587128
0.105469,442.408813,-624.198303,1,902.397766,484.714752
0.105469,443.044617,-624.253357,1,874.801208,439.606445
0.105469,443.652954,-624.305115,1,864.274292,392.744568
0.105469,444.25769,-624.355591,1,859.334229,384.061646
0.105469,444.86084,-624.404907,1,860.716675,380.558105
0.105469,445.450012,-624.452148,1,894.249512,491.956207
0.101562,446.001404,-624.4953,1,900.388367,493.962006
0.105469,446.555695,-624.53772,1,898.231995,496.94397
0.101562,447.101562,-624.578674,1,902.811157,497.195435
0.105469,447.636871,-624.61792,1,905.782288,505.777466
0.105469,448.155426,-624.655151,1,902.040955,390.184479
0.101562,448.654083,-624.690308,1,909.257507,489.936798
0.101562,449.13855,-624.723816,1,905.579224,492.586395
0.105469,449.619507,-624.756287,1,905.572388,492.322113
0.105469,450.093201,-624.787781,1,903.398926,498.418091
0.101562,450.544128,-624.816956,1,896.576233,489.78299
0.101562,450.967346,-624.84375,1,900.591187,480.178406
0.105469,451.416504,-624.871399,1,881.997986,465.610138
0.109375,451.843628,-624.896973,1,887.802307,459.392395
0.101562,452.239899,-624.920105,1,884.429016,453.419891
0.105469,452.601166,-624.940552,1,892.708374,452.711273
0.105469,452.933777,-624.958862,1,893.167847,450.309631
0.101562,453.217468,-624.97406,1,888.743164,454.510834
0.105469,453.463684,-624.986938,1,887.235657,464.144775
0.105469,453.678101,-624.998047,1,888.525208,464.712158
0.105469,453.875031,-625.008179,1,881.552612,465.471405
0.101562,454.062378,-625.017761,1,890.069824,470.620148
0.101562,454.248047,-625.027222,1,885.517456,469.734528
0.105469,454.435181,-625.036377,1,853.760742,385.599518
0.101562,454.621216,-625.045532,1,842.319031,450.242889
0.105469,454.815247,-625.054749,1,836.650696,472.976135
0.105469,455.002686,-625.063538,1,838.321655,481.170105
0.101562,455.188263,-625.072205,1,836.832336,495.370941
0.101562,455.372955,-625.080566,1,870.187195,512.625183
0.101562,455.559937,-625.08905,1,872.548523,508.646576
0.101562,455.746002,-625.097412,1,882.525696,512.842285
0.101562,455.930603,-625.105469,1,877.585999,508.15332
0.101562,456.119476,-625.113647,1,879.360291,502.806458
0.105469,456.312378,-625.121948,1,881.246155,496.381927
0.101562,456.503326,-625.130005,1,939.869507,541.785522
0.109375,456.704742,-625.138306,1,1015.901062,596.38855
0.101562,456.888702,-625.145935,1,1142.472168,431.947327
0.109375,457.094452,-625.154175,1,1274.718872,245.802765
0.109375,457.29364,-625.161987,1,1268.541138,231.955582
0.101562,457.482941,-625.169434,1,1214.812134,-106.098946
0.101562,457.670532,-625.176453,1,926.574097,284.895569
0.101562,457.860535,-625.183655,1,919.951904,293.308258
0.101562,458.048492,-625.190735,1,924.985413,382.137146
0.101562,458.238403,-625.197693,1,916.633606,431.829651
0.101562,458.42807,-625.204468,1,919.429321,435.87204
0.105469,458.626343,-625.211609,1,919.266235,437.849579
0.101562,458.818604,-625.218323,1,915.38147,434.704102
0.105469,459.00058,-625.224609,1,908.218506,431.293793
0.101562,459.150543,-625.229553,1,904.999146,428.499268
0.105469,459.237701,-625.232361,1,912.140442,432.022797
0.105469,459.255127,-625.232849,1,907.432678,428.295807
0.101562,459.247986,-625.232666,1,913.627747,426.768738
0.109375,459.236053,-625.232544,1,915.307922,419.877502
0.101562,459.230286,-625.232483,1,914.377686,412.626404
0.101562,459.231354,-625.232544,1,923.871582,309.610962
0.105469,459.235413,-625.232666,1,1013.193726,39.541737
0.113281,459.238678,-625.232727,1,886.282532,410.226288
0.109375,459.238861,-625.232666,1,873.663269,433.450348
0.113281,459.237396,-625.232666,1,881.867615,442.611053
0.101562,459.236145,-625.232605,1,881.351074,441.779785
0.113281,459.235992,-625.232605,1,881.950256,422.193115
0.109375,459.236816,-625.232605,1,888.769226,416.79599
0.109375,459.239685,-625.232605,1,887.798401,417.667572
0.109375,459.244751,-625.232849,1,888.646729,417.556458
0.109375,459.252045,-625.233154,1,889.649963,419.101288
0.105469,459.261688,-625.233398,1,884.778137,429.430176
0.109375,459.273895,-625.233826,1,868.474976,380.02533
0.101562,459.287048,-625.234131,1,869.915405,336.811371
0.113281,459.303925,-625.234802,1,943.852417,-5.257998
0.109375,459.323151,-625.235474,1,943.852417,-5.257998
0.109375,459.343933,-625.236206,1,943.852417,-5.257998
0.109375,459.367432,-625.236938,1,943.852417,-5.257998
0.113281,459.393433,-625.237976,1,933.941528,421.907471
0.109375,459.421875,-625.238953,1,907.635193,494.381653
0.109375,459.456329,-625.240234,1,909.752991,498.238098
0.113281,459.50058,-625.24176,1,908.643005,489.765411
0.109375,459.559357,-625.243958,1,914.52655,482.932678
0.109375,459.639587,-625.246887,1,915.62793,485.651398
0.101562,459.735748,-625.250488,1,914.650391,475.217438
0.109375,459.88028,-625.255798,1,908.259644,479.775177
0.101562,460.047272,-625.262024,1,908.613342,483.455841
0.109375,460.27179,-625.270386,1,908.706116,486.541473
0.113281,460.537079,-625.280273,1,906.364197,475.286652
0.109375,460.833588,-625.291321,1,855.651733,404.454742
0.105469,461.16806,-625.303589,1,864.33197,410.548462
0.101562,461.499237,-625.315552,1,860.392273,409.340729
0.109375,461.907227,-625.330139,1,867.558716,417.677002
0.109375,462.357941,-625.345886,1,863.612244,418.688293
0.113281,462.83371,-625.362305,1,869.305542,421.563293
0.109375,463.322327,-625.378784,1,863.920349,430.491028
0.109375,463.829956,-625.395569,1,988.940735,459.850769
0.109375,464.332153,-625.411865,1,1001.313049,466.902588
0.109375,464.827545,-625.427734,1,891.117554,454.983582
0.101562,465.266937,-625.441589,1,850.632935,475.455536
0.109375,465.747345,-625.456421,1,848.994507,463.37323
0.113281,466.191803,-625.46991,1,843.569214,446.940735
0.109375,466.562683,-625.480957,1,784.050171,108.887131
0.101562,466.815002,-625.488342,1,784.050171,108.887131
0.109375,467.000275,-625.493713,1,784.050171,108.887131
0.113281,467.078033,-625.495911,1,784.050171,108.887131
0.109375,467.079041,-625.495911,1,898.46283,440.963684
0.109375,467.065613,-625.495728,1,884.688049,416.427063
0.109375,467.056519,-625.495605,1,892.595215,417.504059
0.109375,467.056183,-625.495728,1,863.844543,499.999176
0.105469,467.060608,-625.495789,1,860.649536,490.985474
0.113281,467.064545,-625.49585,1,865.91272,485.366211
0.109375,467.065277,-625.49585,1,865.946594,485.353516
0.105469,467.063873,-625.495789,1,356.483704,463.019043
0.101562,467.062347,-625.495728,1,353.60556,468.421722
0.105469,467.061798,-625.495728,1,179.43718,467.551147
0.105469,467.062286,-625.495789,1,164.349045,468.165924
0.101562,467.062927,-625.495789,1,179.046814,478.713684
0.105469,467.063232,-625.495789,1,158.826981,473.040894
0.105469,467.063171,-625.495789,1,90.970352,461.444794
0.105469,467.062866,-625.495789,1,54.454704,470.50354
0.105469,467.062714,-625.495789,1,449.740234,455.730591
0.105469,467.062683,-625.495789,1,455.563141,454.728271
0.101562,467.062744,-625.495789,1,454.005066,451.173615
0.105469,467.062805,-625.495789,1,785.023193,481.783752
0.105469,467.062805,-625.495789,1,914.103821,493.087524
0.109375,467.063354,-625.495728,1,911.953003,497.76947
0.105469,467.066101,-625.495789,1,915.655273,499.102234
0.109375,467.072205,-625.495972,1,906.771851,512.804688
0.101562,467.085358,-625.496277,1,912.343872,512.521423
0.105469,467.121094,-625.497498,1,1126.812988,504.542145
0.113281,467.199127,-625.499817,1,1137.239014,505.272522
0.109375,467.327484,-625.503357,1,1142.450684,503.446899
0.113281,467.506744,-625.50769,1,1149.244995,495.610016
0.109375,467.732605,-625.51239,1,1157.442017,497.765594
0.105469,467.998413,-625.517334,1,1173.429565,487.44223
0.105469,468.306396,-625.522583,1,1179.144287,484.854645
0.101562,468.645844,-625.528015,1,1192.46936,486.659668
0.109375,469.061157,-625.534302,1,1210.735474,481.545135
0.105469,469.498901,-625.540527,1,1225.021484,480.812286
0.101562,469.973938,-625.547974,1,1240.883789,470.997314
0.105469,470.51712,-625.55896,1,1257.478882,476.0159
0.101562,471.054474,-625.573303,1,1260.305054,468.870544
0.101562,471.653809,-625.594604,1,1274.50061,469.779327
0.101562,472.288269,-625.62677,1,1254.357422,466.508575
0.109375,473.038025,-625.686707,1,1279.635986,472.751617
0.109375,473.797058,-625.780884,1,1260.365112,457.034424
0.109375,474.585571,-625.924377,1,1258.436035,463.178162
0.109375,475.393829,-626.130371,1,1533.942627,427.813049
0.109375,476.217346,-626.411621,1,1511.955811,435.35376
0.109375,477.052307,-626.781067,1,1450.636841,435.240143
0.105469,477.833893,-627.214783,1,1672.609009,429.087494
0.105469,478.58139,-627.722778,1,1595.141968,437.097839
0.101562,479.299042,-628.311462,1,1525.512573,442.663971
0.109375,479.998383,-629.00238,1,1511.069092,463.717407
0.105469,480.641174,-629.767212,1,1535.08252,483.789948
0.101562,481.174591,-630.528992,1,1436.490723,495.05603
0.109375,481.698608,-631.439697,1,1361.341187,503.750397
0.105469,482.123322,-632.372742,1,1266.327637,518.326172
0.105469,482.45282,-633.330566,1,1260.575684,487.247467
0.101562,482.679718,-634.267822,1,1177.85791,495.199829
0.109375,482.831055,-635.346008,1,1114.792847,498.660797
0.109375,482.871063,-636.40332,1,1023.091858,496.937134
0.105469,482.810516,-637.424622,1,981.126038,498.291321
0.113281,482.636261,-638.545837,1,911.547791,512.066833
0.113281,482.354523,-639.683105,1,989.329834,494.668274
0.101562,482.0383,-640.700867,1,930.496277,487.167267
0.109375,481.640442,-641.876343,1,869.750183,501.818878
0.105469,481.270325,-642.993896,1,821.12262,492.351562
0.101562,480.934265,-644.125183,1,816.10675,484.659821
0.101562,480.644836,-645.284119,1,738.541748,497.566772
0.101562,480.405609,-646.483276,1,743.201294,515.883362
0.113281,480.196198,-647.878418,1,755.61322,508.836426
0.101562,480.057098,-649.155701,1,756.113708,561.252747
0.101562,479.954498,-650.453552,1,785.906494,558.797424
0.113281,479.868134,-651.970581,1,838.459778,561.51825
0.109375,479.802582,-653.478638,1,843.278931,546.191589
0.101562,479.749847,-654.858459,1,868.648376,540.168762
0.109375,479.690674,-656.421448,1,857.534729,518.197571
0.101562,479.631531,-657.841125,1,872.814392,503.872314
0.101562,479.559418,-659.329102,1,860.735107,460.306885
0.113281,479.466736,-660.986694,1,897.153931,-226.741226
0.109375,479.366364,-662.628235,1,867.460083,393.41275
0.109375,479.262177,-664.297913,1,869.263611,450.696747
0.109375,479.161774,-666.014282,1,844.230835,342.822296
0.101562,479.08139,-667.596375,1,841.054016,343.473206
0.101562,479.017517,-669.161255,1,845.514282,348.909668
0.113281,478.966919,-670.954529,1,843.068787,534.996277
0.101562,478.942261,-672.593689,1,854.825378,535.78302
0.101562,478.936615,-674.260498,1,857.053955,522.307434
0.113281,478.945801,-676.158997,1,879.026428,514.915649
0.109375,478.962067,-678.044312,1,902.115051,539.181274
0.101562,478.976776,-679.748169,1,906.458862,540.042664
0.101562,478.988434,-681.463074,1,899.582703,534.412476
0.109375,478.997162,-683.373657,1,910.457825,536.307373
0.101562,479.00235,-685.102722,1,857.435059,335.686798
0.101562,479.006958,-686.806641,1,861.346313,333.280365
0.101562,479.012543,-688.518616,1,860.390381,324.695953
0.113281,479.02066,-690.43335,1,859.728943,329.512054
0.101562,479.029541,-692.173523,1,857.171387,336.208282
0.101562,479.03894,-693.910278,1,913.980835,515.827515
0.105469,479.047363,-695.699463,1,906.420715,509.1828
0.101562,479.049255,-697.418884,1,930.286316,353.696442
0.105469,479.041046,-699.15271,1,924.782776,515.167053
0.101562,479.02121,-700.895874,1,915.027161,517.532898
0.105469,478.990387,-702.647095,1,909.084106,522.598389
0.113281,478.94693,-704.553833,1,902.067749,523.495728
0.105469,478.90097,-706.305969,1,906.949524,517.41095
0.109375,478.851837,-708.149292,1,911.907166,512.647888
0.101562,478.812225,-709.812866,1,903.805603,514.005798
0.105469,478.779877,-711.579041,1,909.449829,510.899261
0.105469,478.760681,-713.303833,1,909.91687,518.569519
0.105469,478.754181,-715.042725,1,887.638245,300.228577
0.105469,478.759003,-716.81073,1,887.822021,302.677246
0.105469,478.772034,-718.536987,1,886.220093,319.97049
0.105469,478.789673,-720.274231,1,914.50885,537.47937
0.105469,478.809204,-722.03009,1,906.626709,538.568909
0.105469,478.828735,-723.741516,1,915.504456,542.264038
0.105469,478.848389,-725.44397,1,950.204468,561.512878
0.105469,478.869049,-727.155518,1,953.459961,554.224548
0.109375,478.891968,-728.9021,1,964.649292,550.238708
0.109375,478.916412,-730.606567,1,972.562744,551.289734
0.105469,478.940735,-732.256897,1,942.510132,518.226074
0.105469,478.962769,-733.909546,1,940.867676,514.838562
0.101562,478.980042,-735.549133,1,944.819702,516.453796
0.105469,478.990814,-737.178589,1,945.554138,520.223572
0.109375,478.994476,-738.812561,1,937.255798,507.392761
0.109375,478.990967,-740.516541,1,910.023865,490.777679
0.109375,478.981323,-742.157654,1,909.994385,497.040131
0.105469,478.967499,-743.780823,1,913.895996,501.235077
0.105469,478.951294,-745.358643,1,907.828064,500.798065
0.105469,478.932648,-746.966431,1,900.602295,509.162079
0.109375,478.912659,-748.560242,1,897.502686,521.851929
0.105469,478.892822,-750.122986,1,900.693481,519.811768
0.109375,478.875061,-751.710205,1,895.527405,518.541382
0.105469,478.861633,-753.26001,1,921.043091,540.897949
0.105469,478.85199,-754.82074,1,929.4776,542.608887
0.105469,478.845886,-756.345032,1,929.4776,542.608887
0.105469,478.842041,-757.866577,1,910.265564,446.777863
0.109375,478.838898,-759.385315,1,913.848633,537.21106
0.101562,478.835449,-760.852661,1,913.13324,526.452332
0.105469,478.831146,-762.349121,1,912.216614,525.791626
0.105469,478.826111,-763.835876,1,914.796143,523.680786
0.105469,478.82074,-765.289734,1,923.725891,522.851196
0.105469,478.815521,-766.744019,1,924.409363,521.379761
0.105469,478.810547,-768.222168,1,921.786316,514.558289
0.105469,478.80603,-769.665649,1,926.606995,510.55896
0.105469,478.801727,-771.103027,1,915.098145,512.105164
0.105469,478.797546,-772.536438,1,913.04834,518.817505
0.109375,478.793091,-774.019836,1,918.757874,514.796814
0.101562,478.78891,-775.339722,1,920.96637,513.114624
0.105469,478.784271,-776.767578,1,913.056152,520.104187
0.105469,478.779907,-778.108215,1,918.779846,521.741272
0.101562,478.776001,-779.317017,1,916.989929,520.406555
0.101562,478.772339,-780.454895,1,917.919006,526.367004
0.109375,478.768646,-781.637024,1,919.273743,535.22052
0.109375,478.765228,-782.736267,1,897.585022,468.668152
0.109375,478.761902,-783.808899,1,870.090515,331.002289
0.113281,478.758118,-784.886719,1,921.797546,500.767029
0.105469,478.75293,-785.917847,1,910.825073,508.729126
0.109375,478.745544,-786.971558,1,917.337769,499.593353
0.109375,478.736115,-787.983521,1,914.264954,511.563385
0.105469,478.724701,-788.963501,1,920.446472,510.425598
0.109375,478.711975,-789.895935,1,912.863281,511.370758
0.109375,478.698853,-790.752869,1,926.171265,516.733521
0.109375,478.686829,-791.490051,1,918.855225,521.65033
0.113281,478.675781,-792.13855,1,913.906982,523.383606
0.105469,478.667023,-792.644897,1,922.577759,508.194489
0.113281,478.660004,-793.043701,1,915.947815,510.408844
0.105469,478.655182,-793.319519,1,910.969177,513.838074
0.109375,478.652222,-793.485962,1,907.438049,521.05011
0.105469,478.651093,-793.547974,1,911.514832,513.270874
0.109375,478.651062,-793.546265,1,914.288269,514.664856
0.105469,478.651276,-793.532959,1,905.311523,527.332703
0.113281,478.651398,-793.524048,1,912.452332,522.998291
0.105469,478.651367,-793.524109,1,924.876587,338.430054
0.109375,478.651306,-793.528625,1,924.876587,338.430054
0.105469,478.651306,-793.532288,1,941.491821,354.059113
0.109375,478.651306,-793.53302,1,924.72406,438.426056
0.101562,478.651337,-793.531677,1,780.709412,524.697266
0.105469,478.651337,-793.530701,1,755.118591,531.095825
0.109375,478.651337,-793.53186,1,739.415283,548.901367
0.101562,478.651306,-793.535706,1,743.978271,526.68927
0.105469,478.651123,-793.54187,1,749.898682,511.308777
0.105469,478.65097,-793.549988,1,844.492004,395.489288
0.105469,478.650818,-793.56012,1,861.089478,360.690887
0.101562,478.650635,-793.57196,1,651.992676,374.271057
0.101562,478.65033,-793.585876,1,359.624817,388.677216
0.101562,478.650024,-793.601807,1,352.446167,392.071869
0.101562,478.649719,-793.61969,1,317.295746,357.879913
0.101562,478.649353,-793.639465,1,607.874573,249.933029
0.105469,478.648895,-793.661682,1,1115.250488,159.603897
0.101562,478.648438,-793.685303,1,1013.765381,412.706451
0.101562,478.647949,-793.710876,1,1016.028809,474.970886
0.105469,478.647461,-793.738892,1,1134.759155,536.213928
0.101562,478.646942,-793.768127,1,1315.728394,611.844482
0.101562,478.646271,-793.799194,1,1311.303223,624.966064
0.101562,478.64566,-793.832031,1,901.72168,493.170685
0.101562,478.64502,-793.867188,1,914.242615,491.164001
0.101562,478.644348,-793.903564,1,916.029114,488.795349
0.109375,478.643555,-793.943665,1,909.72052,488.739105
0.105469,478.642761,-793.986145,1,904.649536,508.291595
0.105469,478.641968,-794.028748,1,878.133057,554.056946
0.101562,478.641174,-794.072388,1,878.894592,546.991577
0.101562,478.640472,-794.109497,1,876.644897,546.114014
0.105469,478.640167,-794.125488,1,881.816833,539.942017
0.101562,478.640167,-794.127014,1,882.106934,526.814209
0.105469,478.640198,-794.124084,1,750.493591,489.106323
0.101562,478.640198,-794.120911,1,721.740967,483.021271
0.101562,478.640259,-794.119629,1,722.699463,489.145905
0.105469,478.640228,-794.120239,1,720.980835,485.08493
0.101562,478.640228,-794.121582,1,718.963623,481.348083
0.105469,478.640228,-794.122375,1,724.610107,486.339539
0.101562,478.640259,-794.122375,1,720.721924,489.291321
0.101562,478.640259,-794.121887,1,722.880798,489.193146
0.109375,478.640259,-794.121582,1,728.309326,493.050079
0.101562,478.640228,-794.121521,1,722.146729,495.676514
0.105469,478.640228,-794.121582,1,720.404907,501.499542
0.101562,478.640228,-794.121704,1,721.695557,496.113159
0.105469,478.640228,-794.121704,1,718.64032,493.493958
0.105469,478.640228,-794.121704,1,711.816772,485.804352
0.105469,478.640228,-794.121643,1,723.976257,493.362366
0.105469,478.640198,-794.121643,1,722.796265,492.466492
0.105469,478.640228,-794.121643,1,716.692078,488.644043
0.105469,478.640228,-794.121643,1,718.26532,485.060883
0.101562,478.640228,-794.121704,1,720.122009,490.553162
0.101562,478.640228,-794.121704,1,711.478271,486.839813
0.109375,478.640259,-794.121704,1,718.383484,482.356995
0.101562,478.640259,-794.121643,1,716.896851,486.877106
0.101562,478.640259,-794.121643,1,762.431335,282.585846
0.101562,478.640259,-794.121643,1,696.877258,348.374115
0.105469,478.640228,-794.121643,1,671.326721,488.051147
0.105469,478.640228,-794.121643,1,671.356873,500.990356
0.105469,478.640228,-794.121643,1,670.041443,509.261475
0.105469,478.640228,-794.121643,1,673.924683,506.864044
0.105469,478.640228,-794.121643,1,684.018433,501.972534
0.101562,478.640228,-794.121643,1,777.100403,507.379913
0.105469,478.640228,-794.121643,1,787.260803,503.359222
0.105469,478.640228,-794.121643,1,781.29187,501.540588
0.105469,478.640228,-794.121643,1,850.13562,491.518127
0.101562,478.640228,-794.121704,1,854.938904,471.982056
0.105469,478.640228,-794.121643,1,854.938904,471.982056
0.105469,478.640259,-794.121643,1,854.938904,471.982056
0.105469,478.640228,-794.121643,1,1015.188904,356.543427
0.101562,478.640228,-794.121643,1,964.825623,506.194214
0.105469,478.640259,-794.121643,1,959.609619,515.476318
0.105469,478.640198,-794.121643,1,958.774414,529.547607
0.101562,478.640228,-794.121643,1,958.114258,524.394592
0.101562,478.640259,-794.121643,1,954.043152,534.168823
0.113281,478.640198,-794.121643,1,956.071838,525.311584
0.105469,478.640259,-794.121643,1,954.602539,521.717957
0.105469,478.640228,-794.121643,1,891.66272,496.785034
0.109375,478.640259,-794.121643,1,898.912292,492.291565
0.109375,478.640228,-794.121643,1,905.972717,494.469482
0.101562,478.640228,-794.121643,1,903.428162,501.193115
0.101562,478.640228,-794.121643,1,907.93042,498.001648
0.109375,478.640228,-794.121643,1,913.302856,493.204956
0.101562,478.640228,-794.121643,1,907.379822,499.55777
0.101562,478.640198,-794.121643,1,899.303955,495.59967
0.101562,478.640198,-794.121643,1,900.376343,498.47876
0.101562,478.640228,-794.121643,1,902.189575,499.733978
0.101562,478.640259,-794.121643,1,901.87384,506.168091
0.101562,478.640228,-794.121643,1,899.643738,506.279205
0.101562,478.640228,-794.121643,1,897.650635,498.732025
0.109375,478.640228,-794.121643,1,899.293762,507.86673
0.101562,478.640228,-794.121643,1,901.42572,500.304932
0.101562,478.640228,-794.121643,1,903.323608,496.373383
0.109375,478.640228,-794.121643,1,894.611633,504.146729
0.101562,478.640198,-794.121582,1,901.494812,504.62735
0.101562,478.640198,-794.121643,1,904.558533,497.272278
0.105469,478.640228,-794.121643,1,897.011292,499.075195
0.101562,478.640228,-794.121643,1,908.294189,488.982239
0.101562,478.640228,-794.121643,1,896.692627,493.336426
0.101562,478.640228,-794.121643,1,1661.401978,62.950016
0.113281,478.640259,-794.121643,1,1722.038696,21.289438
0.113281,478.640228,-794.121704,1,1748.394531,1.931833
0.101562,478.640198,-794.121643,1,1766.165527,14.818233
0.101562,478.640259,-794.121643,1,1296.545532,299.726776
0.105469,478.640198,-794.121643,1,938.221313,486.682648
0.101562,478.640259,-794.121643,1,931.73999,485.517395
0.105469,478.640228,-794.121643,1,934.117493,485.651093
0.105469,478.640228,-794.121643,1,930.011353,481.907349
0.101562,478.640228,-794.121643,1,934.163757,474.289978
0.105469,478.640228,-794.121643,1,925.537231,474.155701
0.105469,478.640228,-794.121643,1,925.887451,477.990143
0.101562,478.640228,-794.121704,1,933.707397,356.135406
0.101562,478.640228,-794.12323,1,924.101685,423.75177
0.105469,478.640167,-794.126892,1,918.177063,427.307922
0.101562,478.639984,-794.132629,1,920.771973,438.952393
0.105469,478.639862,-794.140991,1,918.120483,441.113312
0.105469,478.639679,-794.151123,1,913.145569,448.499054
0.101562,478.639435,-794.163452,1,906.568481,453.401947
0.105469,478.63913,-794.177734,1,908.514771,459.760651
0.105469,478.638794,-794.194702,1,912.638672,457.009857
0.105469,478.638428,-794.214355,1,910.11084,453.070557
0.105469,478.637878,-794.24115,1,911.483826,458.914001
0.105469,478.637115,-794.281799,1,914.033264,449.873444
0.101562,478.635956,-794.341675,1,927.60144,446.873138
0.113281,478.634003,-794.443604,1,920.320374,441.24472
0.105469,478.631256,-794.585815,1,894.112976,526.014465
0.105469,478.627441,-794.773987,1,888.495789,531.31781
0.109375,478.622711,-795.010254,1,891.092468,534.202332
0.105469,478.617065,-795.288757,1,887.449585,521.409851
0.105469,478.61026,-795.620422,1,891.265686,523.362915
0.105469,478.602661,-795.990967,1,889.951111,518.554626
0.109375,478.594177,-796.411133,1,889.800476,520.506226
0.105469,478.584717,-796.881165,1,886.988708,521.630432
0.105469,478.574554,-797.394409,1,894.546326,510.43045
0.109375,478.563782,-797.956726,1,896.568726,506.718018
0.105469,478.552734,-798.562317,1,896.613464,515.454956
0.109375,478.541351,-799.230713,1,898.698059,516.407715
0.109375,478.530273,-799.927551,1,896.884644,517.641113
0.109375,478.519501,-800.644287,1,864.608215,316.253906
0.105469,478.509186,-801.366882,1,875.081055,306.714813
0.109375,478.498993,-802.104187,1,901.130554,479.711517
0.105469,478.48941,-802.809875,1,903.640686,496.550629
0.109375,478.47998,-803.5,1,897.814392,496.077515
0.109375,478.470306,-804.218994,1,899.263,503.655792
0.113281,478.460754,-804.928833,1,896.662231,498.12677
0.105469,478.452148,-805.604492,1,889.919617,494.281036
0.109375,478.444275,-806.26593,1,884.477905,495.766174
0.105469,478.437256,-806.915405,1,881.915161,506.2883
0.105469,478.431427,-807.559326,1,893.867493,543.726318
0.109375,478.426758,-808.218262,1,901.893372,546.491577
0.109375,478.423553,-808.852478,1,891.951965,546.647522
0.105469,478.4216,-809.481934,1,895.469055,545.627991
0.105469,478.420715,-810.109741,1,890.550598,532.779785
0.101562,478.420898,-810.722839,1,901.778076,527.513916
0.109375,478.422089,-811.397156,1,915.771545,520.088928
0.109375,478.424377,-812.057556,1,910.683228,519.438843
0.105469,478.427734,-812.716553,1,909.182312,514.420044
0.105469,478.432281,-813.37677,1,907.695862,522.607849
0.109375,478.438232,-814.058777,1,916.021484,516.075562
0.105469,478.445404,-814.743103,1,918.209595,513.948364
0.105469,478.454102,-815.449341,1,919.27417,513.356323
0.109375,478.464325,-816.170349,1,916.433594,515.251099
0.109375,478.475769,-816.906616,1,1323.133789,191.743286
0.105469,478.487976,-817.639282,1,1318.813721,198.735565
0.105469,478.50119,-818.383179,1,907.778015,527.390259
0.109375,478.515442,-819.141785,1,909.792847,521.524963
0.105469,478.530487,-819.903809,1,927.836121,520.051025
0.105469,478.546631,-820.682739,1,925.289246,528.057373
0.109375,478.563538,-821.486267,1,925.202698,518.597717
0.101562,478.578094,-822.226929,1,931.369446,519.64325
0.113281,478.593079,-823.088135,1,925.14209,518.600464
0.109375,478.60498,-823.919312,1,916.393311,375.262604
0.109375,478.614563,-824.773438,1,918.730835,465.755646
0.109375,478.621857,-825.638611,1,921.946594,463.241516
0.109375,478.627106,-826.515808,1,924.552368,467.806946
0.113281,478.630829,-827.413086,1,909.596558,517.542969
0.109375,478.63327,-828.315063,1,905.786804,527.027832
0.113281,478.635193,-829.216919,1,899.212524,518.32782
0.109375,478.63736,-830.139709,1,902.292175,519.774963
0.109375,478.639832,-831.054443,1,903.945007,520.238281
0.109375,478.6427,-831.979004,1,905.811157,522.989502
0.113281,478.645905,-832.930786,1,909.372864,516.879822
0.109375,478.649048,-833.862488,1,909.291565,518.520264
0.105469,478.651978,-834.802307,1,912.321106,531.159912
0.109375,478.654785,-835.75116,1,897.683167,401.631744
0.109375,478.657471,-836.725403,1,882.715271,382.295105
0.109375,478.659821,-837.693726,1,915.301819,521.466675
0.113281,478.661804,-838.682861,1,906.468201,514.773132
0.109375,478.663147,-839.665222,1,910.602783,528.610779
0.109375,478.663788,-840.664307,1,917.515137,522.813599
0.113281,478.663635,-841.657349,1,916.254089,523.019043
0.109375,478.66272,-842.627686,1,913.635071,516.56427
0.109375,478.661224,-843.570496,1,911.066895,522.707275
0.105469,478.65918,-844.481567,1,921.675659,515.020081
0.105469,478.65686,-845.339233,1,925.790955,513.387085
0.101562,478.654266,-846.189514,1,925.654785,511.365967
0.101562,478.651337,-847.020752,1,929.301086,516.157593
0.105469,478.648102,-847.846619,1,892.852234,543.403748
0.101562,478.644684,-848.661987,1,891.666382,532.971069
0.101562,478.641174,-849.463257,1,893.487305,535.565308
0.105469,478.637543,-850.25238,1,889.82666,534.534058
0.101562,478.633972,-851.026855,1,899.657043,541.741699
0.101562,478.630463,-851.792419,1,897.276978,536.763672
0.105469,478.627075,-852.548523,1,900.440796,530.745544
0.105469,478.623657,-853.311157,1,913.2995,550.942749
0.101562,478.620392,-854.047119,1,920.232605,545.053406
0.105469,478.617218,-854.779297,1,913.820679,547.818298
0.105469,478.614044,-855.496033,1,917.732422,543.838379
0.101562,478.610901,-856.195251,1,909.360107,546.855896
0.105469,478.607849,-856.88623,1,901.270752,538.200134
0.101562,478.604797,-857.564392,1,901.309998,536.682251
0.101562,478.601868,-858.221497,1,905.523865,537.49585
0.101562,478.598969,-858.865173,1,905.783936,538.721436
0.101562,478.596161,-859.497742,1,903.888794,507.121124
0.105469,478.593292,-860.137695,1,906.842896,475.476135
0.101562,478.590515,-860.759583,1,902.559509,479.551422
0.101562,478.587952,-861.344727,1,903.426392,468.613953
0.105469,478.585175,-861.961365,1,904.398499,480.303284
0.101562,478.582672,-862.531799,1,892.604126,486.378265
0.105469,478.580139,-863.092468,1,894.395569,487.750122
0.101562,478.57782,-863.614807,1,892.863098,495.324585
0.101562,478.575592,-864.12323,1,908.547241,532.760864
0.101562,478.573395,-864.61554,1,909.491699,549.339661
0.101562,478.57132,-865.081482,1,907.09729,542.355896
0.105469,478.569336,-865.522034,1,915.278564,518.557251
0.101562,478.567474,-865.934631,1,925.322144,469.90802
0.101562,478.565765,-866.318481,1,932.856506,535.116577
0.101562,478.564178,-866.674988,1,932.373108,526.462708
0.101562,478.562805,-866.994568,1,935.695801,532.827942
0.101562,478.561462,-867.285156,1,982.87854,539.198547
0.101562,478.560333,-867.544983,1,982.55127,518.976135
0.109375,478.559296,-867.781921,1,987.645508,515.839478
0.105469,478.558502,-867.960144,1,981.554626,521.750671
0.105469,478.557892,-868.085022,1,985.795105,512.775146
0.109375,478.557617,-868.149902,1,988.888184,517.997742
0.105469,478.557587,-868.159363,1,982.557922,517.143677
0.101562,478.557617,-868.152344,1,984.476196,524.046753
0.109375,478.557648,-868.144531,1,1062.95874,604.753479
0.105469,478.557648,-868.141846,1,1066.759521,614.801514
0.101562,478.557678,-868.143555,1,1072.17334,613.579712
0.105469,478.557648,-868.146606,1,1067.23291,620.103943
0.105469,478.557648,-868.148254,1,1068.834839,606.200378
0.101562,478.557617,-868.148071,1,1072.872437,603.33783
0.105469,478.557617,-868.146973,1,1069.932373,603.422058
0.105469,478.557648,-868.14624,1,1065.912598,521.727966
0.101562,478.557617,-868.146179,1,953.419678,527.788025
0.101562,478.557587,-868.146545,1,954.454468,564.386536
0.101562,478.557648,-868.147034,1,946.013123,553.444763
0.101562,478.557648,-868.147095,1,949.3927,562.458801
0.101562,478.557648,-868.146973,1,936.901794,555.978821
0.105469,478.557587,-868.146912,1,869.49054,563.651733
0.101562,478.557648,-868.146851,1,874.878601,564.748108
0.101562,478.557617,-868.146851,1,880.872437,549.556152
0.101562,478.557617,-868.146851,1,880.499756,551.172119
0.109375,478.557617,-868.146912,1,887.451538,545.939331
0.101562,478.557617,-868.146912,1,889.303406,544.469727
0.109375,478.557587,-868.146912,1,889.857056,545.809265
0.101562,478.557617,-868.146851,1,892.036072,541.00116
0.101562,478.557617,-868.146851,1,893.026306,462.374359
0.101562,478.557617,-868.146851,1,895.532776,471.156738
0.101562,478.557617,-868.146912,1,893.518677,476.649536
0.101562,478.557617,-868.146912,1,884.482422,459.331757
0.105469,478.557617,-868.146912,1,871.620178,429.205811
0.101562,478.557617,-868.147278,1,872.700562,440.342346
0.101562,478.557648,-868.149475,1,872.911072,470.10321
0.105469,478.5578,-868.154114,1,867.860962,495.269226
0.109375,478.557983,-868.161072,1,872.23999,518.474426
0.109375,478.558319,-868.170715,1,861.400879,530.049438
0.101562,478.558685,-868.181458,1,912.230164,457.100433
0.109375,478.559235,-868.195801,1,904.658875,555.269653
0.101562,478.559692,-868.21051,1,900.362,542.46991
0.101562,478.560211,-868.2276,1,905.737732,557.685059
0.101562,478.560638,-868.24646,1,962.7229,549.197205
0.101562,478.560913,-868.267212,1,955.453979,477.882782
0.101562,478.561218,-868.289734,1,949.831116,404.066711
0.101562,478.561523,-868.314453,1,936.705811,431.032776
0.101562,478.561829,-868.340942,1,958.324768,538.943665
0.109375,478.562195,-868.371643,1,957.286865,542.602173
0.105469,478.5625,-868.40332,1,958.009766,544.088562
0.101562,478.562805,-868.434937,1,956.87738,549.608765
0.101562,478.563141,-868.469238,1,958.855957,541.913086
0.105469,478.563416,-868.50592,1,960.505859,548.384888
0.105469,478.563721,-868.544434,1,958.859741,536.484863
0.105469,478.563873,-868.585938,1,917.055725,462.178619
0.105469,478.564056,-868.628418,1,921.84436,456.342041
0.105469,478.564056,-868.672607,1,923.710144,453.674713
0.105469,478.563995,-868.719971,1,917.246094,462.083832
0.105469,478.563995,-868.768127,1,900.799927,467.288544
0.105469,478.564026,-868.817993,1,882.563354,491.574982
0.105469,478.563965,-868.869385,1,884.946411,486.092468
0.101562,478.564026,-868.92157,1,893.916199,523.507812
0.105469,478.564026,-868.976257,1,895.501343,521.287109
0.105469,478.564056,-869.03302,1,894.085022,514.914429
0.105469,478.563995,-869.089722,1,892.999146,506.620789
0.101562,478.563965,-869.147522,1,892.894043,471.848511
0.101562,478.563995,-869.207764,1,900.884033,465.077911
0.101562,478.563965,-869.269043,1,900.938477,464.411438
0.101562,478.563995,-869.331909,1,904.125,475.364716
0.101562,478.563995,-869.39563,1,898.992554,481.228973
0.101562,478.564026,-869.460083,1,897.637146,465.617371
0.101562,478.563995,-869.526489,1,941.677124,373.526672
0.101562,478.563965,-869.596191,1,1098.007568,290.701385
0.101562,478.563995,-869.666565,1,1081.625244,346.197571
0.105469,478.564026,-869.73938,1,1043.662354,374.320282
0.101562,478.563965,-869.81311,1,905.082153,519.200134
0.101562,478.564026,-869.888794,1,902.552673,527.441284
0.101562,478.564026,-869.965881,1,904.796021,529.621338
0.105469,478.563995,-870.045532,1,897.518799,517.362122
0.109375,478.563995,-870.136841,1,903.893311,511.99881
0.105469,478.563995,-870.226074,1,907.378357,522.949402
0.101562,478.563995,-870.317444,1,896.564026,514.67688
0.101562,478.564026,-870.415161,1,908.090942,513.564514
0.101562,478.563995,-870.522766,1,904.156555,541.367798
0.109375,478.563965,-870.649292,1,905.291443,560.136292
0.105469,478.563995,-870.786621,1,920.760742,528.394409
0.101562,478.563995,-870.935547,1,1140.642578,25.032839
0.113281,478.564026,-871.125183,1,920.830933,488.323761
0.101562,478.563965,-871.31366,1,908.124756,503.375366
0.101562,478.563965,-871.519592,1,909.941467,512.657166
0.113281,478.564026,-871.777649,1,911.939209,523.832336
0.101562,478.563995,-872.021973,1,915.273438,519.406006
0.109375,478.563995,-872.31488,1,917.237,510.760437
0.101562,478.563995,-872.597961,1,1046.580933,566.116943
0.101562,478.563995,-872.9021,1,1049.057983,566.922058
0.101562,478.563995,-873.214478,1,1067.449829,573.993774
0.101562,478.563995,-873.547119,1,1077.797485,571.241638
0.101562,478.563995,-873.889709,1,1086.260498,570.227295
0.101562,478.563995,-874.249939,1,1088.290649,559.17511
0.101562,478.563995,-874.638672,1,912.931702,327.509491
0.101562,478.563995,-875.036499,1,916.094299,327.453613
0.101562,478.563995,-875.445312,1,920.998169,329.563965
0.101562,478.563965,-875.870056,1,919.941833,346.936859
0.105469,478.563965,-876.313721,1,925.002808,491.361542
0.101562,478.563995,-876.770996,1,915.916077,500.478973
0.105469,478.563995,-877.247192,1,949.416626,373.554077
0.101562,478.563995,-877.734436,1,897.046814,374.659821
0.101562,478.563965,-878.225159,1,930.380005,542.753845
0.101562,478.563965,-878.733337,1,923.407715,533.938416
0.105469,478.563995,-879.267151,1,921.357788,549.884766
0.101562,478.563995,-879.794861,1,904.258545,516.777649
0.105469,478.563995,-880.333557,1,901.635986,511.620422
0.105469,478.563965,-880.921082,1,898.178223,500.212494
0.105469,478.563995,-881.492126,1,903.781372,504.852814
0.101562,478.563965,-882.058105,1,900.395752,494.43869
0.101562,478.563995,-882.634216,1,902.601013,497.260834
0.101562,478.563995,-883.208008,1,900.214722,488.344849
0.101562,478.563995,-883.78125,1,938.76825,505.186005
0.101562,478.563995,-884.345886,1,944.990173,511.604614
0.101562,478.563995,-884.905273,1,1072.849487,324.358276
0.105469,478.563995,-885.467346,1,1014.696899,466.984894
0.101562,478.563965,-886.008911,1,937.54895,536.596985
0.101562,478.563995,-886.536072,1,937.167236,521.29126
0.105469,478.564026,-887.048035,1,932.678284,527.115417
0.101562,478.563995,-887.528137,1,924.316895,540.360291
0.105469,478.563995,-887.970825,1,927.915649,531.382019
0.101562,478.563995,-888.359924,1,926.242554,532.387817
0.105469,478.563995,-888.697693,1,929.059875,524.049683
0.101562,478.564026,-888.977173,1,931.658875,511.546417
0.101562,478.563995,-889.19519,1,932.606079,510.868286
0.105469,478.563995,-889.344482,1,593.649963,579.222107
0.101562,478.563995,-889.42511,1,587.034546,578.486816
0.105469,478.563995,-889.440552,1,589.255615,587.856995
0.101562,478.563995,-889.433716,1,844.967896,588.260071
0.109375,478.563965,-889.423828,1,846.040588,573.257751
0.101562,478.563965,-889.419983,1,864.547913,415.476349
0.101562,478.563965,-889.421509,1,864.547913,415.476349
0.101562,478.563995,-889.424988,1,996.905457,377.896149
0.101562,478.564026,-889.427307,1,879.860229,506.190216
0.101562,478.564026,-889.42749,1,880.729004,524.646423
0.101562,478.564026,-889.426331,1,878.424011,538.366821
0.101562,478.564026,-889.425171,1,876.397949,538.307007
0.105469,478.564026,-889.424805,1,876.684021,534.962158
0.109375,478.563995,-889.425232,1,878.531616,516.897217
0.105469,478.564026,-889.425781,1,877.09668,522.550171
0.101562,478.563965,-889.425903,1,879.952942,510.503113
0.101562,478.563995,-889.425842,1,884.14624,517.675537
0.101562,478.563995,-889.425781,1,882.658936,507.827515
0.113281,478.563995,-889.42572,1,878.048035,510.543182
0.101562,478.563965,-889.425659,1,877.129272,525.020203
0.109375,478.563995,-889.42572,1,879.631958,514.562256
0.105469,478.563995,-889.425781,1,476.161194,388.901428
0.109375,478.563995,-889.425781,1,305.623108,358.801056
0.109375,478.563995,-889.425781,1,309.369507,359.698761
0.101562,478.563995,-889.42572,1,299.044861,360.050293
0.101562,478.563995,-889.42572,1,300.73465,362.577576
0.101562,478.563965,-889.42572,1,312.133148,355.766541
0.101562,478.563995,-889.42572,1,906.701172,517.566895
0.101562,478.563995,-889.425781,1,908.986877,523.993958
0.101562,478.563995,-889.425781,1,910.067688,512.85199
0.113281,478.563995,-889.42572,1,915.847412,515.62616
0.101562,478.563995,-889.42572,1,912.098022,518.127686
0.101562,478.563995,-889.42572,1,913.155762,516.098999
0.101562,478.563995,-889.42572,1,907.474243,512.651733
0.101562,478.563965,-889.425659,1,910.155823,523.540405
0.101562,478.563995,-889.42572,1,913.230652,523.62384
0.101562,478.563995,-889.42572,1,903.09198,514.002747
0.101562,478.564026,-889.42572,1,909.391052,531.532043
0.101562,478.563965,-889.42572,1,907.370972,528.039673
0.101562,478.563995,-889.42572,1,905.484009,525.590454
0.101562,478.563965,-889.42572,1,914.059326,529.370972
0.105469,478.563995,-889.42572,1,913.762817,533.380432
0.101562,478.563995,-889.42572,1,909.908081,533.292114
0.105469,478.563965,-889.42572,1,909.00824,527.660278
0.113281,478.563995,-889.426147,1,907.400085,529.358276
0.101562,478.563995,-889.428589,1,910.351074,530.592102
0.101562,478.563995,-889.432983,1,902.378784,539.914124
0.113281,478.563965,-889.440552,1,899.472168,540.434998
0.109375,478.563995,-889.450623,1,901.368408,534.094238
0.105469,478.563965,-889.462036,1,896.75061,537.522766
0.101562,478.563995,-889.475159,1,894.678162,542.393555
0.101562,478.563995,-889.490417,1,897.040894,544.68634
0.105469,478.563965,-889.509521,1,895.451294,547.606445
0.105469,478.563995,-889.534241,1,892.515686,534.867432
0.101562,478.563965,-889.570618,1,891.814697,542.610779
0.105469,478.563995,-889.623718,1,887.693176,553.31073
0.101562,478.563995,-889.701172,1,886.323853,548.238647
0.101562,478.563995,-889.809204,1,884.588501,547.516418
0.105469,478.563965,-889.953003,1,884.945374,544.478455
0.105469,478.563995,-890.134338,1,888.269897,547.139343
0.101562,478.563843,-890.351746,1,887.852844,544.345093
0.101562,478.563721,-890.6073,1,890.626831,541.29248
0.101562,478.563568,-890.900452,1,886.986023,535.224243
0.101562,478.563385,-891.232666,1,896.758362,530.854919
0.101562,478.563202,-891.6073,1,902.849365,361.822449
0.101562,478.562897,-892.014465,1,940.171875,429.782776
0.105469,478.562531,-892.482727,1,915.732971,507.439545
0.105469,478.562073,-892.973328,1,914.662598,527.261108
0.101562,478.561554,-893.498962,1,916.093262,535.903198
0.101562,478.560944,-894.056335,1,916.035706,527.288513
0.105469,478.560272,-894.64917,1,922.486206,523.958069
0.105469,478.559479,-895.291809,1,926.046204,516.519409
0.109375,478.558716,-895.959167,1,925.902771,506.078918
0.105469,478.557861,-896.644165,1,925.262695,507.170715
0.105469,478.557037,-897.346375,1,947.256409,473.748718
0.105469,478.55603,-898.082092,1,961.4104,463.01413
0.109375,478.555054,-898.851013,1,964.851807,465.357544
0.105469,478.554138,-899.623352,1,962.999939,473.450287
0.109375,478.554016,-900.447449,1,963.895569,478.30899
0.105469,478.555573,-901.266052,1,969.938721,472.629761
0.105469,478.559387,-902.105042,1,969.564514,471.985809
0.105469,478.565765,-902.946716,1,968.979248,470.475342
0.105469,478.574982,-903.803833,1,969.672302,473.476471
0.105469,478.587219,-904.686768,1,976.345276,458.544647
0.105469,478.602386,-905.587158,1,975.344727,456.834076
0.105469,478.620422,-906.502991,1,985.271973,453.185059
0.109375,478.641754,-907.453308,1,984.707092,453.954529
0.101562,478.664001,-908.391174,1,976.270508,446.567139
0.105469,478.682922,-909.347717,1,990.636963,450.207428
0.109375,478.693451,-910.33783,1,1126.033813,452.60791
0.105469,478.689484,-911.319031,1,1130.343994,452.644104
0.113281,478.661133,-912.357117,1,1102.936157,449.118988
0.105469,478.599915,-913.337219,1,1371.861694,452.239532
0.109375,478.49231,-914.309692,1,1365.796143,456.168365
0.105469,478.332581,-915.236328,1,1362.511353,470.713318
0.101562,478.110046,-916.135193,1,1444.550659,436.463287
0.101562,477.818787,-916.999817,1,1573.898804,425.232483
0.105469,477.460449,-917.813843,1,1534.34436,427.881439
0.105469,477.017273,-918.603943,1,1525.813721,423.41571
0.105469,476.520325,-919.314148,1,1626.657715,434.232971
0.109375,475.926483,-920.001465,1,1518.954102,452.432251
0.101562,475.348206,-920.552368,1,1615.395996,452.884705
0.105469,474.694061,-921.069885,1,1531.963745,465.019012
0.105469,474.001343,-921.521851,1,1438.327393,471.366364
0.105469,473.301025,-921.89502,1,1466.360962,509.999817
0.101562,472.581177,-922.203125,1,1356.68689,522.351074
0.105469,471.840729,-922.450195,1,1277.088501,510.617859
0.105469,471.096741,-922.637207,1,1197.928711,517.494263
0.105469,470.349243,-922.771667,1,1122.242676,518.654846
0.109375,469.588959,-922.861633,1,1058.99646,516.494995
0.105469,468.858612,-922.910583,1,1023.663696,527.45813
0.105469,468.136017,-922.927002,1,969.27832,525.874207
0.109375,467.410553,-922.913147,1,932.903503,519.389282
0.105469,466.712097,-922.872986,1,945.657471,478.616455
0.105469,466.012848,-922.809143,1,922.720093,479.979279
0.105469,465.330505,-922.72821,1,894.875183,477.872192
0.105469,464.662994,-922.637207,1,871.216248,481.694153
0.109375,464.000092,-922.541992,1,852.664978,480.211609
0.105469,463.352448,-922.4505,1,834.031189,477.88382
0.109375,462.689728,-922.361511,1,838.157776,417.773651
0.105469,462.076141,-922.283569,1,836.868042,357.774689
0.101562,461.469299,-922.211365,1,804.766113,528.603516
0.105469,460.866669,-922.143738,1,809.238708,530.587097
0.105469,460.261841,-922.078918,1,832.946533,556.118347
0.105469,459.677063,-922.018616,1,839.25415,555.587158
0.109375,459.033569,-921.954956,1,847.409912,556.705566
0.101562,458.445709,-921.899414,1,855.801819,543.049194
0.109375,457.769165,-921.83905,1,829.411499,540.141113
0.113281,457.074036,-921.780579,1,837.086365,539.516235
0.113281,456.337524,-921.721741,1,842.540894,534.280396
0.113281,455.575073,-921.66449,1,834.16394,446.383484
0.109375,454.797974,-921.610229,1,845.251282,468.279327
0.101562,454.079407,-921.564026,1,852.058899,470.401093
0.101562,453.31134,-921.519287,1,847.347717,487.168182
0.101562,452.525391,-921.479309,1,838.992432,512.307922
0.105469,451.721252,-921.444275,1,848.59613,509.595673
0.101562,450.899414,-921.414795,1,860.279785,510.868408
0.101562,450.059692,-921.391296,1,863.994385,505.224823
0.105469,449.194183,-921.373779,1,874.801514,504.724182
0.105469,448.282806,-921.362732,1,884.288086,503.631531
0.101562,447.372772,-921.358826,1,889.647766,508.018158
0.105469,446.452332,-921.361633,1,896.52832,502.409485
0.105469,445.50235,-921.37146,1,909.615784,497.147766
0.109375,444.493713,-921.388306,1,919.827454,511.950134
0.101562,443.518158,-921.408875,1,917.386902,514.537659
0.113281,442.429535,-921.434509,1,934.207092,509.663208
0.105469,441.370209,-921.460693,1,939.185059,508.198486
0.113281,440.206329,-921.489685,1,953.821411,467.136078
0.101562,439.13797,-921.515503,1,930.96759,524.848022
0.101562,437.981873,-921.54248,1,928.759705,503.247833
0.101562,436.7836,-921.569763,1,937.702637,513.878723
0.101562,435.567169,-921.596924,1,939.280579,513.882019
0.105469,434.296509,-921.625061,1,940.351685,509.914154
0.101562,433.058289,-921.652344,1,920.715515,510.87088
0.113281,431.611511,-921.684326,1,922.799805,504.931244
0.113281,430.200653,-921.715454,1,918.655029,497.580475
0.117188,428.718048,-921.748047,1,916.706848,493.357025
0.113281,427.233337,-921.779968,1,909.077576,497.031952
0.109375,425.795593,-921.809753,1,941.314331,485.664246
0.113281,424.292267,-921.838745,1,958.928162,501.04126
0.101562,422.940125,-921.861816,1,956.09613,506.465912
0.113281,421.419678,-921.883484,1,1101.327148,553.387207
0.101562,420.071808,-921.898499,1,1164.593994,567.600159
0.113281,418.526337,-921.910522,1,1186.592041,575.990356
0.113281,416.944427,-921.917542,1,1189.942017,470.502319
0.101562,415.539185,-921.9198,1,1057.956787,307.75351
0.105469,414.087311,-921.918945,1,949.03717,300.442322
0.101562,412.683533,-921.915833,1,879.493774,297.647766
0.117188,411.038177,-921.911194,1,901.042725,490.582245
0.113281,409.390747,-921.906738,1,896.372192,498.638123
0.101562,407.969635,-921.903809,1,891.137024,507.740814
0.117188,406.295593,-921.901978,1,930.022095,508.160614
0.101562,404.822174,-921.902405,1,981.737488,508.897766
0.113281,403.139801,-921.905518,1,988.080383,514.129333
0.101562,401.661591,-921.910828,1,991.780701,518.254517
0.101562,400.193787,-921.918396,1,994.272766,519.336609
0.113281,398.500702,-921.930298,1,956.66217,505.88681
0.101562,397.038422,-921.943176,1,919.024658,493.220886
0.101562,395.585907,-921.958496,1,920.144226,500.214691
0.117188,393.919067,-921.978882,1,916.435852,501.672485
0.117188,392.259003,-922.001953,1,915.506409,501.325439
0.117188,390.624817,-922.027161,1,883.305847,516.004883
0.101562,389.188446,-922.05072,1,886.307007,524.951233
0.113281,387.628418,-922.077576,1,881.75769,523.607666
0.101562,386.27182,-922.100952,1,913.344727,506.467834
0.101562,384.926849,-922.122986,1,911.204529,503.913239
0.117188,383.409454,-922.143921,1,914.672974,499.820496
0.113281,381.976654,-922.157898,1,918.329163,508.977783
0.101562,380.809906,-922.164307,1,912.405884,504.621063
0.101562,379.717346,-922.165588,1,904.65509,515.68396
0.113281,378.548767,-922.162415,1,905.47406,512.89032
0.101562,377.634796,-922.157288,1,898.453918,512.396179
0.105469,376.733459,-922.150757,1,900.421265,511.091309
0.109375,375.93045,-922.14447,1,902.241089,513.783081
0.101562,375.267151,-922.138916,1,900.970093,438.490479
0.117188,374.615448,-922.133179,1,902.220276,521.312622
0.117188,374.042114,-922.127625,1,902.656189,517.193176
0.113281,373.51181,-922.121948,1,913.220398,537.56958
0.101562,373.064087,-922.116333,1,925.686646,562.289978
0.117188,372.544586,-922.109436,1,927.182312,546.767395
0.117188,372.030853,-922.102112,1,935.550415,530.51355
0.113281,371.526031,-922.094604,1,884.753479,321.245178
0.101562,371.096893,-922.087952,1,876.242615,320.68573
0.101562,370.679504,-922.081299,1,880.358765,455.703186
0.113281,370.198853,-922.073303,1,885.691101,526.143311
0.101562,369.791992,-922.066406,1,875.009399,535.115784
0.101562,369.387604,-922.059265,1,909.23877,414.878113
0.117188,368.928986,-922.051147,1,897.408936,314.59436
0.113281,368.477112,-922.043274,1,895.856567,478.859894
0.101562,368.094208,-922.036926,1,888.29303,528.059204
0.117188,367.656494,-922.029663,1,885.570679,532.51178
0.101562,367.280273,-922.023621,1,886.516968,534.415649
0.113281,366.858276,-922.016602,1,893.523987,535.934753
0.101562,366.500732,-922.010498,1,889.944214,526.561707
0.117188,366.086487,-922.003662,1,894.363708,523.395996
0.113281,365.679718,-921.996887,1,893.470093,515.611755
0.101562,365.335999,-921.990967,1,893.063232,513.387512
0.101562,364.998016,-921.985474,1,768.894165,521.203064
0.113281,364.609802,-921.979431,1,768.986877,518.505859
0.101562,364.281342,-921.974792,1,766.339844,520.047363
0.101562,363.957336,-921.970642,1,854.611023,506.066071
0.101562,363.634033,-921.966797,1,902.557251,500.629791
0.113281,363.270264,-921.963013,1,900.428223,498.036133
0.101562,362.958618,-921.959839,1,905.040405,494.957642
0.117188,362.598358,-921.956421,1,895.671814,504.834381
0.117188,362.241791,-921.953247,1,876.085999,507.439423
0.113281,361.889984,-921.950439,1,832.875488,518.982178
0.101562,361.591095,-921.947998,1,831.161011,518.578186
0.101562,361.296021,-921.945374,1,823.036438,525.378601
0.113281,360.955292,-921.941833,1,825.479675,525.55719
0.101562,360.664246,-921.938354,1,824.739868,523.965332
0.101562,360.371613,-921.93457,1,825.199097,515.714111
0.113281,360.040497,-921.929688,1,816.104736,521.156067
0.101562,359.755554,-921.925293,1,818.315308,519.329407
0.101562,359.472168,-921.920898,1,815.334473,510.333344
0.113281,359.144165,-921.915955,1,893.98114,494.347961
0.101562,358.863098,-921.911621,1,891.09967,491.932404
0.117188,358.538025,-921.90686,1,890.564819,533.923889
0.125,358.182037,-921.901306,1,884.44519,523.126282
0.101562,357.871216,-921.896423,1,890.438843,529.87616
0.105469,357.532593,-921.89093,1,798.068359,478.824677
0.101562,357.176117,-921.885254,1,796.530823,481.55072
0.117188,356.704712,-921.877686,1,778.922791,475.71521
0.113281,356.181274,-921.869202,1,774.971008,471.006714
0.101562,355.685089,-921.861328,1,764.650391,462.396179
0.101562,355.151428,-921.852783,1,813.520813,481.368927
0.113281,354.478943,-921.841736,1,825.717407,473.77243
0.101562,353.864288,-921.831787,1,823.423767,476.577515
0.101562,353.228699,-921.821167,1,819.463257,472.290802
0.117188,352.45343,-921.808167,1,817.007446,477.315582
0.113281,351.646179,-921.794373,1,816.259705,471.779419
0.101562,350.926178,-921.782104,1,882.146545,473.919464
0.117188,350.057007,-921.767334,1,885.580017,471.868958
0.117188,349.156738,-921.752075,1,871.157654,453.740082
0.113281,348.235077,-921.736511,1,855.956482,302.138275
0.113281,347.29306,-921.720703,1,873.161194,497.321136
0.113281,346.350037,-921.704834,1,871.969849,513.900574
0.109375,345.390778,-921.688599,1,848.59729,512.901855
0.117188,344.350616,-921.671021,1,829.291443,514.509033
0.113281,343.300964,-921.65332,1,829.176514,497.623932
0.101562,342.372772,-921.637634,1,830.985046,492.828644
0.113281,341.272034,-921.618958,1,829.184082,487.344391
0.113281,340.152435,-921.600098,1,923.740295,507.61618
0.101562,339.121552,-921.582642,1,918.112366,502.731659
0.101562,338.063812,-921.564758,1,915.203613,505.789581
0.105469,336.923553,-921.545532,1,919.328125,508.964691
0.113281,335.58313,-921.522888,1,922.411987,499.542175
0.101562,334.392029,-921.502808,1,920.871704,498.507263
0.101562,333.170624,-921.482056,1,1158.109863,541.354309
0.101562,331.93161,-921.46106,1,1335.473511,573.904419
0.113281,330.486847,-921.436646,1,1338.208618,576.173645
0.101562,329.23172,-921.415466,1,1343.317993,569.465576
0.101562,327.973572,-921.394165,1,1362.690674,600.536316
0.113281,326.515015,-921.369629,1,1372.981445,594.074158
0.101562,325.236938,-921.347961,1,1364.81665,608.837097
0.101562,323.952698,-921.326233,1,1367.666016,614.982849
0.113281,322.447479,-921.300842,1,1369.719849,617.989319
0.101562,321.153351,-921.278931,1,1372.165527,620.431946
0.101562,319.83313,-921.256653,1,1246.51062,603.663696
0.101562,318.52356,-921.234558,1,888.786255,544.885986
0.113281,317.012238,-921.208923,1,895.778931,539.150635
0.101562,315.685333,-921.186462,1,876.86084,513.685608
0.117188,314.135803,-921.1604,1,874.664856,512.129395
0.101562,312.791412,-921.137817,1,835.802185,495.512421
0.101562,311.446747,-921.115479,1,833.156067,492.890411
0.113281,309.93045,-921.091736,1,914.663818,439.738312
0.109375,308.474243,-921.071106,1,910.199158,431.806824
0.105469,307.043915,-921.054382,1,915.411621,433.373047
0.105469,305.610199,-921.04248,1,915.453552,435.961487
0.109375,304.141693,-921.036255,1,916.040527,442.578552
0.101562,302.783508,-921.036255,1,895.613464,508.096283
0.101562,301.4151,-921.042114,1,904.250061,508.475586
0.105469,300.002655,-921.053772,1,902.834656,515.412292
0.109375,298.516998,-921.070862,1,904.437561,507.955048
0.101562,297.143738,-921.089539,1,937.047058,524.302856
0.101562,295.77594,-921.109314,1,938.276489,513.291077
0.117188,294.178162,-921.132202,1,941.905762,509.795044
0.117188,292.576294,-921.153503,1,953.110229,515.514343
0.101562,291.150543,-921.170776,1,949.693481,520.96698
0.113281,289.646515,-921.187256,1,949.327332,511.561218
0.113281,288.042145,-921.203369,1,949.312378,517.874939
0.101562,286.666809,-921.216614,1,937.864502,460.637238
0.101562,285.280029,-921.229614,1,899.341858,344.164734
0.109375,283.748383,-921.243958,1,894.967773,353.053894
0.113281,282.234344,-921.257996,1,367.872284,336.203491
0.109375,280.67511,-921.272583,1,329.12677,339.229431
0.113281,279.11615,-921.287048,1,328.562836,343.469818
0.109375,277.626312,-921.300842,1,374.683807,345.206543
0.109375,276.075439,-921.315186,1,430.235962,331.388184
0.109375,274.602753,-921.328796,1,437.330078,333.680389
0.109375,273.056854,-921.343018,1,508.75293,354.461304
0.113281,271.510254,-921.357178,1,908.673523,430.071259
0.105469,270.028259,-921.37085,1,908.581665,427.394745
0.109375,268.475922,-921.385132,1,942.346497,513.521545
0.105469,266.990997,-921.398743,1,937.346985,510.217926
0.113281,265.414948,-921.413513,1,952.784729,521.893799
0.113281,263.854614,-921.428162,1,954.03009,519.961304
0.101562,262.442719,-921.440857,1,957.257324,514.671631
0.105469,260.951233,-921.452576,1,957.279541,509.951874
0.113281,259.36026,-921.461914,1,942.189819,515.673889
0.105469,257.902039,-921.466553,1,945.789429,513.534912
0.105469,256.373993,-921.46759,1,943.959656,511.858704
0.109375,254.866089,-921.465759,1,1179.839111,251.087448
0.117188,253.228256,-921.461609,1,954.990234,496.722412
0.113281,251.593109,-921.456665,1,963.100464,508.005829
0.101562,250.161865,-921.452637,1,947.562134,515.367493
0.109375,248.644501,-921.449097,1,946.792908,517.857727
0.105469,247.1642,-921.445923,1,941.131226,508.761261
0.101562,245.721436,-921.443054,1,949.794739,508.212067
0.101562,244.298798,-921.440125,1,949.20105,503.911407
0.101562,242.874985,-921.437012,1,948.94751,503.791321
0.109375,241.290848,-921.43335,1,939.291687,501.334229
0.109375,239.770386,-921.429688,1,942.548828,515.078552
0.109375,238.195465,-921.426147,1,946.589661,506.943939
0.101562,236.742737,-921.424011,1,916.776245,487.419861
0.101562,235.317474,-921.42395,1,917.610168,476.745789
0.101562,233.879654,-921.426514,1,923.159058,486.55661
0.109375,232.317673,-921.4328,1,915.531189,486.76944
0.105469,230.839584,-921.4422,1,931.627808,491.346222
0.101562,229.400345,-921.454651,1,919.725464,430.54184
0.117188,227.711258,-921.472107,1,907.522888,493.380066
0.109375,226.140472,-921.490173,1,914.898743,489.125488
0.101562,224.692627,-921.507202,1,913.418213,482.250732
0.101562,223.258942,-921.523865,1,915.529114,491.825592
0.117188,221.601715,-921.542542,1,905.602112,492.640106
0.113281,219.936371,-921.560791,1,901.036133,490.648132
0.101562,218.478409,-921.576538,1,897.893494,486.528839
0.101562,217.047272,-921.592163,1,892.862061,330.199219
0.101562,215.597641,-921.608215,1,893.53009,430.540009
0.101562,214.149124,-921.624268,1,885.912598,508.64032
0.109375,212.566971,-921.641846,1,879.796143,513.389465
0.105469,211.082504,-921.657898,1,939.987732,556.158264
0.117188,209.415009,-921.675171,1,941.333923,540.982605
0.113281,207.779129,-921.691223,1,952.2948,553.59845
0.113281,206.114334,-921.70636,1,965.690002,535.482849
0.101562,204.676285,-921.718384,1,964.87085,533.086182
0.101562,203.237991,-921.729736,1,943.773499,528.879395
0.117188,201.566574,-921.741699,1,923.239075,495.394653
0.101562,200.104141,-921.751099,1,910.647095,457.629913
0.113281,198.444321,-921.760681,1,902.970703,462.88913
0.117188,196.785706,-921.768677,1,901.680237,466.156372
0.117188,195.107224,-921.775208,1,896.152832,475.994537
0.113281,193.429688,-921.78009,1,894.707214,473.668762
0.117188,191.760818,-921.783447,1,892.059204,488.883972
0.101562,190.303375,-921.785095,1,891.750916,487.318085
0.101562,188.858871,-921.785706,1,885.881897,494.177612
0.117188,187.179321,-921.785217,1,1013.987854,406.482147
0.117188,185.481049,-921.783325,1,1287.420898,221.1194
0.117188,183.794769,-921.780151,1,1278.751343,220.966705
0.117188,182.103653,-921.776306,1,897.946228,473.629181
0.117188,180.412292,-921.772156,1,904.533325,466.712494
0.113281,178.736267,-921.768188,1,925.232849,512.013794
0.113281,177.088547,-921.765198,1,945.015015,591.758423
0.101562,175.650848,-921.763916,1,949.595154,591.520264
0.117188,173.968597,-921.763916,1,902.186951,500.830811
0.117188,172.281097,-921.765869,1,900.91687,485.157318
0.117188,170.577713,-921.769409,1,904.164917,492.636169
0.109375,169.004242,-921.773315,1,1065.971436,313.850525
0.101562,167.492966,-921.7771,1,903.14978,507.739197
0.101562,166.03537,-921.780579,1,900.893311,491.95282
0.101562,164.560959,-921.783752,1,938.499268,593.885742
0.101562,163.108673,-921.786621,1,957.193481,637.345459
0.113281,161.428284,-921.790039,1,957.348999,637.656921
0.101562,159.983902,-921.792908,1,966.697327,633.037109
0.113281,158.311264,-921.796448,1,985.737305,674.533752
0.105469,156.811829,-921.799683,1,990.832886,673.870544
0.101562,155.347717,-921.802795,1,966.0448,589.245972
0.113281,153.669312,-921.806396,1,941.053589,479.633575
0.101562,152.208954,-921.809448,1,940.880798,494.093658
0.113281,150.525269,-921.812988,1,941.712891,486.728638
0.101562,149.066467,-921.815918,1,938.816589,499.970337
0.101562,147.600998,-921.81897,1,929.289368,492.864227
0.117188,145.897583,-921.822632,1,446.907623,420.169495
0.117188,144.185883,-921.826172,1,378.608337,407.779449
0.113281,142.488663,-921.829651,1,391.999268,404.579407
0.101562,141.026154,-921.832764,1,407.350159,391.848145
0.101562,139.535873,-921.835815,1,892.64801,470.680298
0.101562,138.045898,-921.838989,1,897.36145,461.50473
0.101562,136.556046,-921.842041,1,714.390076,415.158875
0.117188,134.849045,-921.845581,1,450.814819,391.30542
0.113281,133.180344,-921.848999,1,423.076111,384.639343
0.113281,131.468246,-921.852356,1,426.46933,383.217346
0.101562,129.993118,-921.855042,1,918.937012,489.389221
0.101562,128.528961,-921.857056,1,918.467773,476.272919
0.101562,127.03447,-921.858704,1,920.638855,479.475037
0.113281,125.309669,-921.859985,1,918.701904,487.217224
0.105469,123.805115,-921.860474,1,918.701904,487.217224
0.101562,122.291901,-921.860962,1,906.734924,423.079407
0.109375,120.668976,-921.861145,1,916.024963,492.097687
0.101562,119.161629,-921.861572,1,901.638184,501.696594
0.101562,117.652206,-921.862183,1,916.256775,454.032501
0.101562,116.139671,-921.862854,1,922.552246,429.805145
0.113281,114.505051,-921.863586,1,920.821106,432.41037
0.101562,112.995583,-921.864258,1,917.748047,425.051849
0.101562,111.485168,-921.864929,1,917.833313,422.682587
0.109375,109.847527,-921.86554,1,920.55719,427.562836
0.109375,108.234161,-921.866089,1,924.900452,417.399261
0.109375,106.564865,-921.866455,1,923.069153,415.00177
0.105469,105.026985,-921.865723,1,919.982544,411.696686
0.109375,103.372604,-921.862915,1,914.219788,427.098907
0.105469,101.810173,-921.857422,1,912.362244,429.347412
0.109375,100.189484,-921.847595,1,914.24054,423.905212
0.105469,98.58831,-921.833679,1,922.089417,505.55014
0.101562,97.07534,-921.816345,1,923.904053,508.087616
0.113281,95.354568,-921.792236,1,919.424866,514.635132
0.113281,93.700455,-921.765564,1,918.542542,508.485565
0.105469,92.09079,-921.737732,1,916.510376,512.982849
0.101562,90.57357,-921.710815,1,915.759644,504.961548
0.101562,89.068886,-921.684082,1,914.240601,517.114319
0.105469,87.471283,-921.655762,1,874.416992,543.448486
0.105469,85.865921,-921.627747,1,878.679077,533.172729
0.101562,84.353638,-921.601562,1,873.856567,526.568237
0.117188,82.593346,-921.571045,1,895.324829,516.190125
0.101562,81.050743,-921.544067,1,908.372498,514.647522
0.109375,79.397804,-921.514832,1,909.288025,516.956055
0.105469,77.824524,-921.487061,1,907.909119,521.30957
0.101562,76.272209,-921.459717,1,909.206726,516.786621
0.109375,74.628853,-921.430786,1,910.792297,520.600769
0.105469,73.053452,-921.402954,1,913.146362,523.520081
0.109375,71.388794,-921.373779,1,903.056946,524.249023
0.109375,69.7444,-921.345581,1,909.246521,528.992065
0.101562,68.196411,-921.320251,1,913.917542,517.89032
0.113281,66.504616,-921.294556,1,911.531189,490.829315
0.105469,64.89061,-921.2724,1,916.471863,465.190735
0.109375,63.211647,-921.252014,1,910.16394,459.370758
0.101562,61.694481,-921.235535,1,923.831848,358.667114
0.101562,60.144779,-921.219971,1,915.23175,464.554199
0.109375,58.461071,-921.203979,1,916.222778,460.325958
0.105469,56.87001,-921.18927,1,1320.560181,320.995544
0.105469,55.301601,-921.174744,1,1316.643188,308.589111
0.109375,53.601147,-921.158813,1,963.919617,293.491913
0.101562,52.038757,-921.144043,1,887.788574,317.029327
0.113281,50.334126,-921.12793,1,882.330322,308.911255
0.101562,48.749722,-921.112976,1,880.230896,315.839752
0.105469,47.180042,-921.098267,1,876.070068,312.346649
0.109375,45.496986,-921.08252,1,882.976929,318.547058
0.105469,43.896545,-921.067566,1,910.36792,509.02066
0.105469,42.233173,-921.052063,1,899.427246,512.960632
0.109375,40.566288,-921.036316,1,907.912781,505.59137
0.113281,38.830975,-921.019958,1,912.034485,507.579834
0.105469,37.20808,-921.004395,1,1194.030762,598.234314
0.113281,35.493546,-920.987244,1,1356.620117,622.467041
0.109375,33.796497,-920.969727,1,1356.635986,625.346008
0.109375,32.138348,-920.951782,1,1377.836182,612.434265
0.109375,30.433493,-920.932434,1,1421.23999,615.238159
0.105469,28.796082,-920.912964,1,1432.833374,616.612671
0.113281,27.086191,-920.891907,1,1095.048584,579.673096
0.105469,25.459515,-920.871277,1,1094.08667,592.322815
0.113281,23.709801,-920.848877,1,898.002808,519.74884
0.109375,21.997406,-920.82782,1,910.97168,502.850037
0.109375,20.316845,-920.808777,1,912.410095,462.887207
0.101562,18.770485,-920.793457,1,1314.022217,416.9776
0.113281,17.009666,-920.778748,1,1312.279053,521.567871
0.113281,15.282488,-920.767639,1,1300.803711,521.885071
0.105469,13.641411,-920.760071,1,1232.022583,527.53418
0.113281,11.883962,-920.754822,1,929.843201,538.575378
0.109375,10.207039,-920.752625,1,919.365295,542.067261
0.109375,8.509166,-920.752258,1,883.330566,533.452637
0.113281,6.763967,-920.753418,1,877.816406,522.67865
0.105469,5.134511,-920.755554,1,938.294312,526.938538
0.117188,3.362235,-920.758545,1,975.667664,527.09967
0.109375,1.664289,-920.761658,1,991.741577,538.895874
0.105469,0.021445,-920.764709,1,994.851257,552.234802
0.109375,-1.651332,-920.767761,1,990.384521,548.443359
0.105469,-3.299231,-920.77063,1,988.212891,549.937378
0.101562,-4.891415,-920.773376,1,1000.091431,548.299683
0.113281,-6.625351,-920.776428,1,992.861023,549.489136
0.101562,-8.213795,-920.779175,1,994.101562,539.952576
0.117188,-9.995667,-920.782349,1,997.741699,545.699646
0.101562,-11.575725,-920.785156,1,918.12323,507.599945
0.105469,-13.209085,-920.788147,1,923.232361,501.128448
0.109375,-14.910879,-920.791138,1,905.75592,336.383301
0.101562,-16.469341,-920.793884,1,907.048523,335.283691
0.117188,-18.284851,-920.797119,1,900.602417,339.777832
0.101562,-19.855885,-920.800171,1,897.517517,499.124603
0.113281,-21.662708,-920.804382,1,893.758362,549.133606
0.105469,-23.301319,-920.809875,1,893.266541,555.34729
0.109375,-24.961821,-920.81781,1,904.363342,555.608948
0.117188,-26.769726,-920.829407,1,904.105103,544.892822
0.101562,-28.336357,-920.84259,1,904.339478,536.254395
0.113281,-30.148537,-920.861267,1,908.137695,495.116882
0.101562,-31.679146,-920.880005,1,888.088196,378.005188
0.117188,-33.500874,-920.905884,1,879.869019,460.990631
0.117188,-35.322571,-920.935425,1,876.880859,458.203552
0.113281,-37.115425,-920.968201,1,875.129456,464.053253
0.101562,-38.67379,-920.999695,1,876.358521,466.469727
0.101562,-40.234402,-921.033936,1,888.766663,491.988525
0.117188,-42.039757,-921.076721,1,899.912354,516.691895
0.113281,-43.853848,-921.122803,1,907.253845,515.981079
0.101562,-45.388824,-921.163696,1,906.361023,514.632263
0.117188,-47.211189,-921.214355,1,911.358521,508.378754
0.117188,-49.029469,-921.266724,1,915.521423,499.622253
0.117188,-50.842533,-921.320557,1,916.663879,520.610779
0.113281,-52.642971,-921.375732,1,909.425354,507.604248
0.101562,-54.204979,-921.424438,1,913.820129,513.695557
0.117188,-56.00787,-921.482056,1,909.203796,521.583191
0.125,-57.975487,-921.546021,1,922.38623,523.371399
0.109375,-59.667488,-921.601868,1,922.27301,509.290955
0.101562,-61.231884,-921.653809,1,918.709961,518.14563
0.113281,-63.046249,-921.714111,1,913.214172,506.556335
0.101562,-64.610382,-921.765991,1,922.007935,516.459229
0.113281,-66.37278,-921.824463,1,940.637512,512.243652
0.101562,-67.950508,-921.876648,1,939.887207,510.272461
0.117188,-69.751022,-921.936218,1,942.959045,529.383728
0.113281,-71.55928,-921.996033,1,947.247559,531.300598
0.101562,-73.111122,-922.047424,1,1037.906738,447.485748
0.101562,-74.679008,-922.099243,1,1300.698608,236.815979
0.113281,-76.494637,-922.159546,1,1296.839966,235.577194
0.101562,-78.034897,-922.210571,1,908.187561,505.244141
0.117188,-79.81675,-922.269531,1,899.547729,496.804016
0.117188,-81.602798,-922.328918,1,893.906067,498.868652
0.117188,-83.388702,-922.389648,1,866.678223,355.36499
0.113281,-85.15464,-922.451721,1,865.833313,456.25766
0.101562,-86.650291,-922.506409,1,862.164551,530.133179
0.117188,-88.416611,-922.573669,1,868.039062,539.551392
0.101562,-89.926865,-922.633545,1,865.73761,533.121033
0.113281,-91.64814,-922.704529,1,867.368774,405.008545
0.101562,-93.111908,-922.766846,1,870.360229,497.407837
0.117188,-94.835052,-922.842651,1,866.880432,487.260193
0.117188,-96.579567,-922.921875,1,869.434204,482.666229
0.113281,-98.263763,-923.001038,1,863.55896,393.573578
0.101562,-99.734886,-923.071899,1,857.260864,308.017059
0.113281,-101.372665,-923.15332,1,864.00946,300.769043
0.113281,-103.040817,-923.238647,1,860.588928,304.999939
0.105469,-104.547012,-923.317566,1,857.360107,307.498047
0.101562,-105.99015,-923.394714,1,881.147217,478.078827
0.117188,-107.660782,-923.485229,1,875.269775,485.219696
0.113281,-109.334084,-923.577148,1,880.372925,491.993744
0.101562,-110.760986,-923.65625,1,876.739746,497.335754
0.101562,-112.183327,-923.735779,1,873.145081,500.94281
0.113281,-113.846001,-923.829651,1,873.980713,504.021912
0.101562,-115.268333,-923.910645,1,874.334106,507.62323
0.101562,-116.711067,-923.993774,1,872.854126,504.272156
0.117188,-118.362373,-924.089844,1,876.351929,508.928436
0.117188,-120.022316,-924.187622,1,878.172241,497.026367
0.113281,-121.675491,-924.285889,1,867.977966,355.896606
0.101562,-123.093681,-924.371216,1,862.930603,356.797394
0.117188,-124.756485,-924.472046,1,862.39502,357.811371
0.113281,-126.431923,-924.574768,1,865.544678,362.850647
0.101562,-127.874153,-924.664062,1,869.46637,367.693665
0.101562,-129.324951,-924.7547,1,868.905151,356.525726
0.113281,-131.016052,-924.861267,1,893.702942,508.032806
0.113281,-132.674652,-924.966858,1,898.676575,513.416382
0.105469,-134.243576,-925.06781,1,904.015076,516.886597
0.101562,-135.708298,-925.162781,1,905.360413,499.838562
0.117188,-137.439789,-925.276184,1,898.688049,472.318146
0.113281,-139.167236,-925.39032,1,875.309265,328.494781
0.101562,-140.659134,-925.489685,1,884.002319,337.910919
0.113281,-142.41713,-925.606812,1,945.680298,514.010498
0.101562,-143.942291,-925.708374,1,941.488464,516.174927
0.101562,-145.452347,-925.808838,1,948.693726,514.540833
0.113281,-147.219284,-925.926208,1,965.869202,510.90448
0.101562,-148.758118,-926.02832,1,974.913269,506.368622
0.101562,-150.287125,-926.1297,1,970.278076,493.415833
0.113281,-152.067505,-926.247742,1,970.278076,493.415833
0.101562,-153.6315,-926.351685,1,920.325867,421.742645
0.113281,-155.399796,-926.469238,1,924.731262,492.620819
0.101562,-156.95784,-926.572754,1,915.149475,494.254974
0.101562,-158.513229,-926.676208,1,1299.207031,225.969193
0.101562,-160.119431,-926.782959,1,1300.617554,210.939835
0.117188,-162.023117,-926.909424,1,1307.841675,204.602341
0.117188,-163.970627,-927.038818,1,1312.973755,202.628021
0.113281,-165.899963,-927.166931,1,965.599243,419.358185
0.101562,-167.593109,-927.279358,1,910.773926,455.652069
0.101562,-169.297409,-927.392578,1,913.056091,465.893768
0.113281,-171.281891,-927.524414,1,915.613281,488.231354
0.101562,-173.000565,-927.638611,1,906.760925,509.431946
0.101562,-174.698013,-927.751343,1,898.047913,527.823303
0.113281,-176.702133,-927.884521,1,896.929077,523.597229
0.101562,-178.412476,-927.998047,1,900.545532,525.555359
0.101562,-180.148987,-928.113342,1,901.622192,524.885803
0.113281,-182.178909,-928.248108,1,906.369629,522.169983
0.101562,-183.921005,-928.363525,1,917.897644,507.085602
0.117188,-185.942291,-928.496887,1,918.243103,502.519073
0.117188,-187.993729,-928.630859,1,922.137695,498.512909
0.117188,-190.044891,-928.760986,1,956.437866,517.844543
0.113281,-192.09671,-928.884949,1,953.863708,520.994324
0.101562,-193.870636,-928.985657,1,966.603577,536.122131
0.113281,-195.885498,-929.092041,1,962.961731,537.590515
0.113281,-197.857391,-929.187927,1,966.902161,529.40271
0.109375,-199.804489,-929.275574,1,919.34967,483.750854
0.113281,-201.79306,-929.358826,1,918.014221,486.976868
0.113281,-203.772415,-929.435974,1,912.665894,495.58783
0.105469,-205.638931,-929.503845,1,912.99115,492.186737
0.109375,-207.551636,-929.567993,1,919.525818,505.085327
0.109375,-209.437408,-929.625671,1,918.340942,513.292419
0.105469,-211.257385,-929.675781,1,915.563965,513.167969
0.105469,-213.089203,-929.720947,1,910.647583,509.854462
0.121094,-215.120544,-929.765808,1,949.219116,551.915283
0.113281,-217.04039,-929.80426,1,946.140137,548.076965
0.113281,-218.996338,-929.840576,1,950.244934,548.830933
0.109375,-220.840988,-929.872681,1,886.523865,492.203674
0.109375,-222.64534,-929.902283,1,883.041199,498.053101
0.109375,-224.447495,-929.929688,1,882.446777,497.664185
0.109375,-226.228775,-929.954407,1,877.84375,498.747375
0.117188,-228.145447,-929.978271,1,873.710083,508.227936
0.101562,-229.795181,-929.996399,1,929.686768,400.520325
0.113281,-231.647141,-930.015076,1,871.096008,484.962738
0.113281,-233.454498,-930.03241,1,866.144165,492.07843
0.105469,-235.120758,-930.048523,1,856.552429,487.973694
0.105469,-236.837463,-930.06543,1,845.57135,495.583344
0.105469,-238.510315,-930.082275,1,845.027832,500.261475
0.109375,-240.19278,-930.099609,1,839.429382,491.139679
0.109375,-241.887604,-930.117737,1,1313.102661,232.02887
0.101562,-243.491516,-930.138672,1,1319.915527,232.515381
0.109375,-245.156204,-930.169067,1,1315.818115,227.997955
0.109375,-246.800095,-930.211548,1,1065.359863,392.746613
0.109375,-248.490921,-930.272766,1,876.161255,514.527405
0.105469,-250.078217,-930.348389,1,887.109619,514.545898
0.109375,-251.700272,-930.445129,1,895.237427,513.035461
0.105469,-253.305008,-930.559082,1,905.491089,517.852722
0.109375,-254.887024,-930.686768,1,901.946655,521.50531
0.105469,-256.468903,-930.827637,1,919.788635,522.808594
0.113281,-258.088287,-930.983521,1,929.021423,510.271973
0.121094,-259.842743,-931.165161,1,938.747192,510.955872
0.117188,-261.523865,-931.351807,1,945.94519,511.705841
0.117188,-263.203918,-931.551086,1,958.979065,508.371796
0.113281,-264.854218,-931.759216,1,1200.169556,290.886627
0.113281,-266.436493,-931.96814,1,1309.503662,198.929108
0.109375,-267.929413,-932.170349,1,1303.553711,198.440292
0.109375,-269.501221,-932.384399,1,1185.969238,316.401367
0.113281,-271.01825,-932.586975,1,976.791443,489.613525
0.109375,-272.52417,-932.779175,1,973.27948,498.674988
0.113281,-274.079895,-932.965637,1,963.942261,499.499268
0.113281,-275.606079,-933.135559,1,957.224365,500.213348
0.105469,-277.061401,-933.286011,1,952.720459,497.007202
0.113281,-278.587219,-933.432617,1,948.333313,495.565582
0.109375,-280.069885,-933.565247,1,941.228333,496.570343
0.109375,-281.511749,-933.685547,1,938.050293,500.333008
0.101562,-282.800446,-933.785461,1,929.171082,506.551727
0.113281,-284.202972,-933.885559,1,928.518799,496.761597
0.109375,-285.47403,-933.966858,1,923.667542,495.272858
0.109375,-286.606689,-934.030884,1,911.782043,477.017059
0.117188,-287.663879,-934.082947,1,848.433167,398.455627
0.109375,-288.582306,-934.121521,1,936.803528,534.933289
0.101562,-289.307251,-934.147522,1,941.400269,538.455933
0.109375,-289.998993,-934.168823,1,1012.963928,639.651489
0.113281,-290.592407,-934.184326,1,1007.591187,626.915771
0.109375,-291.128479,-934.196167,1,887.858459,450.259521
0.109375,-291.617828,-934.205322,1,887.825745,435.51239
0.109375,-292.120605,-934.212585,1,885.007385,416.221222
0.105469,-292.582886,-934.216919,1,879.21405,412.724762
0.105469,-293.041229,-934.218506,1,877.306274,422.455353
0.109375,-293.483551,-934.21698,1,871.757935,424.271088
0.101562,-293.896637,-934.212463,1,841.550537,387.190063
0.109375,-294.315796,-934.204834,1,845.841858,382.274811
0.105469,-294.711578,-934.19519,1,839.916138,390.454529
0.101562,-295.092346,-934.184204,1,841.405518,388.45578
0.109375,-295.486084,-934.171936,1,845.927612,392.46579
0.105469,-295.869904,-934.159058,1,966.850647,534.693481
0.113281,-296.27179,-934.144897,1,980.549438,597.134399
0.101562,-296.615204,-934.132324,1,1018.541138,627.598633
0.117188,-297.01004,-934.11676,1,1015.502441,623.97522
0.101562,-297.351257,-934.102295,1,1016.800903,608.720337
0.101562,-297.669312,-934.088318,1,356.026093,610.404785
0.113281,-297.994781,-934.073547,1,340.880402,607.22876
0.101562,-298.215332,-934.063538,1,331.107147,603.694153
0.101562,-298.360443,-934.057068,1,326.610962,604.180298
0.113281,-298.426239,-934.05426,1,425.665863,298.334991
0.113281,-298.422729,-934.054749,1,1078.916016,531.796692
0.117188,-298.408051,-934.055786,1,1037.303467,593.758972
0.105469,-298.400055,-934.056335,1,1041.478394,596.24176
0.113281,-298.401154,-934.056335,1,1041.478394,596.24176
0.117188,-298.406403,-934.05603,1,1054.755981,595.936768
0.109375,-298.40976,-934.055969,1,1073.353149,603.038025
0.113281,-298.409637,-934.055908,1,1404.206909,615.834595
0.113281,-298.407776,-934.055908,1,1411.251465,622.53363
0.109375,-298.406464,-934.055908,1,1411.032715,610.412048
0.105469,-298.406464,-934.05603,1,1412.112305,609.447632
0.117188,-298.407166,-934.05603,1,1423.822876,546.294312
0.109375,-298.407715,-934.05603,1,1414.599731,483.881775
0.109375,-298.407776,-934.05603,1,1418.628052,480.866638
0.113281,-298.407471,-934.05603,1,1368.369507,507.600006
0.113281,-298.407227,-934.05603,1,1361.311523,511.651276
0.113281,-298.407257,-934.055969,1,1362.082397,503.494171
0.109375,-298.407257,-934.055969,1,1352.405029,514.636353
0.101562,-298.407318,-934.05603,1,1346.112427,507.239746
0.113281,-298.407318,-934.05603,1,1331.864258,510.601746
0.101562,-298.407318,-934.05603,1,1331.79187,510.494568
0.101562,-298.407288,-934.05603,1,1325.294922,521.358765
0.105469,-298.407288,-934.05603,1,1019.307373,606.310242
0.109375,-298.407288,-934.05603,1,1020.081482,604.09375
0.113281,-298.407288,-934.05603,1,1011.455811,600.181702
0.105469,-298.407288,-934.05603,1,1009.461365,592.631592
0.113281,-298.407288,-934.05603,1,1010.535767,582.772339
0.113281,-298.407288,-934.05603,1,1009.813599,573.612915
0.113281,-298.407288,-934.05603,1,692.753235,590.961487
0.105469,-298.407288,-934.05603,1,349.667633,613.9776
0.117188,-298.407288,-934.05603,1,338.716064,611.728943
0.113281,-298.407257,-934.05603,1,340.7146,611.635315
0.109375,-298.407288,-934.05603,1,346.784943,612.527039
0.109375,-298.407288,-934.056091,1,361.749695,601.522949
0.109375,-298.407288,-934.05603,1,347.24585,610.759033
0.101562,-298.407288,-934.05603,1,383.075592,455.389069
0.101562,-298.407288,-934.05603,1,906.505127,483.576935
0.105469,-298.407288,-934.05603,1,897.664551,554.013733
0.101562,-298.407288,-934.056091,1,898.653931,556.471924
0.101562,-298.407288,-934.05603,1,895.860413,562.756592
0.109375,-298.407288,-934.05603,1,937.399475,357.488739
0.101562,-298.407288,-934.05603,1,939.210571,355.806244
0.101562,-298.407288,-934.05603,1,942.923706,355.662506
0.101562,-298.407288,-934.05603,1,942.053223,362.363586
0.113281,-298.407288,-934.05603,1,938.177002,361.097992
0.113281,-298.407288,-934.05603,1,934.761902,360.394958
0.101562,-298.407288,-934.05603,1,927.055908,351.646637
0.113281,-298.407257,-934.05603,1,829.274597,368.511444
0.101562,-298.407288,-934.05603,1,340.369659,386.724182
0.101562,-298.407288,-934.05603,1,841.46582,567.338928
0.101562,-298.407318,-934.05603,1,1001.887329,594.041687
0.113281,-298.407288,-934.05603,1,1007.882568,586.913818
0.113281,-298.407288,-934.05603,1,1011.660217,579.992188
0.113281,-298.407288,-934.05603,1,972.440186,549.327026
0.113281,-298.407288,-934.05603,1,970.719116,548.552246
0.113281,-298.407288,-934.05603,1,1018.471619,589.029419
0.113281,-298.407288,-934.055969,1,1012.524963,598.104431
0.109375,-298.407288,-934.05603,1,1019.613403,493.067841
0.101562,-298.407288,-934.05603,1,919.039917,319.88205
0.101562,-298.407379,-934.05603,1,907.808105,418.55899
0.113281,-298.409088,-934.05603,1,907.204407,429.393921
0.101562,-298.412781,-934.055847,1,902.680359,428.98056
0.101562,-298.418762,-934.055542,1,907.47644,445.898224
0.101562,-298.42691,-934.055237,1,903.920776,432.874786
0.101562,-298.437042,-934.054932,1,986.146179,500.982422
0.105469,-298.450867,-934.054321,1,1325.011108,646.23761
0.101562,-298.472046,-934.053467,1,1337.842041,636.697571
0.101562,-298.508392,-934.052063,1,1438.79541,642.681396
0.105469,-298.573395,-934.049438,1,1440.414062,635.486084
0.101562,-298.67276,-934.045593,1,1006.449036,507.647095
0.101562,-298.819244,-934.039978,1,907.055969,476.208954
0.105469,-299.00531,-934.032593,1,920.077393,495.882996
0.101562,-299.233185,-934.023743,1,924.397461,508.848541
0.101562,-299.502655,-934.013794,1,915.179321,514.823486
0.101562,-299.812439,-934.002991,1,460.828003,500.314209
0.101562,-300.172607,-933.991272,1,414.874359,489.236603
0.101562,-300.563354,-933.979736,1,420.187256,484.209442
0.101562,-301.009918,-933.968567,1,328.767944,450.154694
0.105469,-301.506012,-933.959229,1,137.420258,395.355804
0.101562,-302.034027,-933.953918,1,112.495956,394.761627
0.101562,-302.598907,-933.956238,1,96.948952,400.839966
0.101562,-303.199524,-933.967957,1,80.886604,423.837616
0.101562,-303.828888,-933.990356,1,63.772285,429.002747
0.101562,-304.496094,-934.025208,1,55.027115,425.890076
0.113281,-305.233978,-934.076111,1,39.826561,426.799835
0.109375,-306.003967,-934.142944,1,50.183174,450.86618
0.109375,-306.817047,-934.22937,1,37.274063,442.990265
0.109375,-307.622833,-934.332397,1,25.771603,445.090485
0.105469,-308.44397,-934.458679,1,19.092604,451.222656
0.105469,-309.288849,-934.615417,1,23.187525,448.91275
0.105469,-310.132721,-934.804382,1,18.213655,445.504822
0.101562,-310.972748,-935.03064,1,25.876572,444.945923
0.105469,-311.827362,-935.304871,1,33.401031,445.424194
0.105469,-312.713684,-935.641724,1,66.908173,435.691498
0.101562,-313.567169,-936.021301,1,5.210288,405.908722
0.105469,-314.445587,-936.473877,1,26.987621,400.733826
0.109375,-315.348358,-937.012146,1,55.146393,397.046722
0.105469,-316.208405,-937.599731,1,94.327789,394.956451
0.105469,-317.043671,-938.250549,1,123.784706,391.352966
0.113281,-317.909912,-939.023071,1,176.811417,382.859955
0.109375,-318.725739,-939.858154,1,226.91626,376.923462
0.109375,-319.501099,-940.772888,1,378.363312,402.49173
0.105469,-320.202332,-941.731567,1,540.081787,402.65918
0.105469,-320.856384,-942.780579,1,578.296814,399.275604
0.109375,-321.428009,-943.872437,1,617.588196,385.520721
0.105469,-321.933746,-945.046631,1,668.458435,390.915833
0.105469,-322.337219,-946.219482,1,655.535645,454.339996
0.109375,-322.676453,-947.513123,1,700.358521,456.884674
0.109375,-322.92099,-948.856689,1,756.94104,465.427521
0.109375,-323.064667,-950.228577,1,815.194946,466.689087
0.105469,-323.11441,-951.57251,1,855.526245,485.619537
0.105469,-323.093506,-952.920715,1,920.290405,526.66394
0.101562,-323.028229,-954.28241,1,973.43512,593.28772
0.105469,-322.946167,-955.689758,1,999.485352,599.98407
0.101562,-322.876373,-957.094788,1,1016.109924,608.944153
0.105469,-322.835236,-958.536316,1,1022.671509,596.938538
0.101562,-322.82959,-959.960266,1,960.831665,489.87326
0.109375,-322.854767,-961.495483,1,959.498474,483.714172
0.109375,-322.899292,-963.02002,1,955.62146,483.913239
0.105469,-322.953979,-964.575378,1,880.919495,373.254852
0.105469,-323.009491,-966.088867,1,879.204468,375.027954
0.101562,-323.065216,-967.622192,1,869.611633,510.399475
0.105469,-323.121399,-969.177002,1,868.586182,538.407532
0.105469,-323.180481,-970.758545,1,879.218689,450.391113
0.105469,-323.242798,-972.3526,1,911.130066,-32.397854
0.105469,-323.303955,-973.952148,1,886.619324,316.552368
0.105469,-323.359619,-975.561096,1,881.310669,355.596313
0.105469,-323.405487,-977.150635,1,872.564148,367.059723
0.105469,-323.440369,-978.731445,1,878.035217,375.616608
0.101562,-323.464722,-980.293945,1,874.022156,514.222961
0.101562,-323.480469,-981.855225,1,886.218933,532.908997
0.101562,-323.489502,-983.424805,1,888.891968,520.357361
0.105469,-323.493805,-985.036438,1,901.143372,524.856506
0.101562,-323.496521,-986.603455,1,856.944153,482.613251
0.105469,-323.502045,-988.182312,1,849.284912,500.66629
0.105469,-323.513977,-989.821411,1,859.06665,477.407745
0.101562,-323.533325,-991.43396,1,876.164001,370.315613
0.101562,-323.559509,-993.013611,1,878.799683,293.981415
0.101562,-323.592926,-994.637634,1,882.803284,299.164734
0.101562,-323.632446,-996.291565,1,875.713501,307.812164
0.101562,-323.677551,-997.993713,1,877.184021,314.093292
0.105469,-323.727814,-999.756409,1,895.353577,451.86026
0.101562,-323.777649,-1001.454285,1,887.276611,499.841827
0.101562,-323.827118,-1003.161743,1,888.462585,496.734619
0.109375,-323.878754,-1005.044189,1,1055.727051,570.207947
0.109375,-323.928192,-1006.966858,1,1392.466309,649.892029
0.113281,-323.97467,-1008.85675,1,1233.181885,597.725525
0.109375,-324.02121,-1010.788696,1,904.2146,492.715698
0.101562,-324.064301,-1012.567749,1,899.711975,392.14267
0.105469,-324.108307,-1014.349304,1,882.295593,297.63266
0.109375,-324.157562,-1016.304565,1,884.799255,303.706879
0.101562,-324.202271,-1018.060059,1,884.714233,303.579773
0.101562,-324.247345,-1019.827026,1,901.064514,551.602478
0.101562,-324.29248,-1021.610168,1,898.97876,540.569641
0.101562,-324.336823,-1023.379639,1,904.485718,536.189148
0.101562,-324.380798,-1025.156616,1,905.576111,538.113159
0.101562,-324.42337,-1026.888062,1,883.658203,441.510345
0.101562,-324.466187,-1028.633667,1,868.967285,239.249786
0.101562,-324.509186,-1030.381958,1,887.279175,275.987274
0.101562,-324.55191,-1032.122803,1,883.108215,274.310699
0.101562,-324.59491,-1033.874023,1,887.318604,280.219635
0.101562,-324.636993,-1035.588257,1,361.175598,375.124695
0.101562,-324.679626,-1037.329712,1,364.270508,376.192841
0.113281,-324.726471,-1039.248047,1,361.931976,381.625488
0.109375,-324.772156,-1041.123535,1,967.98938,146.812607
0.105469,-324.815887,-1042.924683,1,856.966736,315.871094
0.105469,-324.858459,-1044.678711,1,871.491272,320.83551
0.105469,-324.901459,-1046.450562,1,886.000854,317.118378
0.101562,-324.942871,-1048.158691,1,879.473511,318.790924
0.109375,-324.987213,-1049.993042,1,879.138428,323.482697
0.101562,-325.028595,-1051.706177,1,893.256714,541.2948
0.101562,-325.069244,-1053.391602,1,895.57489,538.327637
0.101562,-325.1091,-1055.041992,1,898.068909,529.210938
0.109375,-325.152832,-1056.857056,1,901.939575,526.173035
0.113281,-325.19696,-1058.685913,1,906.694824,522.39386
0.109375,-325.240906,-1060.504883,1,909.814575,509.798065
0.101562,-325.280182,-1062.130005,1,914.440491,508.783447
0.109375,-325.323944,-1063.942139,1,950.999329,294.242126
0.128906,-325.373291,-1065.986206,1,1424.40271,-130.502396
0.101562,-325.412811,-1067.626221,1,1396.142334,250.15004
0.101562,-325.45224,-1069.270142,1,1379.318115,259.763336
0.101562,-325.490997,-1070.888428,1,1388.13269,262.904053
0.105469,-325.53183,-1072.5979,1,1332.395752,173.76207
0.101562,-325.57077,-1074.231689,1,1326.149414,165.351395
0.105469,-325.609711,-1075.864624,1,1331.35376,162.724991
0.113281,-325.652679,-1077.665039,1,1353.6604,147.689514
0.101562,-325.690674,-1079.257812,1,1359.051758,154.011841
0.101562,-325.729431,-1080.881958,1,939.011292,451.284546
0.101562,-325.766937,-1082.454346,1,949.190125,443.768494
0.101562,-325.803741,-1083.996948,1,949.84491,450.432343
0.109375,-325.845093,-1085.727783,1,950.707764,455.386017
0.105469,-325.883026,-1087.317627,1,941.597107,465.382294
0.101562,-325.920563,-1088.890259,1,894.273132,302.059723
0.101562,-325.957733,-1090.449463,1,890.691956,316.602631
0.105469,-325.9953,-1092.023315,1,873.304016,359.228729
0.101562,-326.032043,-1093.562744,1,864.586487,398.390381
0.101562,-326.069,-1095.113037,1,851.19635,402.101227
0.105469,-326.105591,-1096.643066,1,852.606323,414.128387
0.101562,-326.141205,-1098.135498,1,1000.966064,393.586914
0.105469,-326.176025,-1099.594482,1,1339.081787,329.768768
0.101562,-326.208649,-1100.959961,1,1354.163086,325.244995
0.101562,-326.239166,-1102.238525,1,1290.795532,313.177765
0.101562,-326.268219,-1103.4552,1,864.653748,314.613861
0.101562,-326.29541,-1104.596069,1,872.974854,307.25412
0.101562,-326.320435,-1105.643799,1,865.36969,314.583313
0.101562,-326.343506,-1106.611816,1,860.509399,306.367401
0.105469,-326.365204,-1107.521362,1,857.768555,322.103394
0.101562,-326.384949,-1108.350464,1,859.870728,329.556793
0.101562,-326.40332,-1109.11853,1,857.227905,330.290649
0.101562,-326.420227,-1109.826172,1,857.441528,318.610168
0.101562,-326.435791,-1110.477539,1,859.712769,318.729523
0.109375,-326.451324,-1111.130249,1,857.286865,323.400574
0.101562,-326.463745,-1111.648315,1,854.324036,341.850067
0.105469,-326.475006,-1112.118896,1,853.675354,332.729309
0.113281,-326.485321,-1112.552612,1,854.308533,337.409546
0.109375,-326.49353,-1112.897461,1,857.644531,334.584747
0.113281,-326.500153,-1113.176025,1,857.925171,335.553253
0.109375,-326.505035,-1113.37793,1,859.337036,312.634827
0.101562,-326.507843,-1113.495728,1,868.745911,323.200775
0.101562,-326.509247,-1113.554688,1,867.812378,326.195221
