time_step,pos_x,pos_z,eye_pos_valid,eye_pos_x,eye_pos_y
0,-420.940002,-476.269989,0,0,0
0.107971,-420.93634,-476.272522,0,0,0
0.100464,-420.93515,-476.273346,0,0,0
0.105652,-420.934937,-476.273407,0,0,0
0.103577,-420.935638,-476.272949,0,0,0
0.100098,-420.936462,-476.272369,1,955.315002,-198.053665
0.100037,-420.936615,-476.272278,1,995.061035,36.256912
0.106079,-420.936005,-476.272736,1,996.323303,126.619446
0.10199,-420.935059,-476.273376,1,951.839478,163.653717
0.100586,-420.934692,-476.273621,1,922.655823,184.731003
0.107422,-420.93515,-476.273346,1,1260.177612,41.930935
0.101013,-420.935822,-476.272858,1,1338.436523,-2.71932
0.10907,-420.936279,-476.272552,1,1331.033691,-3.034048
0.101013,-420.936035,-476.272705,1,1398.077271,44.436577
0.110291,-420.935425,-476.273132,1,1395.021484,51.952774
0.101318,-420.935089,-476.273407,1,1397.853027,48.819614
0.1073,-420.93512,-476.273315,1,1395.072144,50.323425
0.109802,-420.935455,-476.273132,1,1412.100464,46.462185
0.101501,-420.935608,-476.273041,1,1417.603516,48.788094
0.103455,-420.935577,-476.273071,1,1412.02417,50.894264
0.107788,-420.935425,-476.273224,1,1428.830322,71.841454
0.102173,-420.935211,-476.273346,1,1430.74353,69.668121
0.102783,-420.935211,-476.273376,1,1435.353149,51.260639
0.109619,-420.935211,-476.273376,1,1433.062866,-0.340309
0.100647,-420.935242,-476.273346,1,1487.406738,-45.12677
0.10675,-420.935272,-476.273346,1,1488.088135,-22.081169
0.100159,-420.935272,-476.273346,1,1486.714111,-11.779154
0.109192,-420.935242,-476.273346,1,1485.422363,-17.597383
0.104736,-420.935242,-476.273346,1,1529.593018,-35.979282
0.10321,-420.935242,-476.273346,1,1516.802368,-54.196789
0.10083,-420.93515,-476.273376,1,1510.630249,-44.73542
0.111084,-420.934875,-476.27356,1,1512.959229,-35.332127
0.101074,-420.934143,-476.274048,1,1503.839111,-24.770182
0.106262,-420.932526,-476.275146,1,1363.871948,-121.592278
0.107788,-420.929413,-476.277313,1,1361.425293,-110.424881
0.101868,-420.924622,-476.280609,1,1320.57373,-45.45726
0.101746,-420.91803,-476.285187,1,1325.059692,-29.702055
0.110413,-420.908905,-476.291504,1,1374.886841,-63.040943
0.10376,-420.898407,-476.298767,1,1407.972656,-86.676842
0.10437,-420.886078,-476.307281,1,1392.728394,-77.583427
0.104492,-420.872009,-476.317047,1,1366.718384,-68.608215
0.109741,-420.855225,-476.328674,1,1124.815186,-169.093704
0.10907,-420.836639,-476.341461,1,873.11908,-29.227053
0.102173,-420.817535,-476.354645,1,902.136597,43.999397
0.101562,-420.796844,-476.368927,1,997.983398,258.399231
0.107727,-420.773102,-476.385254,1,1018.559448,271.2612
0.103088,-420.748749,-476.4021,1,1015.042664,247.18335
0.10376,-420.722595,-476.420166,1,1017.37793,248.215179
0.100342,-420.69574,-476.438782,1,931.767822,111.976883
0.101685,-420.667023,-476.45871,1,901.982422,52.322178
0.101501,-420.636871,-476.479645,1,887.506958,89.255043
0.102173,-420.60495,-476.501831,1,871.701416,98.32827
0.102966,-420.571259,-476.525238,1,868.898071,93.161446
0.101257,-420.536621,-476.549347,1,877.783936,98.995796
0.101379,-420.500458,-476.574463,1,877.379211,90.750916
0.10083,-420.463013,-476.600525,1,870.485229,93.972878
0.106018,-420.421906,-476.629089,1,878.480652,89.142899
0.101746,-420.38092,-476.657654,1,879.37677,94.935547
0.104004,-420.337006,-476.688232,1,877.27356,99.786072
0.106445,-420.289612,-476.721222,1,879.176086,97.228058
0.103699,-420.240234,-476.755585,1,879.737061,97.026985
0.104858,-420.186249,-476.793152,1,883.20697,112.686661
0.1026,-420.127747,-476.833832,1,873.645508,107.469818
0.104187,-420.052734,-476.886047,1,876.432922,96.464394
0.104919,-419.941437,-476.96347,1,877.747986,98.938576
0.102905,-419.79541,-477.065063,1,874.030273,94.736725
0.102478,-419.615082,-477.190521,1,870.348999,87.505852
0.107117,-419.389832,-477.347198,1,877.011902,83.735054
0.107605,-419.134064,-477.525208,1,871.827271,92.710808
0.102783,-418.877319,-477.703796,1,881.758057,83.153725
0.109802,-418.597839,-477.898224,1,878.238953,74.386253
0.104919,-418.329773,-478.084778,1,1062.333862,168.683685
0.10199,-418.06897,-478.266388,1,1101.334961,213.570465
0.112,-417.782776,-478.466248,1,1103.350342,204.527237
0.110779,-417.500366,-478.664215,1,1110.234375,215.79744
0.111938,-417.216064,-478.864075,1,1118.781128,234.096115
0.104004,-416.953705,-479.049133,1,879.618774,108.679451
0.104919,-416.690826,-479.234711,1,877.495728,108.511658
0.106934,-416.424866,-479.422668,1,865.284546,101.800224
0.10022,-416.176361,-479.598419,1,863.838196,105.522591
0.101379,-415.924133,-479.776978,1,863.107788,102.719742
0.104004,-415.661377,-479.963318,1,862.989258,90.501526
0.102173,-415.392883,-480.1539,1,861.983337,69.693336
0.10321,-415.102417,-480.360535,1,865.357788,72.99453
0.103333,-414.784119,-480.587494,1,859.635193,72.314941
0.102417,-414.437256,-480.835297,1,943.775269,98.411682
0.105164,-414.048615,-481.11377,1,1142.894897,187.636353
0.102356,-413.63855,-481.4086,1,1141.580444,201.191071
0.104248,-413.189514,-481.733551,1,1133.237183,192.727539
0.101196,-412.724487,-482.072876,1,1138.766846,190.409683
0.101868,-412.233917,-482.434021,1,1039.108643,222.17305
0.101196,-411.729614,-482.808777,1,1033.698975,210.288361
0.104248,-411.189636,-483.213806,1,1034.121582,208.146606
0.101868,-410.63916,-483.630554,1,1028.433594,206.420822
0.104858,-410.051849,-484.079865,1,918.025818,187.828156
0.104919,-409.446747,-484.548798,1,914.073975,194.218063
0.111572,-408.783325,-485.071289,1,914.923645,188.700928
0.104492,-408.144043,-485.583801,1,909.160278,174.036972
0.101257,-407.511078,-486.100464,1,905.338013,172.770538
0.106201,-406.83429,-486.663391,1,1135.174072,255.397797
0.101379,-406.174896,-487.222015,1,1131.919556,264.481995
0.104797,-405.481476,-487.82077,1,1122.683228,249.547562
0.104126,-404.782257,-488.436798,1,1108.624146,250.212906
0.105408,-404.065338,-489.081146,1,1108.165894,253.129898
0.105042,-403.342529,-489.743988,1,907.504333,146.535828
0.103333,-402.622589,-490.41687,1,902.494995,147.523544
0.109375,-401.847412,-491.155121,1,870.910461,137.694397
0.107178,-401.061523,-491.916809,1,877.166199,134.215179
0.104126,-400.270386,-492.69632,1,1069.545166,225.250076
0.105103,-399.444672,-493.522827,1,1063.566772,233.077972
0.101562,-398.621368,-494.36026,1,1063.595703,232.346191
0.102844,-397.766083,-495.246796,1,1060.598389,231.208878
0.108704,-396.8508,-496.216431,1,1061.563354,233.881104
0.103149,-395.98822,-497.151672,1,1061.355469,238.268936
0.102905,-395.135559,-498.098511,1,1057.231934,236.767181
0.107117,-394.261475,-499.093384,1,1065.309692,232.689301
0.108948,-393.393646,-500.106262,1,1058.095459,222.647873
0.107971,-392.553406,-501.110962,1,1047.569092,222.15863
0.106873,-391.740509,-502.10614,1,1038.699219,220.369858
0.106384,-390.949768,-503.096191,1,1036.239136,214.887878
0.109131,-390.156219,-504.11203,1,1035.554077,206.545334
0.104736,-389.411804,-505.085785,1,1023.038208,203.267059
0.107422,-388.663666,-506.081726,1,878.837341,81.708717
0.106812,-387.930084,-507.066376,1,882.45166,89.438416
0.106018,-387.206451,-508.033508,1,885.545166,103.633194
0.107178,-386.475159,-508.99765,1,961.489929,175.596237
0.106384,-385.747375,-509.939697,1,968.887024,189.749802
0.109436,-384.996521,-510.892395,1,978.663574,192.937149
0.107483,-384.257782,-511.814117,1,988.212402,190.441574
0.107544,-383.521698,-512.725281,1,1084.932129,206.363846
0.105347,-382.808807,-513.610474,1,1086.294189,204.289978
0.107788,-382.089264,-514.511963,1,1115.509155,189.327591
0.107849,-381.382172,-515.409912,1,1128.86792,197.257263
0.106934,-380.693878,-516.297363,1,1122.673584,215.076096
0.110901,-379.994202,-517.214966,1,1120.576172,232.054443
0.112366,-379.29953,-518.142151,1,1115.956421,241.447128
0.107544,-378.648651,-519.026855,1,1108.349121,260.063812
0.106384,-378.018768,-519.900146,1,1100.293701,256.712006
0.109924,-377.383667,-520.801331,1,1094.925171,240.798706
0.104309,-376.796631,-521.655457,1,1084.941284,240.38237
0.108093,-376.204376,-522.539856,1,1063.8927,216.021484
0.106567,-375.636047,-523.411316,1,984.749817,155.428482
0.106323,-375.085449,-524.279419,1,969.529968,154.651169
0.105103,-374.556885,-525.136658,1,971.077209,146.786789
0.105103,-374.043854,-525.992798,1,964.642639,154.109802
0.103638,-373.552734,-526.835083,1,966.766907,154.615891
0.107178,-373.05954,-527.704712,1,1005.878418,176.258682
0.103333,-372.597992,-528.540833,1,1034.566772,201.214523
0.108215,-372.128876,-529.413391,1,1034.13208,209.165421
0.104675,-371.688232,-530.255127,1,1029.55896,202.91687
0.106812,-371.248932,-531.11438,1,1021.65448,204.954834
0.107666,-370.809937,-531.988892,1,1009.062866,195.40921
0.105286,-370.387787,-532.842346,1,1006.422974,209.446991
0.110718,-369.953003,-533.729065,1,900.20636,81.046227
0.107422,-369.535095,-534.58429,1,896.643555,79.249023
0.105042,-369.13092,-535.411438,1,890.93573,77.601791
0.106079,-368.726776,-536.238464,1,869.811462,63.292385
0.107971,-368.318726,-537.07373,1,913.545654,111.26796
0.106262,-367.919983,-537.890442,1,983.641296,243.542694
0.106201,-367.520996,-538.70813,1,982.000122,253.754211
0.106323,-367.119324,-539.531372,1,987.200073,249.849686
0.108337,-366.706573,-540.375977,1,976.584412,256.591187
0.111816,-366.27301,-541.26123,1,987.692871,242.321426
0.109375,-365.839142,-542.147095,1,984.202332,256.630524
0.109375,-365.395905,-543.059265,1,994.465698,266.149231
0.109253,-364.94342,-544.004089,1,1001.606384,260.705261
0.108337,-364.483307,-544.984009,1,992.211914,252.265488
0.108826,-364.010254,-546.014526,1,975.596252,235.632294
0.107971,-363.529053,-547.085938,1,970.889954,240.467972
0.107178,-363.03891,-548.197266,1,958.969116,236.16925
0.106812,-362.537781,-549.35199,1,954.394592,237.424957
0.106445,-362.025818,-550.548828,1,949.215759,234.805527
0.105713,-361.504364,-551.783081,1,945.272644,224.925293
0.104065,-360.978821,-553.04126,1,950.471863,235.050125
0.103149,-360.44519,-554.333008,1,946.909973,242.307114
0.104309,-359.894012,-555.682617,1,943.158203,246.682343
0.104187,-359.33136,-557.074768,1,945.357422,249.744202
0.104919,-358.750519,-558.51947,1,942.341553,281.714539
0.104858,-358.163452,-559.983398,1,937.773438,283.247864
0.104919,-357.587433,-561.420776,1,931.907959,289.795746
0.106506,-357.009155,-562.863831,1,933.792969,295.819885
0.105896,-356.438507,-564.289124,1,930.218445,294.285461
0.102966,-355.892395,-565.654785,1,934.384766,306.711365
0.106201,-355.332947,-567.055298,1,927.811401,303.70343
0.104858,-354.784821,-568.428955,1,930.624023,293.286072
0.10376,-354.247772,-569.773376,1,942.720886,314.819611
0.105225,-353.7034,-571.124451,1,957.53833,292.787537
0.105408,-353.156067,-572.462708,1,959.539062,312.351013
0.103821,-352.613434,-573.764099,1,966.052429,318.365509
0.105042,-352.059937,-575.065674,1,963.375427,332.313873
0.102295,-351.517365,-576.319336,1,866.236511,138.839111
0.105591,-350.955719,-577.598083,1,860.833069,136.886368
0.101501,-350.415405,-578.814453,1,863.888733,142.565475
0.10498,-349.856781,-580.060242,1,881.15686,215.585526
0.103149,-349.309143,-581.270996,1,898.644714,302.083557
0.103943,-348.758179,-582.478638,1,900.609741,298.656555
0.103333,-348.211029,-583.666382,1,903.587402,284.483551
0.102966,-347.665924,-584.838257,1,895.281921,287.839661
0.104858,-347.111053,-586.019104,1,956.47583,235.919205
0.108459,-346.538177,-587.226562,1,960.332764,239.460678
0.110901,-345.953308,-588.448059,1,970.064392,234.402908
0.112549,-345.362061,-589.674622,1,970.187988,236.787857
0.107605,-344.802887,-590.836304,1,968.107422,230.264221
0.1073,-344.254181,-591.986572,1,963.903809,233.948929
0.105652,-343.72467,-593.111694,1,970.70459,220.890625
0.107117,-343.199951,-594.2453,1,956.222717,221.171829
0.105774,-342.693512,-595.358154,1,1006.999146,238.193466
0.107605,-342.189209,-596.48291,1,1004.178101,241.133682
0.106506,-341.699982,-597.587708,1,990.203369,229.296936
0.111755,-341.201355,-598.72583,1,778.500244,219.064392
0.107666,-340.741577,-599.786072,1,768.2453,211.670395
0.107788,-340.302795,-600.80835,1,773.229065,207.39241
0.104797,-339.898499,-601.760681,1,892.613403,182.233246
0.104614,-339.515656,-602.672791,1,888.233154,187.758072
0.106079,-339.146942,-603.561768,1,952.527466,222.737595
0.103088,-338.806122,-604.392151,1,948.59259,221.505295
0.104797,-338.476074,-605.203857,1,932.792786,212.357986
0.103455,-338.169739,-605.963074,1,711.649048,216.247162
0.102478,-337.891357,-606.656189,1,722.115234,211.849335
0.102295,-337.635834,-607.294067,1,729.210205,188.229996
0.103821,-337.394135,-607.898926,1,946.301331,174.732254
0.107971,-337.160004,-608.484436,1,948.861084,198.031967
0.103821,-336.947205,-609.014404,1,962.277283,199.876328
0.101135,-336.741821,-609.520569,1,966.502441,208.46843
0.101807,-336.536346,-610.021057,1,877.540894,91.179115
0.102783,-336.33551,-610.504578,1,882.154968,88.968925
0.104797,-336.138062,-610.975952,1,890.543213,88.083115
0.105774,-335.94519,-611.432861,1,982.098511,161.44577
0.102844,-335.762817,-611.860474,1,980.223328,194.981125
0.101685,-335.586792,-612.268494,1,987.74646,192.220764
0.102905,-335.411285,-612.668091,1,978.934692,189.850967
0.102295,-335.237518,-613.051636,1,914.999695,180.351059
0.104309,-335.060944,-613.428284,1,925.910095,204.941071
0.109985,-334.878204,-613.80835,1,927.806824,196.287567
0.104675,-334.710327,-614.155518,1,929.317688,194.243042
0.105591,-334.547455,-614.492859,1,922.580017,188.306183
0.105164,-334.390137,-614.816956,1,1050.630615,203.147873
0.10437,-334.235596,-615.124878,1,1050.895874,163.239761
0.103149,-334.081207,-615.415283,1,1054.953735,155.308029
0.103516,-333.925415,-615.693542,1,1052.084106,160.472321
0.10321,-333.770874,-615.958313,1,1061.697876,162.501862
0.101318,-333.622192,-616.206299,1,1061.878296,163.821762
0.104065,-333.474274,-616.450012,1,1071.303223,153.165436
0.107422,-333.327454,-616.690491,1,1074.455566,120.843224
0.104675,-333.189545,-616.914612,1,954.285522,-63.09647
0.105652,-333.054443,-617.13092,1,954.285522,-63.09647
0.107483,-332.920288,-617.341431,1,954.285522,-63.09647
0.106323,-332.791351,-617.542419,1,954.285522,-63.09647
0.112,-332.659119,-617.752319,0,0,0
0.110596,-332.531494,-617.960938,0,0,0
0.108093,-332.407562,-618.166077,0,0,0
0.107483,-332.284729,-618.370361,1,1016.854126,47.583069
0.107239,-332.162415,-618.57373,1,991.776489,165.325089
0.107178,-332.039978,-618.776428,1,992.89386,263.630432
0.100403,-331.92514,-618.965576,1,985.027649,256.178864
0.112427,-331.796295,-619.177429,1,987.004883,257.330841
0.10083,-331.680725,-619.367249,1,976.789185,260.713379
0.101257,-331.564819,-619.557861,1,880.504028,257.018799
0.10199,-331.448273,-619.749878,1,443.893921,251.91124
0.112549,-331.319855,-619.961914,1,438.034485,259.863831
0.112976,-331.191193,-620.174622,1,150.218811,229.559891
0.100403,-331.076721,-620.363464,1,161.907684,244.867371
0.113403,-330.947571,-620.57666,1,197.993332,252.313385
0.112488,-330.819305,-620.788147,1,239.802399,238.238617
0.111572,-330.692078,-620.997681,1,372.828247,219.185013
0.112122,-330.564362,-621.20813,1,697.007568,217.085083
0.111511,-330.437469,-621.417419,1,1015.203552,178.205246
0.107849,-330.314758,-621.619812,1,1220.605103,197.042084
0.104065,-330.196411,-621.815125,1,1276.724365,198.735382
0.10614,-330.075043,-622.01532,1,1341.660889,212.079269
0.103577,-329.951202,-622.219543,1,1346.119385,220.817093
0.105408,-329.806,-622.459106,1,1207.07019,193.386627
0.106323,-329.634827,-622.741455,1,1143.296997,188.143188
0.105835,-329.439911,-623.062683,1,1167.939209,185.998886
0.106689,-329.219452,-623.426575,1,1176.053833,188.187622
0.107483,-328.974213,-623.834717,1,1388.84668,94.423691
0.105103,-328.714539,-624.275269,1,1388.043579,80.345116
0.106079,-328.433563,-624.76239,1,1405.8927,75.952316
0.107544,-328.130219,-625.300537,1,1415.014404,76.57238
0.112122,-327.794769,-625.910522,1,1414.397339,79.388206
0.105164,-327.465027,-626.527832,1,1324.081787,72.248985
0.105591,-327.122711,-627.194214,1,1323.599731,89.66391
0.105225,-326.773499,-627.907166,1,1330.420532,85.699921
0.107788,-326.410431,-628.688965,1,1329.687012,90.357437
0.107666,-326.045471,-629.523682,1,1298.864868,121.476196
0.105774,-325.688721,-630.396667,1,1289.359009,122.378983
0.106628,-325.33606,-631.330322,1,1337.193726,89.395493
0.107117,-324.995575,-632.32196,1,1321.000122,98.181152
0.105652,-324.680573,-633.353699,1,1303.495605,91.104195
0.105774,-324.392883,-634.437622,1,1275.973267,95.041992
0.108093,-324.134155,-635.595154,1,1248.573853,94.972038
0.112793,-323.907715,-636.857422,1,1219.5177,95.490265
0.107666,-323.736847,-638.110352,1,1156.943115,115.731255
0.110107,-323.603729,-639.440186,1,1127.424561,117.486328
0.109985,-323.501709,-640.8172,1,1104.985107,123.482224
0.101318,-323.426392,-642.131592,1,1046.60022,127.265572
0.107605,-323.358337,-643.577515,1,1040.907227,136.22908
0.107666,-323.298218,-645.072449,1,1030.93103,138.513168
0.105225,-323.241547,-646.581238,1,1026.845215,140.044617
0.102722,-323.184967,-648.098877,1,930.123047,149.013641
0.105591,-323.124542,-649.704834,1,919.185181,142.20813
0.106995,-323.060486,-651.381165,1,923.446411,135.909393
0.10437,-322.99649,-653.063232,1,947.245117,150.625061
0.1073,-322.933594,-654.8396,1,1031.4552,164.431213
0.110352,-322.878693,-656.719238,1,1027.057373,151.842026
0.105774,-322.845123,-658.570068,1,1023.350159,153.222473
0.106873,-322.83902,-660.482849,1,1034.429199,145.34668
0.105957,-322.866547,-662.421692,1,1012.630005,143.486206
0.106445,-322.931458,-664.407959,1,1004.605164,155.480789
0.107361,-323.035889,-666.452393,1,945.600342,151.084656
0.10791,-323.180756,-668.545166,1,912.023621,151.975372
0.108032,-323.36673,-670.677795,1,897.171997,153.639343
0.107056,-323.5896,-672.828369,1,896.115173,150.525513
0.107544,-323.841888,-675.026672,1,906.035645,156.366608
0.105774,-324.10202,-677.228455,1,887.386169,203.121628
0.109985,-324.362762,-679.558167,1,896.998352,257.244904
0.108093,-324.584869,-681.887756,1,905.344604,180.370758
0.108032,-324.751129,-684.255066,1,917.967102,178.690002
0.106567,-324.844269,-686.625549,1,931.544922,173.552139
0.110046,-324.858826,-689.108521,1,932.645813,178.28743
0.107788,-324.790863,-691.573975,1,929.830078,182.355438
0.110718,-324.636169,-694.138245,1,960.672913,167.985779
0.110168,-324.400116,-696.719421,1,1005.198669,185.755936
0.113342,-324.084198,-699.41217,1,1021.713989,171.894547
0.112549,-323.74234,-702.131653,1,1041.78125,171.449066
0.112,-323.431549,-704.888794,1,1051.203979,167.858063
0.109558,-323.207733,-707.629028,1,1042.221436,138.457336
0.101868,-323.101013,-710.191833,1,1012.69342,125.437218
0.109436,-323.11557,-712.948486,1,968.600708,138.570572
0.112061,-323.274506,-715.781433,1,944.035889,150.332748
0.108948,-323.534363,-718.551331,1,931.854492,146.625366
0.108582,-323.845642,-721.338013,1,939.674011,131.600967
0.107483,-324.165649,-724.121094,1,945.616272,110.53157
0.109192,-324.482758,-726.97699,1,953.151855,94.263901
0.105408,-324.774902,-729.759155,1,961.899597,86.185349
0.104919,-325.054169,-732.554382,1,960.242065,79.030617
0.105103,-325.327606,-735.375,1,948.731995,101.28067
0.107849,-325.600464,-738.295837,1,948.772095,61.919937
0.113464,-325.847931,-741.39679,1,972.56604,21.996244
0.101624,-325.992249,-744.200684,1,999.438171,24.694469
0.11438,-326.030914,-747.381165,1,1022.104431,3.776497
0.107178,-325.927612,-750.373413,1,1048.236694,15.388648
0.105896,-325.690674,-753.336792,1,1030.490967,88.409302
0.103333,-325.339996,-756.232788,1,1061.26001,96.351402
0.104492,-324.913574,-759.17334,1,1084.447632,106.428825
0.10376,-324.503998,-762.11731,1,1093.49646,86.145226
0.102295,-324.192566,-765.040833,1,1098.874512,101.90831
0.100769,-324.023041,-767.928894,1,1085.977539,81.450424
0.100159,-324.014008,-770.790588,1,1030.082275,46.892448
0.100403,-324.158752,-773.638916,1,989.592346,20.657255
0.112122,-324.485901,-776.793884,1,964.019531,37.074528
0.111633,-324.974274,-779.900879,1,934.472595,54.313358
0.109802,-325.596924,-782.905762,1,920.289917,101.16301
0.106262,-326.327423,-785.764771,1,910.671631,32.007778
0.10553,-327.168945,-788.550293,1,882.114563,94.498009
0.104309,-328.09198,-791.25531,1,878.535889,39.949696
0.103394,-329.023895,-793.902222,1,871.074463,-10.295834
0.107849,-329.959412,-796.641235,1,872.273376,-8.865493
0.106689,-330.819183,-799.318665,1,871.96228,-36.046814
0.106384,-331.579071,-801.965332,1,877.328247,-81.920273
0.110107,-332.251709,-804.693115,1,871.501221,-45.018993
0.11084,-332.775452,-807.374634,1,870.118835,-111.292686
0.113403,-333.13327,-810.099976,1,833.121643,-78.442749
0.111633,-333.316681,-812.752747,1,809.607117,-42.76255
0.113708,-333.349274,-815.40741,1,835.434937,-76.571831
0.101196,-333.267975,-817.71936,1,818.542664,-71.082397
0.100769,-333.093079,-819.964783,1,859.313293,-34.648235
0.100464,-332.822479,-822.147278,1,874.11676,-1.086152
0.101074,-332.445923,-824.285706,1,907.787476,22.588179
0.102844,-331.935974,-826.375916,1,968.130798,84.244064
0.113953,-331.219482,-828.626526,1,979.48175,55.36235
0.106567,-330.422302,-830.632874,1,945.133301,-76.533768
0.11377,-329.482147,-832.682983,1,942.591553,-149.682983
0.114502,-328.529633,-834.659973,1,1001.897644,-92.691719
0.101746,-327.761536,-836.376526,1,1087.357666,-38.942894
0.113953,-327.070618,-838.281677,1,1100.622437,-26.22986
0.111389,-326.551544,-840.152466,1,1205.329712,-49.054932
0.109131,-326.177612,-841.97699,1,1138.904907,-101.571152
0.101868,-325.922577,-843.65271,1,1145.356812,-78.838341
0.112915,-325.727844,-845.461975,1,1104.154785,-57.95219
0.111633,-325.614777,-847.196045,1,1067.549561,-48.543804
0.114624,-325.581055,-848.896667,1,1034.697388,-38.379269
0.110596,-325.622955,-850.452026,1,966.448059,137.534668
0.107361,-325.725708,-851.890747,1,897.795654,-29.283791
0.107361,-325.880798,-853.296875,1,907.92334,-187.670181
0.100708,-326.066925,-854.602112,1,907.92334,-187.670181
0.100769,-326.286285,-855.899292,1,907.92334,-187.670181
0.113403,-326.568146,-857.344849,1,907.92334,-187.670181
0.103455,-326.85379,-858.635681,1,907.92334,-187.670181
0.112,-327.192505,-859.992615,0,0,0
0.104797,-327.53717,-861.225159,0,0,0
0.105225,-327.908142,-862.422485,0,0,0
0.107117,-328.30188,-863.601257,0,0,0
0.108459,-328.717682,-864.773499,0,0,0
0.107788,-329.160858,-865.930054,0,0,0
0.109558,-329.648804,-867.078552,0,0,0
0.110962,-330.184601,-868.203369,0,0,0
0.111877,-330.764313,-869.307556,1,898.545654,11.411506
0.10553,-331.334503,-870.329956,1,867.661499,111.181702
0.10553,-331.913605,-871.335022,1,920.976257,320.463684
0.105713,-332.495209,-872.321838,1,931.459595,376.211029
0.108215,-333.078278,-873.320862,1,873.555847,63.158482
0.106628,-333.659363,-874.278809,1,869.924927,33.614883
0.108215,-334.22525,-875.242615,1,869.178406,9.636674
0.107727,-334.741516,-876.217346,1,495.186188,148.344666
0.106079,-335.235931,-877.194885,1,511.857849,172.456726
0.108093,-335.709991,-878.202332,1,505.485474,130.861374
0.107239,-336.121002,-879.207886,1,847.644958,-9.69911
0.109131,-336.451965,-880.241699,1,866.931335,-47.554035
0.110718,-336.678467,-881.304077,1,814.278931,-30.368973
0.111328,-336.788788,-882.379211,1,704.080139,-9.94037
0.112061,-336.78595,-883.458252,1,671.621582,-90.26239
0.112549,-336.676361,-884.5224,1,717.93457,-106.636505
0.107727,-336.475891,-885.510864,1,746.605347,-96.151665
0.111633,-336.175842,-886.496765,1,792.733887,-114.813866
0.112976,-335.777954,-887.447021,1,621.893799,-86.688965
0.112488,-335.292694,-888.338562,1,639.275208,-77.942528
0.10968,-334.740601,-889.146912,1,697.089172,-83.6297
0.11322,-334.09845,-889.911621,1,781.069946,-93.765015
0.102234,-333.479065,-890.539795,1,822.675598,-88.154953
0.11377,-332.755585,-891.170532,1,900.174133,-67.846977
0.106384,-332.028076,-891.677429,1,915.313049,-171.783188
0.110046,-331.237549,-892.168152,1,900.528931,-205.064499
0.107605,-330.440643,-892.61969,1,900.461304,-166.88588
0.113708,-329.5784,-893.049316,1,909.958435,-150.896683
0.113159,-328.764618,-893.456482,1,925.181946,-134.315735
0.109314,-328.082123,-893.808838,1,1179.914917,-105.435661
0.107422,-327.484131,-894.108337,1,1212.28833,-50.180367
0.107239,-326.905975,-894.4422,1,1218.106812,-43.361214
0.107849,-326.315643,-894.830383,1,1385.909302,-278.822083
0.104797,-325.755066,-895.231323,1,1380.63855,-271.717407
0.109009,-325.200897,-895.65564,1,914.008728,-182.925858
0.106018,-324.689392,-896.075562,1,909.778076,-152.829666
0.112183,-324.184692,-896.529419,1,883.698853,-112.390358
0.107178,-323.744263,-896.975952,1,1152.985107,-40.892124
0.109863,-323.327667,-897.456848,1,1232.023438,60.649929
0.102051,-322.969177,-897.927368,1,1208.588989,66.766823
0.101135,-322.645782,-898.40564,1,1156.38562,46.697079
0.102051,-322.352661,-898.892029,1,1111.912354,42.639858
0.113464,-322.060272,-899.437012,1,1263.466431,30.241373
0.100403,-321.827179,-899.923462,1,1508.197876,45.411613
0.111084,-321.597961,-900.462219,1,1468.827759,95.618225
0.113342,-321.394287,-901.013306,1,1019.646057,96.686256
0.112549,-321.222137,-901.562256,1,989.640442,136.911514
0.108459,-321.083771,-902.090759,1,957.694763,173.847717
0.106995,-320.971649,-902.608948,1,930.167114,182.192383
0.102295,-320.881744,-903.100708,1,972.014832,87.78154
0.112976,-320.794708,-903.638367,1,953.094421,102.012634
0.114563,-320.711792,-904.176208,1,898.363953,28.146236
0.110474,-320.630096,-904.6875,1,898.443909,18.213989
0.109131,-320.545471,-905.186523,1,895.822021,0.177914
0.108398,-320.457611,-905.685547,1,801.552612,17.594534
0.111816,-320.361847,-906.216492,1,528.934998,77.481346
0.10968,-320.261444,-906.761963,1,534.47644,88.996025
0.107971,-320.15506,-907.328125,1,537.462769,91.292839
0.105713,-320.040741,-907.9245,1,594.518005,74.98558
0.106079,-319.914276,-908.568237,1,872.94812,-28.00342
0.107117,-319.773773,-909.263367,1,875.739136,-18.200289
0.105225,-319.622406,-909.989868,1,878.498352,-18.531141
0.103638,-319.459686,-910.747925,1,875.821716,-40.006859
0.108643,-319.27359,-911.588379,1,824.241394,-172.582626
0.110596,-319.066376,-912.490662,1,855.891052,-155.323364
0.1073,-318.846558,-913.412048,1,883.833252,58.924927
0.10437,-318.613342,-914.352234,1,874.282837,49.396698
0.101807,-318.364929,-915.310181,1,873.182617,22.621094
0.113831,-318.056335,-916.427185,1,866.420715,-1.379785
0.113037,-317.709503,-917.579834,1,865.273499,-8.678426
0.112915,-317.309937,-918.766357,1,612.827087,40.034744
0.112976,-316.841919,-919.974365,1,568.94635,89.372948
0.113464,-316.288727,-921.192139,1,594.909729,40.786831
0.101013,-315.717377,-922.262939,1,617.301086,23.703972
0.104248,-315.048248,-923.333008,1,651.585144,-9.78349
0.100281,-314.326935,-924.312012,1,864.257141,-76.251167
0.11377,-313.417908,-925.344788,1,835.071228,50.261108
0.104858,-312.500214,-926.208008,1,819.566895,47.158684
0.106018,-311.508026,-926.984741,1,779.315796,63.263412
0.105652,-310.469604,-927.657593,1,830.555664,-0.812886
0.112366,-309.327301,-928.25769,1,767.687073,-21.434256
0.113892,-308.142151,-928.742737,1,747.970276,-33.040405
0.109497,-306.988342,-929.087402,1,777.756592,-11.635004
0.112549,-305.797058,-929.31543,1,814.40564,2.163211
0.116333,-304.574585,-929.41449,1,844.936768,-17.685764
0.116577,-303.367859,-929.375,1,868.333984,122.118805
0.11438,-302.205994,-929.203918,1,906.172058,67.579285
0.100586,-301.20285,-928.94873,1,936.777222,48.328911
0.114746,-300.076477,-928.545288,1,974.435242,36.62553
0.106079,-299.046356,-928.079407,1,979.428162,32.982517
0.110229,-297.974854,-927.521179,1,997.545776,28.693798
0.104004,-296.946167,-926.942566,1,1003.302979,9.334433
0.112183,-295.797791,-926.285461,1,943.37085,-14.82581
0.1026,-294.702362,-925.680542,1,948.930298,-2.255351
0.105591,-293.521484,-925.07666,1,959.400208,-38.211842
0.108337,-292.252808,-924.499878,1,1318.022217,31.422453
0.104492,-290.974487,-924.000183,1,1293.131104,47.961449
0.106628,-289.616333,-923.557739,1,1241.073486,53.910309
0.107971,-288.190155,-923.185059,1,1203.182007,61.550652
0.112793,-286.649445,-922.880615,1,1154.158691,84.078636
0.104919,-285.174805,-922.677551,1,1107.509644,84.91304
0.109192,-283.601807,-922.551086,1,1052.748535,98.486183
0.106628,-282.033936,-922.515076,1,1013.706116,109.838165
0.103943,-280.480865,-922.566528,1,961.797302,117.094917
0.106079,-278.877045,-922.710083,1,919.168091,115.274254
0.106567,-277.254303,-922.950317,1,863.443542,134.777161
0.113098,-275.530853,-923.310059,1,802.81665,130.637924
0.107544,-273.901978,-923.751709,1,856.138367,94.939125
0.110413,-272.239258,-924.308716,1,887.218567,63.239162
0.109192,-270.606171,-924.955383,1,853.522095,143.247192
0.108459,-268.979279,-925.650879,1,867.213318,91.304169
0.111389,-267.289307,-926.359131,1,870.274963,69.908592
0.107056,-265.646484,-926.97699,1,897.653503,-3.886215
0.111694,-263.91156,-927.516113,1,889.601013,-32.665665
0.108582,-262.204254,-927.916504,1,860.818176,31.638313
0.111328,-260.441528,-928.194641,1,868.220703,77.747032
0.113831,-258.63678,-928.346313,1,914.058411,10.485143
0.107178,-256.944794,-928.381165,1,886.318481,68.882393
0.106384,-255.276413,-928.339905,1,903.046509,71.34166
0.108765,-253.582932,-928.254639,1,924.353333,109.189613
0.114746,-251.809113,-928.142639,1,941.609863,109.649399
0.100159,-250.270172,-928.03949,1,946.136169,111.307968
0.116272,-248.494965,-927.924438,1,972.358459,138.012772
0.11615,-246.731705,-927.819458,1,975.075989,157.047455
0.115417,-244.990585,-927.725464,1,981.727844,178.05751
0.110779,-243.32901,-927.644714,1,985.855774,183.677765
0.108215,-241.716232,-927.576355,1,903.414673,23.990271
0.111694,-240.060089,-927.519409,1,900.315002,18.259453
0.117432,-238.330978,-927.475708,1,892.90863,57.660133
0.102112,-236.83519,-927.451477,1,1114.169067,-274.451904
0.101746,-235.35376,-927.439331,1,1114.169067,-274.451904
0.115784,-233.67775,-927.437378,1,1114.169067,-274.451904
0.110413,-232.0896,-927.444885,1,1114.169067,-274.451904
0.107727,-230.54892,-927.459534,1,1114.169067,-274.451904
0.113586,-228.935471,-927.481873,1,918.85675,-17.911747
0.111938,-227.355057,-927.510864,1,850.145508,173.959564
0.100952,-225.938232,-927.543457,1,921.611267,327.353699
0.10614,-224.456741,-927.584473,1,933.445068,330.89743
0.102051,-223.041794,-927.629822,1,937.810608,348.303925
0.115234,-221.452713,-927.684021,1,931.613586,346.471436
0.114441,-219.885315,-927.737366,1,926.535889,352.897125
0.115906,-218.307068,-927.785645,1,966.135376,278.366425
0.116394,-216.732697,-927.825562,1,938.028137,238.555298
0.100525,-215.380112,-927.852295,1,906.863464,137.850739
0.101624,-214.020508,-927.872192,1,910.238586,126.636604
0.11615,-212.475815,-927.887146,1,900.441101,140.38353
0.11554,-210.948792,-927.894836,1,906.111572,135.080612
0.115845,-209.427521,-927.895996,1,906.985535,35.117783
0.11554,-207.920395,-927.890503,1,906.985535,35.117783
0.111206,-206.478943,-927.878784,1,906.985535,35.117783
0.108032,-205.104858,-927.861206,1,906.985535,35.117783
0.112793,-203.70076,-927.836731,0,0,0
0.109619,-202.367111,-927.807251,1,937.878113,-102.193939
0.110291,-201.05925,-927.772522,1,962.982544,151.968353
0.114868,-199.724243,-927.731262,1,961.06958,213.815964
0.114807,-198.398682,-927.684753,1,949.545959,273.946716
0.101074,-197.241028,-927.639709,1,945.557007,300.342163
0.115173,-195.934967,-927.58374,1,952.349426,318.408325
0.110596,-194.690445,-927.525574,1,953.559265,311.202728
0.110596,-193.460037,-927.463074,1,959.802429,304.607727
0.115417,-192.188568,-927.393433,1,974.071899,293.526947
0.100403,-191.092163,-927.330688,1,958.535522,294.81424
0.100952,-189.999512,-927.267761,1,1034.270996,218.969757
0.100037,-188.925522,-927.206665,1,1378.672363,-69.822754
0.116638,-187.684067,-927.139343,1,1379.380371,-67.818481
0.100281,-186.626785,-927.089233,1,919.150879,85.416046
0.100708,-185.573822,-927.048096,1,912.318359,138.957672
0.116638,-184.364716,-927.012817,1,974.558228,212.225769
0.116577,-183.168396,-926.990051,1,1005.793091,257.293091
0.115051,-181.998596,-926.977722,1,986.341797,249.162094
0.116821,-180.822876,-926.973267,1,909.150818,99.102791
0.116577,-179.660797,-926.975342,1,881.732483,78.827484
0.11676,-178.508606,-926.983398,1,898.006348,91.112556
0.116638,-177.369705,-926.997986,1,989.382935,238.324646
0.101318,-176.388931,-927.016052,1,978.228821,232.222168
0.101318,-175.417313,-927.03949,1,978.763611,225.373505
0.115051,-174.32399,-927.07251,1,1017.541016,177.150177
0.115356,-173.239288,-927.112244,1,1017.241943,179.499924
0.100098,-172.306915,-927.152283,1,1013.743652,179.781906
0.116272,-171.234131,-927.205872,1,1013.179565,176.149689
0.116577,-170.17012,-927.267822,1,1000.404175,168.170242
0.100281,-169.263885,-927.328308,1,874.310181,28.464115
0.10144,-168.355606,-927.395935,1,871.202271,30.650362
0.101013,-167.459686,-927.469543,1,874.650757,39.207432
0.115173,-166.448212,-927.56012,1,989.674072,159.395187
0.115845,-165.441483,-927.656189,1,978.654114,158.133499
0.115906,-164.44426,-927.754272,1,1011.694824,175.449783
0.100037,-163.591629,-927.839111,1,985.961182,190.306641
0.10022,-162.74437,-927.923584,1,997.769409,-46.195827
0.116455,-161.773239,-928.020813,1,998.955811,141.496292
0.100098,-160.974319,-928.101562,1,973.77002,-78.013451
0.100403,-160.214111,-928.179443,1,978.522461,19.417679
0.100342,-159.48291,-928.25592,1,1006.781616,85.23468
0.100098,-158.783081,-928.330688,1,1011.202026,101.169075
0.116333,-158.013245,-928.414612,1,1018.266235,119.998276
0.116394,-157.257645,-928.49823,1,941.400574,57.789249
0.116089,-156.521515,-928.580566,1,876.833496,30.279804
0.100037,-155.923019,-928.647156,1,879.441711,32.738529
0.10022,-155.360107,-928.709412,1,596.331238,85.159271
0.116821,-154.742981,-928.777039,1,318.039734,118.874474
0.116028,-154.17366,-928.83905,1,946.556702,67.867584
0.100098,-153.715958,-928.888733,1,955.855164,83.481369
0.10083,-153.282455,-928.935059,1,954.632874,96.227379
0.115906,-152.815262,-928.983398,1,892.464233,59.541046
0.116394,-152.375519,-929.02594,1,892.393677,44.328312
0.10083,-152.014984,-929.05835,1,888.638184,42.168434
0.116089,-151.620132,-929.091492,1,854.025208,114.895943
0.102539,-151.2892,-929.117004,1,848.08313,177.75145
0.114441,-150.939621,-929.142456,1,849.543457,182.898636
0.115967,-150.605194,-929.165405,1,959.057495,64.509659
0.116577,-150.284775,-929.186523,1,963.890625,79.404266
0.116455,-149.978683,-929.2052,1,896.898682,56.597622
0.100281,-149.726227,-929.218689,1,896.755615,48.489124
0.116455,-149.445999,-929.230896,1,897.971191,36.653477
0.116211,-149.180695,-929.238831,1,895.249268,41.284019
0.100159,-148.963318,-929.242981,1,881.640503,155.203705
0.116638,-148.722748,-929.245422,1,880.710876,160.925491
0.116455,-148.494675,-929.246216,1,877.208313,169.38884
0.116272,-148.272797,-929.246521,1,879.144775,115.686821
0.100342,-148.081238,-929.247742,1,878.652588,31.768278
0.100891,-147.888077,-929.250061,1,883.719421,41.531158
0.101868,-147.692474,-929.253845,1,888.965576,17.823608
0.100403,-147.499344,-929.25824,1,882.586426,8.033936
0.113647,-147.280701,-929.26355,1,879.088196,-2.716532
0.115295,-147.058762,-929.26886,1,1216.15625,-95.399155
0.110168,-146.846695,-929.273865,1,1338.125366,-94.266571
0.106445,-146.641373,-929.278625,1,1345.337402,-86.015503
0.116394,-146.416626,-929.283875,1,1384.197754,85.040161
0.10144,-146.220444,-929.288513,1,957.891907,159.034515
0.100037,-146.026886,-929.29303,1,916.387024,194.602936
0.100586,-145.83226,-929.29834,1,915.142761,200.073273
0.115417,-145.608627,-929.305664,1,918.697815,148.098007
0.100037,-145.414688,-929.314209,1,928.440796,44.363167
0.100159,-145.220718,-929.326111,1,931.569702,57.228352
0.116333,-144.995895,-929.345093,1,936.464966,85.134178
0.116455,-144.771362,-929.370056,1,1384.092651,122.57811
0.100342,-144.578262,-929.395691,1,1479.871582,140.958557
0.117004,-144.353683,-929.430054,1,1693.889771,107.078896
0.100708,-144.160995,-929.463318,1,1692.331299,96.724747
0.116516,-143.93869,-929.505798,1,1542.964844,68.714844
0.116211,-143.718338,-929.553406,1,976.020691,10.156593
0.100464,-143.529175,-929.599792,1,979.460938,19.327662
0.101379,-143.339844,-929.652161,1,990.874756,43.044605
0.11554,-143.12648,-929.718811,1,1688.581787,76.649727
0.116089,-142.914322,-929.792847,1,1660.047485,97.328926
0.116516,-142.703827,-929.873535,1,861.788818,66.674019
0.116333,-142.49585,-929.959534,1,869.273865,82.77317
0.100281,-142.31839,-930.037964,1,871.418091,89.343361
0.100037,-142.143433,-930.120178,1,1696.271729,31.243872
0.100037,-141.970673,-930.206909,1,1684.223145,69.084068
0.116577,-141.77269,-930.313843,1,1654.411499,64.203835
0.116455,-141.577133,-930.42804,1,913.765259,36.978691
0.115173,-141.37439,-930.555786,1,914.251526,50.915661
0.100342,-141.168167,-930.695068,1,919.208679,47.627808
0.10083,-140.930542,-930.866821,1,1586.561523,32.72398
0.116272,-140.624329,-931.108582,1,1568.380249,59.832802
0.115906,-140.302383,-931.391907,1,1530.319336,64.602524
0.100098,-140.03186,-931.658569,1,1780.228149,61.346977
0.116211,-139.737762,-931.985352,1,1748.188232,101.593582
0.115845,-139.468918,-932.324951,1,1686.032104,121.857544
0.114868,-139.225616,-932.672791,1,1665.49585,134.644592
0.107971,-139.01712,-933.008057,1,1735.181641,124.842308
0.10376,-138.835297,-933.336426,1,1674.529907,132.420761
0.103699,-138.67218,-933.669067,1,1517.803833,120.440361
0.102539,-138.529434,-934.000916,1,1127.935791,87.884773
0.104675,-138.402832,-934.34137,1,1108.049072,80.213943
0.111511,-138.288849,-934.704712,1,922.384155,29.807409
0.11554,-138.191666,-935.080811,1,925.611084,50.451328
0.107544,-138.116028,-935.429749,1,1045.471069,97.260849
0.105042,-138.050049,-935.768555,1,1174.87207,181.618332
0.104675,-137.986359,-936.102966,1,1125.903564,202.409363
0.104187,-137.922043,-936.431824,1,1097.615234,189.686096
0.105164,-137.854614,-936.75946,1,1003.765625,117.307259
0.105347,-137.783752,-937.082581,1,938.452026,19.452171
0.103455,-137.711151,-937.395569,1,938.581482,19.165386
0.111938,-137.630829,-937.729858,1,979.404358,46.233231
0.104736,-137.555817,-938.039124,1,1118.830566,154.632935
0.106018,-137.480759,-938.349365,1,1128.613403,150.993011
0.106934,-137.407135,-938.659729,1,1112.938721,132.720337
0.10553,-137.338104,-938.96405,1,935.755554,35.407597
0.105591,-137.274399,-939.267151,1,938.281372,45.386398
0.106384,-137.215714,-939.57074,1,931.346741,52.583199
0.10376,-137.163055,-939.865601,1,1165.606201,136.288376
0.107605,-137.112198,-940.169983,1,1159.069946,160.358475
0.10498,-137.065369,-940.465149,1,1148.428101,169.812088
0.101562,-137.021881,-940.749756,1,1130.438965,177.417389
0.102295,-136.97934,-941.03833,1,1141.248047,192.677109
0.103271,-136.936554,-941.341919,1,1125.927002,207.949722
0.101196,-136.892258,-941.675354,1,1117.752808,220.406342
0.104187,-136.844528,-942.063477,1,1083.651123,221.190445
0.106934,-136.794952,-942.509216,1,859.692505,52.29496
0.105225,-136.747375,-942.994019,1,860.40332,54.498543
0.102661,-136.703873,-943.510437,1,870.100647,58.74659
0.103882,-136.664871,-944.07489,1,1330.665405,-81.688469
0.101746,-136.633423,-944.66626,1,1339.756348,-84.141922
0.101501,-136.610626,-945.287598,1,1217.867676,-53.808105
0.100891,-136.597992,-945.938232,1,876.142273,51.354778
0.100952,-136.596786,-946.629395,1,867.107361,72.632454
0.100891,-136.608612,-947.362122,1,926.948975,61.342186
0.101868,-136.635513,-948.145752,1,1327.740356,-98.603905
0.105042,-136.681305,-949.000366,1,1098.858032,56.757957
0.10553,-136.747467,-949.905151,1,916.146118,192.169067
0.101929,-136.829147,-950.823242,1,922.891357,173.434906
0.102234,-136.92305,-951.789185,1,917.357666,213.54361
0.113159,-137.031342,-952.908691,1,903.982117,205.337769
0.100342,-137.124756,-953.9422,1,905.876099,210.853683
0.10144,-137.212006,-955.009399,1,906.009277,225.17189
0.103943,-137.290176,-956.107178,1,905.533081,219.54187
0.109253,-137.354523,-957.244507,1,911.654175,208.2547
0.108032,-137.398956,-958.356018,1,915.858398,194.957977
0.108643,-137.427841,-959.464844,1,868.513306,209.358978
0.105408,-137.44664,-960.529419,1,887.443909,225.883301
0.107056,-137.459808,-961.602966,1,896.602966,226.633087
0.104431,-137.468307,-962.642151,1,921.669983,244.386795
0.101257,-137.472794,-963.639832,1,920.157593,256.735443
0.116272,-137.472214,-964.77533,1,915.030273,262.21283
0.110413,-137.464127,-965.846008,1,921.256104,260.958832
0.106201,-137.448608,-966.878174,1,924.522278,272.605713
0.108948,-137.42543,-967.951721,1,935.901062,270.672729
0.105469,-137.397476,-969.02771,1,939.133606,272.868134
0.103699,-137.366104,-970.13092,1,985.602051,237.711548
0.105469,-137.332077,-971.297913,1,994.960999,225.438599
0.108337,-137.298187,-972.544434,1,987.483215,220.448654
0.100098,-137.273376,-973.738708,1,981.691833,228.453018
0.109009,-137.259949,-975.087402,1,978.151489,216.122955
0.107605,-137.26503,-976.468445,1,1005.987854,230.461105
0.104797,-137.290436,-977.862488,1,990.548157,218.261505
0.10498,-137.337311,-979.305603,1,974.901611,226.037994
0.106262,-137.407211,-980.81488,1,883.905945,99.630592
0.103577,-137.499084,-982.328796,1,861.467712,59.537651
0.107483,-137.619629,-983.918274,1,875.009216,71.392151
0.104492,-137.756973,-985.430969,1,896.354431,248.548889
0.102722,-137.908768,-986.90155,1,888.448303,252.500443
0.10321,-138.071457,-988.367554,1,877.057739,249.150146
0.103577,-138.23703,-989.817017,1,871.970337,257.793365
0.10376,-138.399963,-991.261536,1,848.057495,259.219513
0.102966,-138.55188,-992.685791,1,847.016968,257.770081
0.1026,-138.688263,-994.091431,1,854.318359,251.857895
0.100647,-138.805862,-995.461731,1,854.435486,250.796295
0.106689,-138.913025,-996.901062,1,860.127502,247.029739
0.104187,-139.001572,-998.29425,1,866.280151,253.57193
0.104797,-139.075699,-999.685059,1,873.75592,244.599442
0.106262,-139.135773,-1001.083191,1,885.982239,237.262619
0.104614,-139.181183,-1002.44812,1,886.057495,236.555267
0.105652,-139.214218,-1003.81488,1,898.776245,204.177048
0.106812,-139.235657,-1005.183899,1,894.414124,80.142593
0.108032,-139.246918,-1006.556458,1,1146.805908,288.913635
0.1073,-139.249268,-1007.907471,1,948.629822,16.92016
0.108643,-139.243866,-1009.262817,1,948.631104,84.348564
0.104431,-139.231781,-1010.553223,1,933.940186,122.01297
0.10791,-139.212372,-1011.875671,1,915.36084,166.936432
0.107178,-139.186157,-1013.176025,1,914.084106,190.69841
0.112488,-139.15123,-1014.529053,1,922.674133,214.272964
0.104858,-139.114304,-1015.778442,1,931.733643,210.49823
0.109436,-139.075684,-1017.069824,1,946.997437,193.997421
0.106384,-139.042099,-1018.315002,1,949.9552,206.144043
0.109558,-139.014664,-1019.5849,1,941.692871,200.04982
0.106201,-138.998627,-1020.804993,1,919.53894,222.796265
0.111023,-138.995544,-1022.069702,1,917.321472,199.663132
0.106018,-139.006302,-1023.266052,1,902.959351,193.393539
0.10907,-139.030838,-1024.485107,1,903.105896,202.295166
0.108276,-139.067551,-1025.683716,1,959.736572,191.281372
0.115112,-139.118988,-1026.945801,1,949.086975,200.534821
0.11554,-139.182388,-1028.200073,1,310.486389,141.524307
0.112549,-139.254913,-1029.408936,1,295.678101,175.484711
0.107788,-139.334137,-1030.55542,1,627.688843,190.693024
0.112915,-139.42717,-1031.744019,1,928.315552,220.70253
0.115173,-139.532532,-1032.944702,1,916.849731,238.008575
0.100403,-139.632263,-1033.980347,1,916.719849,229.111206
0.103271,-139.740295,-1035.035645,1,857.287598,228.166962
0.100281,-139.847351,-1036.051392,1,844.810974,218.996063
0.11554,-139.96907,-1037.211304,1,830.709595,210.867447
0.100281,-140.070923,-1038.209473,1,823.580933,215.389969
0.116455,-140.183136,-1039.357544,1,821.295715,184.76059
0.11615,-140.286484,-1040.49231,1,827.25293,180.621536
0.100586,-140.367508,-1041.466675,1,831.595764,172.194305
0.115845,-140.450836,-1042.578979,1,1337.077881,213.488388
0.115295,-140.521851,-1043.675781,1,1408.315308,274.383209
0.112183,-140.575897,-1044.733276,1,1469.461548,263.776886
0.108398,-140.612564,-1045.746216,1,1512.168091,278.437042
0.111755,-140.633606,-1046.781006,1,821.760132,149.651474
0.109863,-140.637741,-1047.788818,1,845.428955,162.335831
0.108948,-140.626465,-1048.777954,1,854.397095,186.45018
0.115234,-140.600693,-1049.814819,1,865.717224,197.492523
0.11554,-140.56517,-1050.842896,1,859.593079,179.566833
0.103821,-140.525711,-1051.757812,1,873.35437,172.445984
0.113892,-140.474762,-1052.752075,1,855.355103,154.631287
0.112061,-140.416153,-1053.720459,1,846.270813,160.241852
0.111084,-140.349289,-1054.666504,1,850.903809,158.917953
0.110718,-140.27565,-1055.570679,1,849.054077,155.850922
0.112915,-140.197357,-1056.419067,1,842.314758,211.829147
0.112976,-140.118683,-1057.18457,1,842.584778,241.615463
0.108765,-140.043808,-1057.854736,1,840.401184,252.627563
0.115356,-139.966919,-1058.501953,1,858.882568,250.976089
0.101868,-139.90155,-1059.030029,1,862.459351,254.484344
0.11499,-139.829559,-1059.599854,1,875.646484,-177.130783
0.115417,-139.76091,-1060.139282,1,907.5802,120.025185
0.107666,-139.701279,-1060.606567,1,913.416626,135.683105
0.109009,-139.645325,-1061.043091,1,902.311707,196.908966
0.108521,-139.593979,-1061.440796,1,897.908508,293.247314
0.10675,-139.547638,-1061.796753,1,783.425415,-32.33263
0.106628,-139.505432,-1062.11853,1,783.425415,-32.33263
0.108032,-139.466919,-1062.4104,1,783.425415,-32.33263
0.105652,-139.433456,-1062.662231,1,783.425415,-32.33263
0.109924,-139.402878,-1062.891602,1,783.425415,-32.33263
0.105652,-139.377335,-1063.082886,0,0,0
0.113953,-139.353409,-1063.262085,1,839.682739,28.24189
0.111755,-139.333084,-1063.414062,1,871.92395,125.576088
0.106812,-139.31601,-1063.541138,1,882.42395,276.229645
0.105286,-139.301132,-1063.652466,1,872.436401,314.925812
0.101624,-139.288177,-1063.75061,1,875.724792,315.266357
0.100708,-139.276215,-1063.842285,1,874.160034,302.508057
0.110535,-139.263702,-1063.939331,1,883.143799,318.218109
0.115845,-139.251053,-1064.03772,1,403.545227,261.671936
0.101135,-139.240326,-1064.121216,1,405.778076,284.144531
0.100891,-139.229843,-1064.202881,1,216.922394,311.850433
0.115906,-139.217987,-1064.2948,1,218.525253,338.914459
0.116028,-139.206223,-1064.385986,1,199.34024,358.43161
0.115845,-139.194534,-1064.476318,1,448.655396,335.796936
0.100708,-139.184464,-1064.555054,1,570.757141,333.67392
0.115906,-139.172836,-1064.645508,1,714.673828,288.441528
0.100586,-139.162735,-1064.724731,1,929.09259,275.537445
0.115967,-139.15097,-1064.816284,1,932.836731,282.958221
0.116516,-139.139114,-1064.908691,1,663.026855,328.265381
0.116638,-139.127151,-1065.001953,1,938.615662,435.13031
0.101013,-139.116669,-1065.083374,1,984.920898,435.835358
0.101135,-139.106094,-1065.165649,1,1024.227905,443.238983
0.114563,-139.093979,-1065.259888,1,1033.494873,471.206451
0.11615,-139.081497,-1065.3573,1,1002.406677,443.112549
0.116394,-139.068802,-1065.456543,1,889.835449,172.229889
0.116089,-139.055923,-1065.557129,1,900.425232,167.553879
0.100769,-139.044586,-1065.645752,1,914.247437,321.840149
0.113708,-139.031631,-1065.747192,1,912.848999,328.097717
0.101807,-139.019852,-1065.839355,1,914.703735,324.526733
0.103638,-139.007736,-1065.934326,1,905.058533,294.51532
0.103821,-138.995453,-1066.030762,1,866.849121,288.624054
0.105164,-138.982834,-1066.129639,1,865.711731,279.782135
0.104126,-138.970245,-1066.22876,1,873.441589,281.368896
0.105591,-138.957306,-1066.330444,1,871.323608,289.882782
0.105713,-138.944183,-1066.433838,1,868.692139,273.58725
0.104919,-138.930023,-1066.544434,1,875.381226,257.59259
0.106262,-138.909637,-1066.694946,1,860.359009,255.352707
0.108521,-138.878616,-1066.897217,1,855.260803,234.12558
0.105713,-138.833725,-1067.139404,1,862.515076,212.881607
0.108704,-138.766953,-1067.432983,1,869.429016,163.472107
0.104736,-138.679062,-1067.756348,1,874.47644,157.591507
0.109009,-138.559799,-1068.134888,1,892.718811,173.487885
0.10553,-138.414398,-1068.540161,1,822.311401,67.540306
0.104187,-138.237534,-1068.974854,1,507.81955,21.669149
0.107788,-138.012863,-1069.457397,1,496.884949,4.393102
0.106445,-137.742599,-1069.958862,1,128.963348,38.922283
0.108582,-137.411896,-1070.488159,1,1204.355835,-164.468307
0.106506,-137.028198,-1071.016479,1,1355.238159,-125.38987
0.100403,-136.610046,-1071.515015,1,1396.963867,-60.097458
0.100586,-136.134354,-1072.007324,1,1191.264648,-15.813519
0.110962,-135.541916,-1072.534546,1,560.776428,80.999428
0.107361,-134.900406,-1073.017456,1,615.054504,94.9076
0.113037,-134.154022,-1073.484985,1,640.054871,87.486755
0.112854,-133.338242,-1073.896484,1,662.715576,82.246765
0.100403,-132.557205,-1074.205688,1,727.12793,77.022774
0.105286,-131.688019,-1074.463257,1,784.198303,73.073334
0.103027,-130.793427,-1074.64209,1,793.138306,60.314529
0.100098,-129.889206,-1074.741943,1,801.075378,101.220901
0.116089,-128.803986,-1074.769653,1,861.572815,130.303864
0.116577,-127.675812,-1074.71875,1,924.153687,132.881577
0.100464,-126.675835,-1074.627563,1,965.63324,118.269325
0.116333,-125.520737,-1074.487061,1,997.865295,109.207253
0.100281,-124.548981,-1074.348633,1,900.168701,3.496199
0.100525,-123.582474,-1074.195068,1,909.33429,-4.854283
0.116333,-122.479546,-1074.003784,1,919.180237,-23.649719
0.100769,-121.535576,-1073.840088,1,900.292725,-5.410028
0.102112,-120.580864,-1073.688721,1,900.673218,-19.946449
0.111938,-119.540939,-1073.558105,1,1123.506836,114.470467
0.101807,-118.600761,-1073.488892,1,1106.810303,110.847694
0.101196,-117.672798,-1073.478882,1,1075.971191,115.465263
0.101685,-116.752167,-1073.531738,1,1263.610107,129.632217
0.104187,-115.823143,-1073.646362,1,1231.888672,118.065163
0.108826,-114.870499,-1073.823486,1,1097.838135,107.556992
0.103027,-113.988541,-1074.037964,1,975.31012,122.715714
0.101135,-113.142609,-1074.287231,1,924.089783,135.896347
0.102783,-112.302948,-1074.577148,1,889.510498,144.592911
0.108093,-111.441681,-1074.915283,1,848.87793,142.438965
0.101379,-110.649284,-1075.253906,1,826.142334,135.887314
0.100098,-109.878677,-1075.595703,1,797.442261,131.755905
0.116028,-109.014397,-1075.977661,1,771.499939,129.790848
0.100342,-108.304276,-1076.277954,1,712.989441,150.880859
0.100403,-107.614288,-1076.546753,1,728.610535,153.17276
0.100037,-106.944672,-1076.779419,1,739.01178,143.297073
0.105164,-106.268707,-1076.986938,1,715.230774,140.297455
0.105103,-105.607407,-1077.16687,1,735.513611,133.590927
0.105347,-104.933067,-1077.33313,1,857.041199,25.790684
0.101257,-104.284363,-1077.47998,1,881.189453,26.891262
0.101257,-103.653389,-1077.611938,1,939.724182,10.031963
0.100708,-103.037247,-1077.730835,1,1349.829956,-98.551651
0.100037,-102.426392,-1077.842041,1,1026.956177,6.779994
0.10022,-101.820305,-1077.947876,1,800.63501,193.691422
0.116272,-101.134995,-1078.064453,1,825.829773,254.923828
0.116394,-100.46122,-1078.178345,1,816.477722,271.740997
0.115906,-99.796394,-1078.292236,1,812.668884,275.670685
0.113831,-99.15699,-1078.403564,1,814.211914,262.620422
0.103943,-98.586563,-1078.503662,1,817.896545,241.227142
0.103455,-98.025772,-1078.601929,1,814.353088,232.695724
0.109314,-97.441116,-1078.703613,1,808.331421,225.708115
0.100586,-96.912315,-1078.793945,1,801.621582,202.030869
0.116028,-96.311684,-1078.894043,1,812.690308,221.606155
0.116699,-95.690781,-1078.994507,1,819.34906,194.429688
0.116516,-95.016403,-1079.099243,1,827.108887,181.8134
0.100586,-94.389183,-1079.19043,1,827.864441,172.893478
0.100525,-93.719589,-1079.279541,1,842.905273,83.770454
0.10376,-92.983467,-1079.367554,1,855.534729,-7.343255
0.105469,-92.187012,-1079.452026,1,858.422485,30.325148
0.106079,-91.337273,-1079.530396,1,861.298279,137.641663
0.100708,-90.485191,-1079.59668,1,864.040039,158.689728
0.116211,-89.446678,-1079.661011,1,878.070984,158.533264
0.116211,-88.349457,-1079.709229,1,902.321899,142.176437
0.100891,-87.349213,-1079.735352,1,907.303955,157.016418
0.116089,-86.1436,-1079.744629,1,880.721436,93.343903
0.10022,-85.056,-1079.733276,1,866.564026,33.865173
0.101135,-83.91597,-1079.703857,1,879.227539,43.517487
0.100769,-82.735062,-1079.660889,1,897.885437,75.000496
0.101013,-81.508171,-1079.607422,1,967.217896,161.073105
0.102844,-80.214996,-1079.544922,1,984.177246,187.90332
0.10675,-78.827065,-1079.47522,1,996.401123,179.34346
0.103882,-77.430519,-1079.406616,1,998.488098,182.979935
0.100403,-76.038445,-1079.345703,1,994.269531,198.513153
0.115479,-74.384178,-1079.288696,1,990.070923,200.918045
0.116028,-72.662079,-1079.247681,1,985.154785,208.320831
0.116699,-70.870972,-1079.221069,1,976.097168,193.272186
0.100342,-69.281937,-1079.207764,1,955.876831,182.082962
0.116577,-67.379875,-1079.200684,1,1130.456787,77.097267
0.115967,-65.428658,-1079.200806,1,874.050171,75.104156
0.117004,-63.399727,-1079.20874,1,939.437256,67.261467
0.100342,-61.615112,-1079.223877,1,934.796021,119.408882
0.116821,-59.48732,-1079.252686,1,937.362976,145.112274
0.100159,-57.622543,-1079.280151,1,932.399475,159.380157
0.10022,-55.721596,-1079.298706,1,907.451721,188.722092
0.103271,-53.724819,-1079.301514,1,913.166626,188.694992
0.11554,-51.446606,-1079.279053,1,912.666931,191.890106
0.115295,-49.129704,-1079.227783,1,888.338013,179.854767
0.111755,-46.840557,-1079.151489,1,899.170044,178.669022
0.103516,-44.684456,-1079.0625,1,971.737976,173.061508
0.100159,-42.565861,-1078.965088,1,974.465332,178.435104
0.116394,-40.063763,-1078.84375,1,1003.178101,159.988098
0.101685,-37.843822,-1078.732666,1,1012.188721,156.145706
0.101562,-35.594009,-1078.617554,1,1023.653442,160.731583
0.100464,-33.33918,-1078.500366,1,1012.72821,160.342407
0.108276,-30.873878,-1078.37146,1,1030.796387,150.347794
0.108337,-28.375923,-1078.241211,1,1040.402954,152.055939
0.111694,-25.788704,-1078.108276,1,1039.605835,151.879669
0.102356,-23.437042,-1077.991699,1,1050.180176,156.920593
0.102356,-21.100325,-1077.887939,1,991.514832,155.766846
0.107788,-18.690624,-1077.809692,1,1002.338989,158.617218
0.106201,-16.371996,-1077.785278,1,1001.840393,159.902328
0.102051,-14.213231,-1077.823975,1,1112.676514,133.138123
0.102356,-12.12982,-1077.923096,1,1116.223755,139.29483
0.109009,-10.007614,-1078.086548,1,1025.834106,139.036545
0.102112,-8.116743,-1078.278442,1,913.719299,167.007172
0.121765,-5.975469,-1078.520508,1,922.596802,180.878677
0.110962,-4.110879,-1078.699951,1,923.796143,120.951492
0.107056,-2.376992,-1078.792603,1,937.009399,101.716087
0.109863,-0.64656,-1078.779297,1,964.512207,88.61219
0.102051,0.912844,-1078.66272,1,1008.747498,77.06163
0.100586,2.390015,-1078.463867,1,1022.86615,68.321007
0.100891,3.796508,-1078.198975,1,824.72998,87.124023
0.102112,5.137208,-1077.878784,1,854.597351,84.501328
0.11084,6.508298,-1077.478394,1,763.885193,62.539574
0.107056,7.752414,-1077.041016,1,791.491516,62.986992
0.10907,8.932435,-1076.54187,1,819.539734,90.418243
0.102722,9.963385,-1076.020996,1,931.964966,89.254135
0.109314,10.978348,-1075.42627,1,957.305603,69.216095
0.105225,11.890473,-1074.837402,1,983.915527,77.86657
0.116333,12.849185,-1074.202148,1,1010.149719,77.769096
0.116638,13.774717,-1073.613647,1,1008.74646,66.40609
0.100098,14.550813,-1073.157471,1,1001.392456,57.244961
0.101257,15.318689,-1072.742798,1,955.409607,152.562637
0.105469,16.09304,-1072.355835,1,937.499634,168.160965
0.109863,16.850525,-1071.998047,1,932.033142,158.862549
0.101624,17.492468,-1071.702393,1,859.863525,148.998856
0.100525,18.072844,-1071.43335,1,846.21106,95.159172
0.115967,18.683455,-1071.147339,1,893.632324,-18.495014
0.11554,19.23811,-1070.887451,1,892.116943,8.767959
0.103088,19.696787,-1070.668457,1,888.938477,57.127724
0.107056,20.139095,-1070.436768,1,880.502747,15.640819
0.106262,20.552176,-1070.206665,1,660.765381,-1.569156
0.102783,20.926159,-1069.989502,1,372.038025,39.279507
0.102661,21.268311,-1069.781616,1,393.701874,52.991764
0.107605,21.590683,-1069.575073,1,396.835327,78.504089
0.102478,21.862036,-1069.383179,1,401.485046,121.063026
0.100159,22.093172,-1069.20105,1,507.268341,162.052444
0.116394,22.322075,-1069.003418,1,844.984558,35.966797
0.116211,22.515175,-1068.828247,1,849.795654,9.629278
0.100403,22.658482,-1068.696411,1,854.424805,-21.743528
0.116333,22.799189,-1068.567505,1,852.86261,-40.868484
0.103027,22.90036,-1068.474609,1,861.251099,-31.805496
0.100525,22.976921,-1068.4021,1,858.97467,-51.365932
0.108521,23.035023,-1068.344482,1,835.996948,-47.505417
0.103516,23.067955,-1068.310303,1,864.247681,-34.391338
0.10083,23.087704,-1068.289795,1,863.489258,-40.079723
0.116394,23.110994,-1068.268433,1,866.167786,-44.979713
0.100159,23.13328,-1068.249756,1,864.522583,-34.472809
0.100098,23.157192,-1068.230225,1,864.293091,-35.425964
0.101318,23.182524,-1068.208862,1,833.710266,91.309746
0.116638,23.226913,-1068.170288,1,834.114746,106.485992
0.115295,23.317606,-1068.100952,1,268.916077,133.412476
0.116455,23.458515,-1068.001953,1,273.277039,152.441406
0.115295,23.640081,-1067.873169,1,137.798798,166.693832
0.116577,23.860174,-1067.694824,1,30.766411,210.498291
0.115906,24.116787,-1067.463501,1,541.046021,127.025528
0.116516,24.411821,-1067.18396,1,838.568115,110.657234
0.100037,24.696344,-1066.91333,1,873.141174,81.693748
0.116577,25.069738,-1066.568848,1,884.120605,69.297195
0.115906,25.488548,-1066.19812,1,873.941223,58.960995
0.100464,25.888142,-1065.862549,1,887.332581,201.58606
0.11615,26.378941,-1065.429321,1,895.247253,235.018356
0.112427,26.86499,-1064.947998,1,849.917725,13.418505
0.107422,27.333719,-1064.427979,1,865.139221,-11.403201
0.113281,27.830988,-1063.819824,1,860.0672,2.204068
0.108643,28.311012,-1063.180786,1,235.550919,82.669571
0.105774,28.779373,-1062.504883,1,297.707489,80.9944
0.104065,29.232645,-1061.78479,1,363.771179,83.361954
0.109985,29.688667,-1060.961426,1,845.507019,-38.329803
0.112183,30.115698,-1060.056763,1,851.261902,-1.572065
0.110779,30.493572,-1059.104492,1,841.48291,-21.697823
0.111328,30.833395,-1058.093384,1,836.896606,-48.569141
0.102478,31.120991,-1057.119995,1,669.604614,79.189919
0.107178,31.406273,-1056.068604,1,712.369507,171.613281
0.104614,31.671684,-1055.045166,1,764.868896,211.161087
0.104248,31.928871,-1054.044312,1,890.459717,-39.076374
0.108704,32.199425,-1053.006104,1,891.25293,-30.554829
0.106995,32.466167,-1051.999512,1,1296.457153,-164.745331
0.106689,32.729202,-1051.004883,1,1360.466064,-148.349274
0.110107,32.99221,-1049.982788,1,747.090515,74.208641
0.104858,33.22773,-1049.015991,1,758.721008,155.397934
0.10791,33.4519,-1048.026611,1,745.928101,196.916351
0.106384,33.65519,-1047.056396,1,721.313904,214.239075
0.109558,33.846279,-1046.064575,1,748.941895,205.742752
0.106812,34.013176,-1045.102661,1,758.869995,212.772797
0.113892,34.165798,-1044.083984,1,767.224243,281.542358
0.105469,34.28162,-1043.146729,1,754.159607,296.399628
0.113586,34.382057,-1042.143677,1,884.654541,104.353577
0.116272,34.465309,-1041.125244,1,912.114807,39.490818
0.116333,34.539604,-1040.115112,1,882.209412,12.08491
0.114624,34.612141,-1039.130493,1,879.708008,44.926975
0.109375,34.685776,-1038.199707,1,872.954773,113.855553
0.104797,34.761131,-1037.316895,1,867.169739,202.538116
0.103455,34.837151,-1036.465332,1,874.097656,214.058868
0.102478,34.909431,-1035.664551,1,875.127808,231.989044
0.108032,34.980927,-1034.860596,1,868.09552,229.073975
0.10675,35.046577,-1034.095093,1,836.746948,238.634277
0.10675,35.108807,-1033.337402,1,847.852783,311.729309
0.10376,35.17028,-1032.562012,1,875.751709,239.635254
0.1026,35.2328,-1031.751465,1,871.068054,220.518982
0.102539,35.296936,-1030.89856,1,869.338806,-0.485428
0.103577,35.362949,-1029.993652,1,869.746094,-0.429175
0.106995,35.431679,-1029.013062,1,875.9505,24.184975
0.106812,35.499798,-1027.98584,1,870.560181,22.969707
0.103821,35.564442,-1026.94104,1,873.91925,23.841576
0.105347,35.627712,-1025.833984,1,876.109009,12.644414
0.106873,35.688976,-1024.661743,1,875.037231,18.542173
0.108826,35.747452,-1023.418701,1,898.62262,106.955719
0.106201,35.800419,-1022.157532,1,914.355591,220.201401
0.103699,35.84853,-1020.880859,1,906.841187,213.027023
0.108398,35.895916,-1019.498474,1,912.346313,229.398834
0.104553,35.940002,-1018.118591,1,911.350098,230.43898
0.104919,35.983517,-1016.68811,1,913.906372,235.2444
0.106873,36.027527,-1015.183289,1,913.502686,224.184601
0.105469,36.07053,-1013.652222,1,899.814941,225.906998
0.104492,36.11208,-1012.090942,1,918.856995,204.038483
0.108154,36.153175,-1010.436035,1,926.746338,218.710678
0.104187,36.190418,-1008.802612,1,920.064819,214.704086
0.104004,36.225403,-1007.127502,1,920.328369,192.242706
0.104553,36.25856,-1005.39502,1,932.764526,205.319702
0.101501,36.288498,-1003.667847,1,945.993713,198.526794
0.10437,36.31601,-1001.846436,1,868.796082,28.981792
0.101868,36.338619,-1000.021057,1,865.454895,19.850613
0.10498,36.35545,-998.094727,1,972.979431,158.646805
0.101624,36.363518,-996.188477,1,976.067261,189.456955
0.113525,36.360847,-994.012329,1,992.00592,187.646423
0.113098,36.343563,-991.799255,1,964.852539,190.555359
0.115479,36.308941,-989.492737,1,976.03479,170.407776
0.102112,36.26305,-987.416931,1,984.939514,182.864822
0.100769,36.203152,-985.333435,1,988.953308,163.394516
0.102905,36.126694,-983.169922,1,1003.855347,163.745682
0.105286,36.032322,-980.922363,1,1009.070679,168.53244
0.106201,35.919949,-978.61969,1,1021.705872,158.130951
0.10321,35.79356,-976.347534,1,1033.629883,139.750198
0.104553,35.64724,-974.012878,1,1053.583008,138.071136
0.109314,35.473438,-971.538696,1,1067.286621,141.506729
0.112305,35.271145,-968.95929,1,1086.674683,120.230804
0.104858,35.059719,-966.521057,1,1091.278198,126.624657
0.105774,34.823444,-964.034851,1,1118.133301,126.180878
0.104187,34.570766,-961.595398,1,1153.005127,124.251404
0.106445,34.292393,-959.124207,1,1170.025879,126.796089
0.110352,33.984192,-956.586121,1,1191.28772,145.309525
0.108032,33.682056,-954.133301,1,901.93219,47.379879
0.116028,33.413616,-951.553589,1,895.340332,16.699572
0.116272,33.262581,-949.019897,1,902.776367,22.412811
0.115417,33.262459,-946.552856,1,1275.456665,84.658386
0.100647,33.388332,-944.451538,1,1244.140747,92.473915
0.115601,33.664078,-942.110718,1,1212.4823,71.405731
0.116089,34.061123,-939.854858,1,1187.818237,56.256222
0.115295,34.55352,-937.716431,1,1188.097046,68.687325
0.109802,35.103561,-935.774292,1,1225.835815,70.403656
0.114807,35.762779,-933.842468,1,1208.29126,48.211678
0.114258,36.506054,-932.019531,1,1177.542969,34.83403
0.116272,37.348316,-930.272583,1,1147.969238,26.144087
0.106079,38.180939,-928.780212,1,1400.512573,-18.535143
0.112732,39.114468,-927.304871,1,1360.861084,87.24144
0.110046,40.058426,-925.975708,1,1382.602417,47.641747
0.109741,41.012184,-924.757324,1,1078.645142,-12.109764
0.112122,41.988789,-923.618835,1,1083.161743,46.592815
0.112976,42.96973,-922.582092,1,1161.061768,24.870079
0.114746,43.963646,-921.640991,1,1286.460083,8.384732
0.112305,44.932106,-920.831787,1,1280.644287,25.535967
0.112732,45.896358,-920.129639,1,1374.69812,-85.419022
0.113953,46.85252,-919.530029,1,1385.756226,-84.793442
0.111938,47.760246,-919.043823,1,1148.590576,-33.441212
0.109924,48.608696,-918.659729,1,893.604431,4.636362
0.112,49.420856,-918.357849,1,894.236328,-28.439869
0.105347,50.133541,-918.152222,1,891.372864,-19.31287
0.110779,50.829136,-918.014404,1,879.148926,-11.181704
0.106323,51.445728,-917.954712,1,878.512329,2.244379
0.109253,52.020695,-917.966125,1,1146.767334,93.150169
0.116455,52.562447,-918.051941,1,1108.990723,118.104202
0.101135,52.963383,-918.175415,1,837.646606,17.800272
0.101196,53.29541,-918.330078,1,812.554688,47.90992
0.100464,53.568832,-918.496033,1,844.679626,96.016304
0.114258,53.826908,-918.680237,1,833.622681,-21.670908
0.115173,54.041134,-918.847168,1,833.622681,-21.670908
0.116577,54.216957,-918.989014,1,833.622681,-21.670908
0.116577,54.355431,-919.100891,1,874.586975,-141.522125
0.116882,54.458782,-919.182007,1,879.811401,-68.305855
0.10199,54.518909,-919.227722,1,870.540771,2.956154
0.115479,54.551628,-919.251709,1,863.850037,19.663303
0.114868,54.554508,-919.252808,1,858.542358,32.588318
0.100281,54.551414,-919.248901,1,860.662048,3.074177
0.100098,54.548824,-919.244934,1,853.776733,-2.163575
0.100159,54.548409,-919.243103,1,856.737305,-13.774695
0.115967,54.549809,-919.24353,1,854.256531,4.539252
0.100769,54.550995,-919.244934,1,851.191528,-37.112839
0.103027,54.551247,-919.246277,1,827.791199,-82.574585
0.114746,54.550571,-919.246826,1,827.155334,-15.285052
0.114868,54.550797,-919.247314,1,661.778748,93.594742
0.11676,54.553818,-919.248779,1,559.507629,204.031387
0.116577,54.5597,-919.251587,1,522.586182,168.562622
0.115723,54.568581,-919.255981,1,534.792236,186.017197
0.100525,54.582886,-919.26355,1,533.64032,201.070679
0.100281,54.616257,-919.281555,1,536.411316,197.833618
0.116028,54.700321,-919.326843,1,760.049438,50.689678
0.116638,54.83474,-919.398987,1,887.114014,-24.333004
0.116394,55.018486,-919.497375,1,847.930176,-157.38147
0.115967,55.250282,-919.621399,1,847.930176,-157.38147
0.114685,55.528034,-919.770508,1,847.930176,-157.38147
0.110046,55.840508,-919.938599,1,847.930176,-157.38147
0.109131,56.193707,-920.129333,1,739.574219,111.546616
0.115906,56.616776,-920.358948,1,742.585876,127.761795
0.10022,57.021286,-920.579651,1,739.798157,168.663559
0.100159,57.461025,-920.820618,1,624.768494,166.07663
0.11676,58.018948,-921.126892,1,491.251831,196.422318
0.116516,58.623898,-921.459717,1,477.992065,182.366058
0.116211,59.274822,-921.819702,1,460.929321,184.173248
0.100098,59.873188,-922.153748,1,852.329529,17.584351
0.100403,60.507534,-922.512512,1,851.440918,35.421658
0.116028,61.281364,-922.958496,1,799.976807,45.978634
0.115112,62.094635,-923.434998,1,685.990479,134.724121
0.114502,62.94989,-923.937195,1,773.720703,46.579842
0.103821,63.768463,-924.410706,1,840.726013,71.801201
0.116882,64.745056,-924.95459,1,847.902466,82.034966
0.115967,65.777634,-925.491516,1,830.676575,95.893372
0.100647,66.727783,-925.943176,1,685.197876,119.265465
0.10022,67.722832,-926.367371,1,706.14624,97.297707
0.115356,68.926994,-926.813843,1,727.354065,86.81002
0.100708,70.028687,-927.161194,1,687.967041,71.386879
0.100464,71.173195,-927.464539,1,703.862122,62.702816
0.11615,72.550079,-927.756775,1,748.387329,92.186043
0.10022,73.783386,-927.954041,1,769.838501,113.491966
0.100586,75.059921,-928.095703,1,1296.87793,-92.616669
0.101318,76.380707,-928.176392,1,1401.976562,-83.636246
0.116699,77.941246,-928.190369,1,867.884949,58.184902
0.114929,79.516777,-928.126709,1,880.872192,104.626778
0.115906,81.145683,-927.996155,1,952.657593,149.337708
0.100403,82.593864,-927.839478,1,992.318665,182.778748
0.115784,84.31189,-927.622864,1,1002.084473,202.639359
0.100586,85.850006,-927.41803,1,1019.678223,234.95665
0.115356,87.66787,-927.181213,1,1012.081177,204.574463
0.101257,89.312683,-926.981873,1,1015.139465,219.6185
0.101868,91.014297,-926.794067,1,532.164795,190.810013
0.102234,92.768715,-926.621033,1,266.025024,185.370102
0.115662,94.806923,-926.447449,1,653.104553,173.69606
0.114197,96.87188,-926.304016,1,981.881348,223.341949
0.100525,98.731224,-926.206909,1,1033.709839,248.329987
0.115356,100.910492,-926.134399,1,1032.739502,255.187271
0.100281,102.843353,-926.106873,1,1016.097778,272.401123
0.116638,105.136002,-926.117493,1,1010.521301,219.63237
0.116699,107.476044,-926.171448,1,944.969238,170.733414
0.100708,109.533424,-926.249451,1,858.83606,71.666817
0.116333,111.954201,-926.368469,1,852.695923,108.964722
0.116272,114.419579,-926.50238,1,892.984741,152.948593
0.100098,116.576729,-926.614136,1,937.821411,237.460831
0.116638,119.132019,-926.722595,1,946.546021,166.715179
0.115967,121.715736,-926.792358,1,946.087524,132.61377
0.100037,123.977509,-926.811401,1,980.034729,144.203979
0.100037,126.268661,-926.783875,1,935.540222,141.240616
0.100159,128.590073,-926.707153,1,850.703857,140.783615
0.116699,131.329575,-926.566528,1,867.114258,133.411499
0.100159,133.712891,-926.41687,1,864.083435,132.909775
0.116516,136.521744,-926.226868,1,873.904724,154.561218
0.100098,138.976562,-926.059265,1,901.12915,28.388405
0.116455,141.883377,-925.86676,1,899.764832,48.711109
0.116333,144.837402,-925.680786,1,989.161255,135.337448
0.115112,147.806503,-925.505249,1,981.437744,158.559753
0.100586,150.431381,-925.362,1,967.914978,168.43042
0.100281,153.067551,-925.233826,1,968.76355,197.124222
0.100586,155.735092,-925.123962,1,951.562988,184.761978
0.10022,158.414597,-925.037415,1,949.619934,182.995148
0.100037,161.110153,-924.977478,1,1223.233032,21.07473
0.115906,164.260452,-924.943542,1,1640.174316,-201.605148
0.100525,167.014999,-924.945068,1,1430.805786,-60.181595
0.116577,170.235611,-924.974609,1,1156.278564,4.79312
0.115906,173.46228,-925.020813,1,879.351868,20.291548
0.116028,176.719376,-925.074829,1,869.1922,8.705522
0.115295,179.981094,-925.132629,1,876.232727,28.814669
0.112793,183.195755,-925.194336,1,889.931274,111.692886
0.107239,186.275055,-925.260925,1,897.163757,263.391602
0.112549,189.528519,-925.343323,1,904.605591,240.56163
0.111633,192.776627,-925.439514,1,911.335693,230.211655
0.107971,195.939423,-925.546509,1,905.527283,245.110992
0.113403,199.282715,-925.671814,1,901.785278,254.744156
0.109009,202.518463,-925.801086,1,887.53833,142.828262
0.107788,205.735275,-925.931824,1,873.844727,75.099487
0.106689,208.940155,-926.05957,1,872.583557,88.77713
0.110535,212.280151,-926.187012,1,866.046204,82.239609
0.111023,215.6548,-926.308411,1,863.910522,95.613564
0.106445,218.908783,-926.418335,1,867.893005,85.29142
0.109131,222.262726,-926.524536,1,863.761108,81.701866
0.104736,225.499786,-926.620605,1,903.022095,250.231522
0.103516,228.715591,-926.709839,1,894.097839,275.610779
0.106018,232.026733,-926.79541,1,900.041687,274.359436
0.102966,235.256775,-926.872314,1,892.83606,263.598328
0.103516,238.522598,-926.943115,1,898.349731,272.006927
0.103699,241.806274,-927.007324,1,897.015137,274.368958
0.106873,245.209183,-927.06665,1,905.296082,290.131073
0.106812,248.625793,-927.118652,1,901.907593,292.879242
0.103149,251.937881,-927.161987,1,900.419983,285.61911
0.105347,255.337921,-927.199402,1,901.023621,291.638397
0.108337,258.848846,-927.230408,1,905.154846,275.190033
0.10437,262.244568,-927.253113,1,912.175598,270.476501
0.106384,265.72348,-927.268677,1,906.149841,254.705368
0.106201,269.208374,-927.276611,1,906.098145,259.486053
0.112183,272.903564,-927.276733,1,909.162354,236.757904
0.108765,276.503967,-927.269165,1,951.421143,255.591599
0.112671,280.242706,-927.253723,1,981.220215,243.923309
0.116455,284.098541,-927.230347,1,985.022522,231.84198
0.109436,287.695679,-927.20282,1,997.351929,226.974777
0.107178,291.19104,-927.17157,1,926.078857,221.269119
0.105591,294.612549,-927.137695,1,931.236145,216.481644
0.107849,298.082642,-927.100891,1,922.986389,211.974701
0.106262,301.479156,-927.063599,1,919.345032,208.884521
0.112305,305.04422,-927.024658,1,924.171326,224.721191
0.102173,308.265625,-926.992065,1,929.760315,254.988327
0.115723,311.891968,-926.960938,1,897.233459,257.94104
0.115356,315.47821,-926.93811,1,886.316772,252.093399
0.114258,319.007233,-926.9245,1,882.196655,243.426239
0.113159,322.478516,-926.92041,1,936.998108,261.148254
0.115845,326.005402,-926.925537,1,936.068481,246.050766
0.112488,329.408905,-926.93866,1,918.569397,254.569946
0.112732,332.795807,-926.958252,1,919.666504,270.50766
0.115967,336.255493,-926.982971,1,920.197327,283.528168
0.100952,339.24707,-927.005737,1,915.324219,294.039246
0.100891,342.219543,-927.025146,1,922.255066,284.972382
0.100098,345.151978,-927.035278,1,918.411682,286.127136
0.10083,348.088562,-927.032288,1,915.782776,308.257721
0.115173,351.420197,-927.009399,1,915.460266,287.895721
0.114441,354.70929,-926.965271,1,926.902344,305.156281
0.113831,357.958557,-926.900879,1,934.944397,295.080048
0.106445,360.976562,-926.823914,1,519.884216,173.73819
0.105713,363.955963,-926.733826,1,367.339111,149.763062
0.108093,366.983154,-926.629395,1,852.11377,185.276016
0.111145,370.075409,-926.510986,1,932.826904,218.167236
0.106079,373.008392,-926.389587,1,940.690308,217.103394
0.110168,376.035889,-926.257202,1,855.160095,63.869469
0.106689,378.94809,-926.124146,1,857.186768,70.977409
0.112915,382.012787,-925.980286,1,866.545593,48.909512
0.110474,384.992859,-925.839966,1,862.736572,37.679375
0.107361,387.870239,-925.708374,1,859.304199,28.221281
0.106689,390.713043,-925.585022,1,960.081238,144.885864
0.105042,393.496094,-925.472656,1,988.759094,184.191132
0.106506,396.302917,-925.36853,1,977.032959,195.420853
0.10614,399.082397,-925.274902,1,979.870361,184.300369
0.109253,401.927979,-925.189331,1,974.775452,195.885666
0.108032,404.725311,-925.116211,1,980.224243,206.294067
0.108398,407.514648,-925.055237,1,925.646484,194.484055
0.106506,410.241638,-925.008179,1,927.322205,211.877884
0.105408,412.923279,-924.97467,1,1169.89856,9.324309
0.106384,415.615509,-924.954163,1,1329.128052,-120.611847
0.113037,418.459961,-924.946655,1,1309.180786,-102.186546
0.111389,421.244904,-924.953064,1,916.181152,267.293762
0.116211,424.13327,-924.973389,1,910.901978,276.495819
0.109863,426.845215,-925.004578,1,886.106934,299.520325
0.111877,429.569244,-925.047424,1,870.318604,274.635071
0.103455,432.047211,-925.096436,1,765.286133,252.598526
0.102173,434.46637,-925.153687,1,677.56311,250.568008
0.101196,436.845917,-925.21936,1,667.240479,238.643982
0.104126,439.282898,-925.295044,1,652.808655,231.056488
0.106323,441.753571,-925.379028,1,756.302551,201.0345
0.103577,444.130463,-925.46582,1,871.763794,44.143608
0.109985,446.602783,-925.561829,1,874.020874,25.444859
0.100525,448.807037,-925.651733,1,890.077881,179.957092
0.100037,450.94574,-925.74115,1,887.495239,204.664047
0.102234,453.0755,-925.830994,1,895.954712,165.07933
0.101257,455.119629,-925.916687,1,890.012329,150.608627
0.102844,457.112457,-925.99707,1,880.153809,172.246796
0.108643,459.117462,-926.067932,1,881.740356,186.086243
0.106506,460.984039,-926.11731,1,875.1828,176.436279
0.112122,462.872223,-926.146973,1,884.430359,124.909294
0.11261,464.703278,-926.154541,1,832.96051,-33.43927
0.118164,466.556885,-926.142395,1,834.904541,57.141365
0.101135,468.088715,-926.119568,1,275.269897,148.893692
0.105286,469.631775,-926.078674,1,286.902222,99.868454
0.10022,471.060638,-926.001953,1,279.915802,68.830986
0.101562,472.465179,-925.86084,1,380.344849,57.427116
0.106445,473.894379,-925.620483,1,839.326538,-24.258686
0.101074,475.201355,-925.294861,1,847.99408,-53.352623
0.103394,476.477631,-924.867126,1,831.026001,-12.074848
0.101868,477.667847,-924.366333,1,714.529785,18.259998
0.101868,478.780518,-923.805298,1,815.730103,-74.453362
0.110474,479.894714,-923.143311,1,842.439209,-168.607422
0.1073,480.881287,-922.456299,1,431.313354,-110.963531
0.108459,481.782593,-921.719299,1,489.513123,-59.738842
0.111206,482.604401,-920.915344,1,538.794189,-8.453533
0.10144,483.260529,-920.142395,1,584.152283,12.656538
0.10498,483.842041,-919.309875,1,617.49585,44.303944
0.107361,484.33194,-918.437073,1,670.090393,60.674419
0.108093,484.722229,-917.555359,1,735.846375,39.85598
0.104858,485.009338,-916.71582,1,867.596191,-65.101349
0.102905,485.210693,-915.919434,1,888.44574,-58.541882
0.11499,485.350677,-915.066833,1,880.809875,-58.160595
0.113953,485.408783,-914.263367,1,858.465698,-74.459908
0.112,485.392151,-913.514099,1,867.564758,-56.20615
0.110657,485.314545,-912.821533,1,880.336609,-60.847546
0.110474,485.190521,-912.142395,1,880.407166,-55.34877
0.107239,485.027618,-911.446533,1,880.001099,-35.744328
0.109131,484.823822,-910.696655,1,885.692261,-11.87493
0.10614,484.592438,-909.927002,1,948.60498,0.309273
0.110779,484.318787,-909.079346,1,1083.805054,94.585236
0.109802,484.020172,-908.192749,1,1105.689941,114.722031
0.110352,483.699371,-907.253662,1,877.274719,8.792085
0.110901,483.365265,-906.260742,1,880.741943,15.252985
0.109192,483.035461,-905.230591,1,888.793945,14.319226
0.111267,482.713593,-904.126221,1,883.810059,-0.42481
0.108459,482.427704,-902.994873,1,878.087097,5.906914
0.110779,482.17981,-901.789124,1,964.545837,25.386787
0.10083,481.999664,-900.647949,1,1109.322632,92.630554
0.100586,481.867889,-899.47113,1,1079.434937,104.46299
0.10553,481.783691,-898.196838,1,1055.149902,114.3405
0.106262,481.751831,-896.882812,1,902.778625,8.355817
0.103577,481.755768,-895.607727,1,857.171326,-4.115351
0.105469,481.770935,-894.333252,1,865.50647,46.260628
0.113831,481.774139,-892.966492,1,842.083618,54.053608
0.103821,481.752655,-891.735291,1,951.991821,111.943542
0.103271,481.707764,-890.522949,1,955.836243,114.338074
0.103455,481.647217,-889.315491,1,969.338867,131.313156
0.102234,481.582367,-888.133606,1,885.860474,88.991837
0.109314,481.518921,-886.881226,1,882.162415,156.428802
0.106873,481.471466,-885.667358,1,939.617126,313.499969
0.110107,481.441071,-884.428528,1,937.127625,264.128174
0.107727,481.429901,-883.226807,1,940.013977,253.608658
0.107361,481.436523,-882.039795,1,925.490479,248.058853
0.103638,481.462555,-880.905273,1,915.505005,243.878281
0.104187,481.512482,-879.775146,1,943.437927,259.395721
0.103699,481.587738,-878.66217,1,935.785706,279.972076
0.105957,481.690857,-877.537109,1,859.082336,295.396973
0.10498,481.818359,-876.432861,1,858.387207,295.027618
0.10321,481.969452,-875.330994,1,828.559387,291.852081
0.105225,482.148621,-874.16925,1,824.996826,284.356628
0.106567,482.351929,-872.950684,1,779.656799,296.345459
0.104309,482.568085,-871.713562,1,747.631775,297.716217
0.105225,482.795593,-870.420288,1,782.46759,179.743057
0.103088,483.016327,-869.109314,1,790.677673,178.814514
0.104919,483.230469,-867.726624,1,780.183228,182.401581
0.100708,483.420349,-866.352478,1,786.12384,167.548187
0.110168,483.604523,-864.798584,1,814.033325,157.095169
0.109558,483.761017,-863.199463,1,823.056763,148.23616
0.106995,483.889038,-861.588684,1,847.749268,167.252365
0.105347,483.995087,-859.953979,1,856.151306,159.07373
0.102966,484.084808,-858.308228,1,864.588806,170.993713
0.10791,484.167206,-856.531921,1,839.384766,150.308807
0.108032,484.2388,-854.702026,1,846.805176,166.614914
0.105774,484.297485,-852.861389,1,857.820496,175.844238
0.104858,484.350647,-850.991211,1,849.397888,189.361053
0.105957,484.408325,-849.078552,1,851.291077,186.987808
0.105225,484.472931,-847.199341,1,846.081726,190.603363
0.105774,484.548126,-845.321167,1,840.437317,186.747025
0.109497,484.636383,-843.394592,1,839.378601,186.579788
0.106323,484.729858,-841.539062,1,840.881226,184.449127
0.108276,484.8284,-839.68866,1,834.050354,181.141815
0.107727,484.926727,-837.894409,1,832.891968,173.606461
0.107788,485.023193,-836.152527,1,896.03656,178.185837
0.109131,485.119049,-834.439087,1,867.454163,189.430893
0.108521,485.212799,-832.784424,1,843.143433,186.125885
0.111084,485.306061,-831.138855,1,844.945312,172.069916
0.106384,485.388641,-829.609253,1,853.2146,168.045731
0.108032,485.463898,-828.103577,1,860.464111,166.377106
0.106506,485.528351,-826.671997,1,857.840881,151.57402
0.105286,485.58197,-825.32019,1,873.576965,150.271225
0.104065,485.625702,-824.067261,1,879.414734,170.450745
0.106567,485.662506,-822.883362,1,901.772583,150.046097
0.106506,485.693054,-821.804932,1,906.539795,132.331772
0.103699,485.71817,-820.856567,1,927.375732,132.848969
0.10675,485.740082,-819.978882,1,948.269714,127.446579
0.109009,485.75885,-819.171814,1,978.822571,115.783813
0.107239,485.773895,-818.461853,1,1013.439453,119.845215
0.110352,485.786011,-817.81781,1,1041.158325,125.220749
0.107666,485.794891,-817.277649,1,1134.577393,141.134293
0.111145,485.801605,-816.812195,1,1187.091431,143.059021
0.106323,485.806183,-816.456543,1,1245.101685,148.205368
0.114502,485.809662,-816.169861,1,1314.595215,152.440689
0.100525,485.811646,-815.999207,1,1366.834961,137.698288
0.105774,485.812958,-815.899841,1,909.236694,24.605118
0.110291,485.813507,-815.870239,1,897.80188,39.639999
0.110107,485.813599,-815.874329,1,1719.940918,34.314472
0.106812,485.813629,-815.878418,1,1719.940918,34.314472
0.108215,485.813629,-815.876587,1,1719.940918,34.314472
0.107056,485.813629,-815.86908,1,1719.940918,34.314472
0.107788,485.813629,-815.858887,1,1719.940918,34.314472
0.107056,485.813721,-815.847778,0,0,0
0.107666,485.813873,-815.835632,0,0,0
0.109131,485.814026,-815.82135,0,0,0
0.105652,485.81424,-815.803589,0,0,0
0.110107,485.814697,-815.763672,1,1404.271118,262.55661
0.111145,485.815735,-815.672729,1,985.631104,326.371094
0.100586,485.817169,-815.545349,1,881.764404,313.893677
0.112427,485.819122,-815.353394,1,465.742767,311.605347
0.103516,485.821198,-815.130554,1,214.404099,318.588837
0.111145,485.823669,-814.841614,1,155.233154,292.040436
0.11145,485.826355,-814.500366,1,175.219696,323.744202
0.10675,485.828979,-814.124634,1,135.085495,320.430939
0.109253,485.831421,-813.690979,1,879.206909,228.168533
0.107483,485.833496,-813.215332,1,972.093445,226.49408
0.109802,485.835052,-812.680908,1,985.315002,226.588226
0.108643,485.835724,-812.103333,1,907.816101,133.354645
0.110352,485.83548,-811.467529,1,893.924255,94.148422
0.102661,485.834137,-810.831299,1,890.335693,80.412766
0.111389,485.831116,-810.091675,1,887.467041,86.891426
0.111206,485.826294,-809.302917,1,925.888245,220.261475
0.115051,485.819061,-808.433411,1,922.223389,183.722931
0.106018,485.810028,-807.583923,1,1351.962646,-153.698441
0.102844,485.798767,-806.716064,1,1366.860962,-162.171249
0.100952,485.785278,-805.821472,1,1356.515503,-162.002853
0.101929,485.769928,-804.875488,1,1362.238647,-157.824341
0.101624,485.754913,-803.889282,1,953.20343,148.837677
0.102844,485.741364,-802.847717,1,954.03241,256.758667
0.105347,485.730499,-801.734619,1,951.648926,249.255569
0.105347,485.723907,-800.574585,1,952.074646,244.249252
0.10791,485.723846,-799.338257,1,969.550659,215.705368
0.105408,485.734406,-798.084412,1,995.568726,163.253891
0.103271,485.758209,-796.810364,1,1004.67157,136.681351
0.11322,485.802856,-795.360901,1,998.135254,116.512863
0.110352,485.867615,-793.895386,1,987.573364,123.813141
0.107605,485.952667,-792.416565,1,972.116882,147.581253
0.107544,486.060059,-790.889709,1,974.092712,135.613144
0.10791,486.190063,-789.308655,1,962.233887,143.771652
0.109985,486.34198,-787.669006,1,953.988892,133.611908
0.1073,486.500031,-786.099365,1,877.731262,49.028442
0.111084,486.670593,-784.494934,1,881.460999,24.012033
0.112,486.847382,-782.890564,1,874.207703,28.194973
0.111084,487.024567,-781.324219,1,920.948242,155.762177
0.11322,487.208527,-779.735962,1,920.481689,174.243851
0.11145,487.392426,-778.187378,1,915.361877,176.898254
0.10907,487.575409,-776.688354,1,914.641968,177.026703
0.11322,487.769196,-775.14624,1,915.480286,191.490204
0.111206,487.962769,-773.648315,1,881.626221,93.331177
0.100098,488.139679,-772.312866,1,866.194763,30.890652
0.116089,488.347229,-770.778381,1,864.007446,24.922333
0.111877,488.546478,-769.313416,1,855.461426,40.676506
0.113342,488.742828,-767.842834,1,827.677673,131.141357
0.100464,488.909393,-766.550842,1,827.015808,143.125946
0.100342,489.067322,-765.270447,1,892.271545,161.725403
0.115112,489.234924,-763.813721,1,911.271179,159.154663
0.114929,489.380676,-762.371216,1,917.477905,163.131317
0.114197,489.500153,-760.949463,1,923.508423,148.181549
0.111084,489.5896,-759.577759,1,940.73291,152.080368
0.110107,489.651642,-758.229797,1,889.037476,180.053482
0.112793,489.688751,-756.860168,1,923.750732,176.478897
0.10437,489.700653,-755.604553,1,941.674194,172.071487
0.106934,489.692078,-754.329956,1,913.63678,137.169937
0.108643,489.663116,-753.046326,1,929.309204,138.838379
0.110535,489.612976,-751.753662,1,934.153015,137.913422
0.105835,489.546631,-750.528625,1,942.276062,121.484383
0.107849,489.461517,-749.291382,1,947.259521,111.981918
0.107117,489.360779,-748.075928,1,948.346924,109.836159
0.106018,489.247925,-746.884644,1,948.606628,97.629044
0.106079,489.125946,-745.704529,1,958.225159,103.722054
0.105835,488.998444,-744.538208,1,962.825684,108.62471
0.107483,488.867218,-743.36438,1,964.982849,106.94693
0.112671,488.731506,-742.144958,1,968.360596,112.631981
0.115295,488.597809,-740.909851,1,958.017456,109.900238
0.116455,488.471405,-739.672791,1,961.46759,104.791481
0.112061,488.360809,-738.493286,1,966.608032,116.781097
0.103821,488.26947,-737.409729,1,964.432312,130.958786
0.106812,488.187042,-736.303833,1,972.907349,149.284668
0.106262,488.116608,-735.212891,1,961.979126,174.974365
0.110413,488.055054,-734.089111,1,959.177124,183.843124
0.114807,488.002808,-732.931458,1,973.515564,203.034576
0.113403,487.962311,-731.798218,1,975.351685,223.378326
0.113953,487.932343,-730.670654,1,972.278503,256.847473
0.116882,487.912598,-729.524902,1,966.681519,266.082428
0.115906,487.903992,-728.400269,1,968.861145,291.284576
0.114502,487.905853,-727.300171,1,960.70575,307.672943
0.10199,487.916016,-726.329041,1,883.613159,143.512695
0.10321,487.934113,-725.355225,1,880.158508,153.032852
0.105103,487.960266,-724.372375,1,911.125977,244.613632
0.104797,487.992889,-723.401978,1,902.918701,285.787384
0.116821,488.03302,-722.330627,1,892.858276,276.030396
0.116272,488.073364,-721.274597,1,897.865051,293.48642
0.115967,488.112457,-720.232422,1,886.819824,285.224792
0.114441,488.149139,-719.210938,1,881.435425,276.276733
0.112854,488.185303,-718.174622,1,913.495605,253.296906
0.113098,488.223206,-717.083008,1,1399.197876,-10.658692
0.115112,488.264252,-715.917419,1,1320.792114,18.734091
0.100098,488.302002,-714.859924,1,859.26001,102.471626
0.116394,488.347992,-713.579224,1,900.158875,194.851593
0.115845,488.395355,-712.24884,1,915.149109,307.429321
0.100159,488.437164,-711.054382,1,299.40744,193.285156
0.100952,488.479919,-709.807373,1,242.543427,208.713821
0.116394,488.529785,-708.317383,1,913.616516,262.119537
0.115845,488.579193,-706.779114,1,921.216797,308.260742
0.116028,488.627838,-705.181458,1,925.082031,317.650757
0.100464,488.668579,-703.75293,1,895.844666,299.193024
0.100403,488.707489,-702.283447,1,901.31897,298.099854
0.116638,488.749939,-700.522461,1,903.203735,296.857178
0.116333,488.789062,-698.70697,1,908.932373,272.161255
0.100342,488.819946,-697.094788,1,914.871155,253.851624
0.116455,488.852509,-695.169067,1,918.056519,272.386688
0.100525,488.877502,-693.458801,1,919.957092,271.722321
0.101196,488.899017,-691.693848,1,917.569519,262.118439
0.116699,488.918579,-689.605774,1,961.850159,257.421356
0.116699,488.931091,-687.463196,1,951.84845,265.780426
0.114563,488.935638,-685.311157,1,946.129822,255.148544
0.100952,488.932739,-683.376526,1,928.980347,243.916153
0.117126,488.920685,-681.084717,1,930.511841,241.377487
0.102539,488.902313,-679.040344,1,943.286011,249.783493
0.11615,488.872833,-676.679321,1,1397.092651,-122.190094
0.115601,488.839203,-674.285034,1,1383.553589,-114.973412
0.115662,488.813293,-671.843384,1,925.70752,104.479843
0.100037,488.805725,-669.697937,1,929.004395,169.854691
0.116516,488.819702,-667.156738,1,926.119324,263.945526
0.116455,488.860016,-664.574097,1,913.557007,261.185425
0.11261,488.922455,-662.038086,1,919.82251,251.543167
0.107178,489.000671,-659.589111,1,919.592163,239.767838
0.10907,489.092804,-657.062134,1,913.590576,228.531448
0.104492,489.187653,-654.608704,1,926.944336,212.787155
0.100342,489.281921,-652.222961,1,914.587891,194.576385
0.116577,489.393555,-649.414734,1,951.340454,186.286392
0.100403,489.491791,-646.9552,1,955.983459,196.863922
0.100403,489.590637,-644.455444,1,967.28418,195.026962
0.11615,489.698303,-641.515869,1,910.716736,233.920746
0.115112,489.789886,-638.55426,1,909.887512,213.29483
0.11554,489.859985,-635.541138,1,915.267151,196.579254
0.117798,489.90387,-632.438416,1,919.769836,181.735077
0.116699,489.918549,-629.338135,1,928.399658,165.256104
0.102966,489.907776,-626.578613,1,941.996887,173.048599
0.114441,489.870758,-623.486023,1,953.750244,168.062164
0.115173,489.806976,-620.345581,1,964.101807,151.36792
0.100037,489.729858,-617.597656,1,949.840942,174.611694
0.100586,489.631042,-614.814392,1,956.372803,162.107788
0.115967,489.489594,-611.582825,1,960.439453,151.715332
0.115906,489.323517,-608.327515,1,971.738403,158.657776
0.115967,489.143066,-605.046326,1,984.090515,144.017029
0.101624,488.980164,-602.149414,1,977.252319,152.600174
0.10022,488.820068,-599.274658,1,962.345337,169.963745
0.115295,488.64093,-595.944824,1,962.24762,160.701324
0.116699,488.471283,-592.547974,1,956.588623,169.584824
0.100525,488.337158,-589.60199,1,956.565552,170.299515
0.113831,488.200714,-586.245728,1,976.627563,154.794846
0.103821,488.091553,-583.163513,1,986.623901,149.426392
0.116089,487.987885,-579.695923,1,972.364197,151.503342
0.116394,487.903961,-576.195496,1,1148.583862,140.886719
0.100647,487.847656,-573.150879,1,1312.451416,146.595413
0.100586,487.806305,-570.090027,1,1312.451416,146.595413
0.115173,487.775238,-566.566345,1,1312.451416,146.595413
0.115967,487.752838,-562.997742,1,1312.451416,146.595413
0.100647,487.734314,-559.884705,1,1312.451416,146.595413
0.116821,487.708344,-556.250671,0,0,0
0.115662,487.674469,-552.632141,0,0,0
0.116882,487.631226,-548.957092,1,1308.805664,255.016449
0.100525,487.587433,-545.779175,1,831.300293,249.223618
0.115784,487.530457,-542.103638,1,897.159485,338.032745
0.115967,487.467041,-538.402222,1,928.677734,320.162048
0.114197,487.398254,-534.738892,1,911.895569,263.902863
0.112671,487.323578,-531.108643,1,927.108582,203.565903
0.111389,487.242432,-527.502441,1,919.834961,179.78154
0.112854,487.152283,-523.832153,1,861.343567,-1.422824
0.102905,487.063324,-520.472229,1,862.090088,11.671254
0.115662,486.955475,-516.679321,1,856.04364,54.145081
0.114685,486.840851,-512.901245,1,844.291809,66.729668
0.11554,486.720093,-509.079956,1,863.019226,49.897945
0.114929,486.606567,-505.264282,1,856.037048,32.851215
0.10907,486.526306,-501.625336,1,1348.154175,-96.71032
0.110718,486.49057,-497.909454,1,1337.796021,-78.475601
0.115662,486.51532,-494.002716,1,1240.851318,-72.950516
0.10022,486.59198,-490.599854,1,918.820984,190.583542
0.11322,486.739716,-486.734314,1,903.855652,231.275146
0.108093,486.934113,-483.034149,1,874.519165,220.666092
0.109558,487.168854,-479.275055,1,866.243225,185.501389
0.105957,487.416992,-475.633942,1,872.900574,198.256927
0.104797,487.674957,-472.023682,1,871.069153,184.716873
0.107483,487.948578,-468.316132,1,866.692688,171.852051
0.103149,488.220459,-464.747345,1,859.502197,144.042801
0.110413,488.523621,-460.921967,1,853.369019,135.418564
0.106506,488.827454,-457.223358,1,834.657043,110.388878
0.110596,489.126404,-453.374237,1,842.64093,120.613785
0.106628,489.344391,-449.650085,1,845.853638,123.589401
0.109802,489.449371,-445.801514,1,852.190918,116.478493
0.107849,489.41095,-442.015045,1,858.464478,96.174522
0.110168,489.216248,-438.140869,1,886.746948,81.521652
0.11261,488.861877,-434.185638,1,909.008545,81.137154
0.105469,488.412781,-430.487274,1,942.518188,80.747742
0.108093,487.903351,-426.696991,1,989.352051,98.957848
0.107605,487.41687,-422.915039,1,1004.121338,83.109352
0.107788,487.002686,-419.109131,1,990.017395,93.228188
0.105896,486.696564,-415.355438,1,981.867371,80.701126
0.104797,486.499786,-411.624359,1,949.904785,88.370934
0.104675,486.403046,-407.887085,1,954.830505,90.018768
0.103149,486.394165,-404.197449,1,932.590881,110.712997
0.102661,486.46286,-400.522186,1,920.194031,111.011177
0.103699,486.608398,-396.805878,1,889.90625,131.667953
0.104919,486.835327,-393.042084,1,889.440125,184.937408
0.104431,487.134033,-389.295654,1,883.977783,137.322083
0.107605,487.481049,-385.434906,1,899.250427,127.219925
0.101746,487.802551,-381.776337,1,881.924805,122.538589
0.100769,488.083893,-378.143646,1,873.637146,58.24437
0.101562,488.310699,-374.47464,1,863.560547,-10.500843
0.104065,488.476929,-370.705231,1,875.755432,-11.173096
0.102722,488.578888,-366.975861,1,868.727234,-9.234534
0.101318,488.628235,-363.292328,1,859.020508,-3.341381
0.102478,488.634552,-359.562073,1,866.166321,10.620927
0.114319,488.594482,-355.394226,1,911.078125,197.815262
0.100037,488.516724,-351.742462,1,918.917664,184.979538
0.102234,488.391663,-348.0065,1,917.194763,195.639557
0.105286,488.21106,-344.156067,1,917.559387,210.548782
0.105713,487.980499,-340.287476,1,923.873413,218.25502
0.105591,487.723267,-336.422272,1,935.38031,209.384308
0.100037,487.486938,-332.753143,1,950.863159,201.294189
0.113892,487.258881,-328.567657,1,944.596741,186.994232
0.100037,487.11142,-324.886688,1,935.577942,191.465591
0.101318,487.018585,-321.148468,1,920.429077,176.952805
0.101746,486.980255,-317.392517,1,900.957214,-0.449058
0.110107,486.993011,-313.321899,1,878.40387,11.159821
0.103699,487.049225,-309.482819,1,844.533203,15.336577
0.100952,487.141479,-305.743713,1,862.949646,19.703735
0.100952,487.27066,-302.000366,1,911.110474,191.451584
0.100403,487.437805,-298.274597,1,899.796692,193.313766
0.101562,487.648041,-294.506317,1,892.707947,196.384613
0.102295,487.900574,-290.707458,1,897.928284,191.778564
0.111938,488.208344,-286.548553,1,894.904419,200.121353
0.110596,488.523621,-282.43576,1,898.337524,190.230988
0.112793,488.842712,-278.237305,1,895.602234,198.594254
0.114258,489.156586,-273.976257,1,902.704834,186.496078
0.100464,489.424011,-270.228729,1,910.963196,180.708572
0.100403,489.686218,-266.476471,1,858.167053,144.786026
0.102661,489.950653,-262.637787,1,868.687805,159.037735
0.114319,490.227142,-258.355408,1,892.836609,166.667282
0.10199,490.430817,-254.531891,1,905.073792,157.062317
0.100037,490.56604,-250.776688,1,914.580322,152.040665
0.1026,490.623474,-246.918106,1,923.81366,144.116989
0.110657,490.608246,-242.751358,1,939.186646,147.684296
0.112,490.520874,-238.531052,1,974.169495,144.504761
0.110168,490.380951,-234.374771,1,1006.038879,145.060272
0.109131,490.197571,-230.259796,1,1031.094727,165.789047
0.113586,489.916931,-225.982391,1,934.206482,161.731705
0.100403,489.563995,-222.201614,1,951.416016,168.062714
0.113525,489.081177,-217.930573,1,969.82489,160.311432
0.109619,488.61673,-213.806229,1,982.63208,165.132019
0.110413,488.244568,-209.63829,1,982.557922,166.312485
0.109985,488.033112,-205.471405,1,952.041687,149.355103
0.113098,487.999451,-201.181808,1,930.353699,140.419052
0.112549,488.137115,-196.911575,1,903.451477,141.467133
0.111816,488.414368,-192.673889,1,851.005981,7.554084
0.106079,488.733704,-188.656326,1,846.215942,1.968567
0.109924,489.0271,-184.486969,1,843.772644,7.77928
0.107971,489.214661,-180.383102,1,831.337646,116.153397
0.108154,489.274933,-176.264771,1,841.131836,120.09108
0.106018,489.206329,-172.224304,1,884.496948,139.051758
0.106506,489.024323,-168.166046,1,905.331299,139.369461
0.109558,488.736908,-163.995605,1,924.913147,126.79924
0.112793,488.344788,-159.708405,1,945.708557,126.409584
0.104431,487.897034,-155.744797,1,971.641296,136.184235
0.104492,487.380432,-151.78479,1,991.643127,110.997963
0.112427,486.815643,-147.522247,1,992.885986,104.226883
0.111572,486.351776,-143.278168,1,1006.008667,114.477859
0.108459,486.069031,-139.135544,1,991.583984,106.664932
0.111267,485.981598,-134.879135,1,953.905396,77.946045
0.113464,486.079895,-130.542999,1,913.839355,74.717293
0.110413,486.349152,-126.327583,1,878.576782,77.450066
0.101746,486.750336,-122.455368,1,862.698425,81.954887
0.109924,487.333954,-118.285423,1,844.389465,89.932266
0.112305,488.047577,-114.041954,1,825.323975,56.890224
0.105835,488.783142,-110.052879,1,807.759033,52.841007
0.108093,489.57016,-105.980972,1,798.770142,60.016716
0.105591,490.353424,-102.007042,1,788.315918,57.678318
0.106934,491.129974,-97.982582,1,800.966736,56.451958
0.106201,491.873657,-93.972778,1,786.898315,54.35688
0.105652,492.622742,-89.985504,1,791.408752,45.516121
0.109253,493.357544,-85.846954,1,797.682007,76.594749
0.10791,493.987823,-81.744125,1,790.813721,56.021935
0.109863,494.52301,-77.559708,1,796.795105,44.330009
0.109192,494.855499,-73.376945,1,812.7099,39.422504
0.108643,495.016815,-69.204361,1,809.109802,47.633381
0.10907,495.010284,-65.011238,1,929.83905,204.229416
0.112671,494.823639,-60.682281,1,838.396912,36.050873
0.111572,494.455139,-56.40535,1,835.793579,76.952637
0.102234,493.941162,-52.530174,1,873.52948,52.423412
0.104309,493.232758,-48.58662,1,876.063538,66.97905
0.11322,492.365234,-44.340023,1,874.447632,67.308083
0.110352,491.422546,-40.237762,1,892.973755,77.691208
0.109558,490.366302,-36.199234,1,995.5448,89.116348
0.107788,489.266632,-32.247089,1,998.384033,94.495644
0.103271,488.18692,-28.46279,1,1032.828125,65.58326
0.107483,487.112152,-24.504679,1,1028.300903,64.572151
0.107239,486.167297,-20.524792,1,1066.383545,32.172539
0.103821,485.432098,-16.655878,1,1078.182861,80.922562
0.104065,484.880463,-12.773528,1,899.59967,17.932236
0.115417,484.471741,-8.473693,1,465.69339,52.344547
0.107605,484.285248,-4.472512,1,784.318359,665.546936
0.103516,484.279449,-0.636714,1,1941.660645,-140.785858
0.101318,484.443359,3.088486,1,516.542297,-148.729111
0.102783,484.780945,6.83046,1,1455.907471,205.542831
0.105408,485.311493,10.614601,1,1466.814941,310.450989
0.108398,486.049988,14.438695,1,-353.628387,215.765869
0.106995,486.962128,18.138058,1,838.165894,171.49968
0.107605,488.050995,21.76268,1,363.780457,575.38147
0.104797,489.24707,25.18417,1,318.298004,367.092987
0.111633,490.562073,28.72134,1,403.673187,86.61174
0.104675,491.690674,31.978752,1,876.454712,88.521019
0.109802,492.726593,35.37875,1,386.719086,247.799713
0.104675,493.563354,38.611603,1,627.706848,32.851158
0.10498,494.252563,41.844868,1,397.704834,-64.890518
0.109436,494.832733,45.158115,1,646.056885,-293.791687
0.110718,495.256409,48.444553,1,864.607239,37.163212
0.112976,495.542419,51.739841,1,876.242798,37.045433
0.102112,495.678192,54.660805,1,912.152344,41.804787
0.112061,495.710632,57.76907,1,872.83252,-140.751175
0.112366,495.635986,60.780437,1,932.049561,-120.251778
0.110535,495.463989,63.636101,1,891.347473,84.119186
0.111389,495.18042,66.411163,1,598.871948,106.348206
0.111511,494.780121,69.127556,1,571.495178,114.403786
0.100281,494.309479,71.486038,1,630.794556,90.402176
0.101013,493.738312,73.780754,1,645.055664,121.752861
0.114258,492.964722,76.278107,1,813.63031,60.809414
0.115479,492.067169,78.675659,1,881.243469,-68.824745
0.100159,491.236572,80.676178,1,866.327087,-74.039215
0.114746,490.272217,82.875809,1,893.331177,-129.557724
0.101746,489.438324,84.74968,1,889.516968,-183.567688
0.102173,488.615906,86.558037,1,870.924927,-212.491043
0.115417,487.669098,88.516563,1,1044.710815,-50.330212
0.103271,486.80896,90.20192,1,1051.32666,39.221493
0.105408,485.952148,91.871452,1,1061.554932,-49.482288
0.112488,485.11676,93.613594,1,1043.425415,-5.027287
0.103394,484.460358,95.208817,1,1140.230957,-5.872058
0.112061,483.890869,96.944923,1,1157.448975,-0.018185
0.110352,483.473419,98.651443,1,1082.802124,39.165909
0.108704,483.174805,100.295723,1,1040.637573,52.499851
0.11322,482.957794,101.941971,1,998.926147,50.753387
0.114075,482.822449,103.520798,1,1016.948303,75.363052
0.110474,482.774384,104.975937,1,981.271606,59.120964
0.109131,482.816345,106.347672,1,940.116943,44.497498
0.10675,482.952698,107.631546,1,885.767212,63.921844
0.111084,483.193665,108.904549,1,841.717041,45.020447
0.109314,483.520355,110.084625,1,718.031067,43.836517
0.106995,483.909637,111.160263,1,640.579346,28.567226
0.104492,484.335297,112.122658,1,578.54657,11.61294
0.102539,484.76947,112.970329,1,509.067993,-45.823151
0.109436,485.230591,113.775276,1,466.102509,8.142563
0.112427,485.678589,114.508743,1,670.295532,91.144623
0.109558,486.068878,115.149078,1,764.688721,75.063354
0.109863,486.412415,115.752754,1,864.910583,42.220444
0.112244,486.720245,116.366997,1,860.474731,-93.306259
0.10144,486.954559,116.908676,1,851.580261,-110.432404
0.116211,487.168884,117.487976,1,713.60083,-41.022209
0.102295,487.321655,117.964424,1,532.076782,-12.014351
0.107849,487.455475,118.430969,1,543.756104,-81.97641
0.105042,487.564117,118.845528,1,840.144348,-157.011581
0.103577,487.654266,119.215729,1,848.891357,-118.079834
0.10553,487.732391,119.557831,1,864.239624,-76.279533
0.105774,487.805267,119.887543,1,860.127075,-88.339226
0.105591,487.878784,120.218681,1,871.797974,-28.596991
0.107178,487.955688,120.557213,1,870.825562,-37.841587
0.107544,488.035187,120.898003,1,860.36969,-88.606308
0.109863,488.11795,121.244972,1,1005.132629,-107.432419
0.101013,488.194305,121.56144,1,821.195801,-44.472584
0.102417,488.27243,121.879364,1,655.883789,-42.787525
0.110291,488.356384,122.218872,1,182.229584,117.797783
0.112488,488.440552,122.562187,1,263.860291,147.517776
0.112671,488.522949,122.90316,1,266.593994,182.307251
0.110168,488.601288,123.233284,1,228.092255,247.878754
0.101013,488.671051,123.533028,1,832.453857,359.532471
0.103027,488.74057,123.83606,1,832.453857,359.532471
0.101013,488.807373,124.130577,1,832.453857,359.532471
0.101257,488.873413,124.42366,1,832.453857,359.532471
0.101379,488.938599,124.71463,1,832.453857,359.532471
0.104187,489.004761,125.011742,0,0,0
0.104187,489.069977,125.306534,0,0,0
0.104187,489.134399,125.599449,0,0,0
0.104553,489.197998,125.891548,0,0,0
0.105164,489.261017,126.183472,0,0,0
0.103943,489.32196,126.470459,1,304.528809,103.788918
0.104492,489.381653,126.757401,1,444.231903,161.854279
0.102234,489.438751,127.03688,1,655.910706,239.307022
0.103333,489.495178,127.318069,1,840.893066,161.718613
0.104675,489.551086,127.601479,1,820.625671,-84.82666
0.104919,489.605927,127.884331,1,851.432861,-30.258528
0.104248,489.658966,128.164169,1,833.80249,45.33651
0.10553,489.708466,128.445465,1,834.039429,-15.054825
0.10553,489.749939,128.723038,1,834.295776,-46.741631
0.105591,489.78302,128.997849,1,826.933411,29.049746
0.107727,489.810242,129.275757,1,675.534607,58.387547
0.109192,489.833893,129.555695,1,847.629211,-8.281136
0.10553,489.855927,129.824097,1,815.165283,-21.624231
0.108521,489.882294,130.099594,1,820.147217,-21.129711
0.104675,489.911224,130.36525,1,813.806641,-76.046516
0.106201,489.941895,130.634323,1,833.663696,-85.515282
0.106079,489.970703,130.902298,1,835.268066,-142.886383
0.104187,489.995117,131.165604,1,840.046448,-168.212555
0.105713,490.013763,131.432831,1,834.974731,-201.907394
0.105713,490.025085,131.70047,1,844.02002,-208.92598
0.104126,490.030365,131.963882,1,839.390808,-154.297226
0.110962,490.032532,132.244644,1,839.365784,-199.52002
0.107788,490.034302,132.523148,1,849.641846,-189.996338
0.101746,490.037079,132.803528,1,837.766846,-192.172028
0.101746,490.041107,133.115402,1,822.951721,-107.634399
0.106628,490.047577,133.483475,1,847.44165,-162.702026
0.104919,490.054626,133.886963,1,848.652893,-122.942245
0.105469,490.058929,134.335587,1,824.655212,-82.435165
0.109192,490.055969,134.845947,1,771.043274,15.940756
0.107361,490.041718,135.390564,1,775.168396,47.120556
0.105347,490.014282,135.961624,1,849.986267,-75.921402
0.10553,489.972229,136.565689,1,873.078552,-69.192207
0.105103,489.915863,137.191055,1,868.446289,-36.655781
0.107178,489.843536,137.849747,1,786.299683,29.910036
0.104126,489.757477,138.514053,1,741.389038,143.890579
0.105164,489.653015,139.208939,1,758.302795,164.916092
0.107361,489.526703,139.938919,1,873.906616,-16.092968
0.105774,489.380737,140.676605,1,879.659058,-2.913904
0.104675,489.213074,141.426163,1,873.336487,-22.092808
0.110352,489.01001,142.23436,1,698.870972,19.338997
0.11084,488.777802,143.061768,1,729.745911,35.630428
0.105652,488.530182,143.864532,1,754.000488,102.636086
0.105774,488.260193,144.683502,1,857.439331,-4.426563
0.108215,487.968353,145.541824,1,881.801331,-22.618124
0.10498,487.677643,146.397614,1,876.406189,-25.71279
0.104553,487.376953,147.263885,1,971.344055,-135.908661
0.105835,487.05896,148.144836,1,1069.351807,-213.661087
0.105164,486.730011,149.023361,1,1069.351807,-213.661087
0.104309,486.378387,149.90538,1,1069.351807,-213.661087
0.10498,485.994873,150.81131,1,1069.351807,-213.661087
0.104309,485.593628,151.726547,1,1069.351807,-213.661087
0.106384,485.174744,152.670212,0,0,0
0.106812,484.740845,153.65062,0,0,0
0.105042,484.297791,154.658737,0,0,0
0.106323,483.830627,155.72258,1,1114.353516,567.609497
0.107422,483.335754,156.840073,1,933.367188,540.516418
0.108337,482.809967,158.006744,1,796.727051,381.194061
0.108948,482.259064,159.2034,1,837.527649,386.152649
0.110535,481.687744,160.419647,1,803.60022,430.018341
0.105774,481.127563,161.595642,1,799.644836,429.806305
0.108582,480.540924,162.816101,1,805.755676,424.175079
0.110413,479.935425,164.06868,1,805.64978,412.398956
0.111206,479.315613,165.348099,1,649.458984,297.462341
0.100647,478.749969,166.518631,1,685.132385,295.190918
0.102844,478.168945,167.728378,1,760.073181,282.128662
0.101501,477.593628,168.935745,1,794.94873,329.708649
0.102478,477.011383,170.167145,1,817.150879,328.531372
0.101562,476.432892,171.399292,1,966.2005,285.375305
0.107971,475.815521,172.722046,1,966.788513,274.493774
0.104187,475.217163,174.00975,1,747.706665,323.959412
0.10907,474.58667,175.370544,1,749.710205,315.967102
0.100586,474.003601,176.630707,1,759.34021,344.406799
0.102417,473.413635,177.906052,1,759.080811,347.960876
0.102051,472.828674,179.166046,1,868.749573,170.644974
0.104553,472.2258,180.447281,1,865.90979,177.093445
0.1073,471.596954,181.746643,1,844.947021,184.435669
0.106628,470.952179,183.02124,1,779.539429,364.820801
0.106567,470.281921,184.274124,1,782.048401,415.052734
0.111145,469.557373,185.552979,1,806.077637,381.382751
0.110535,468.816406,186.796494,1,814.430847,383.305573
0.10675,468.088287,187.973923,1,799.981079,398.632812
0.10907,467.337555,189.157227,1,774.704102,397.052307
0.107605,466.593964,190.307114,1,905.056091,208.650894
0.109863,465.83197,191.465103,1,904.152344,187.060913
0.114197,465.035614,192.649323,1,875.71637,182.337204
0.102966,464.312103,193.698593,1,879.905334,232.181686
0.101074,463.596619,194.712006,1,886.522217,376.778778
0.113831,462.786926,195.835098,1,897.86084,383.061462
0.111877,461.991241,196.923645,1,892.252563,383.260773
0.100342,461.282593,197.889709,1,897.813538,390.755188
0.112854,460.494202,198.966965,1,1157.026611,196.129288
0.11322,459.712463,200.039459,1,1323.839722,106.542
0.112732,458.942566,201.098114,1,856.883606,238.807159
0.111755,458.18634,202.136688,1,846.286255,240.614914
0.111816,457.434265,203.164917,1,1051.488281,276.592865
0.111755,456.68689,204.18103,1,1482.955688,407.820953
0.114624,455.925629,205.210922,1,1492.175293,383.785889
0.113525,455.176575,206.220642,1,1435.841187,374.806366
0.109009,454.462982,207.179459,1,1332.158569,362.555695
0.110962,453.741699,208.144958,1,849.851929,281.449249
0.112,453.018097,209.109131,1,909.660706,310.378204
0.111023,452.304749,210.054001,1,1007.471008,330.047211
0.100525,451.662292,210.899765,1,1020.955933,329.656708
0.111084,450.955933,211.823792,1,1021.500427,344.956909
0.112244,450.246124,212.746384,1,1028.717529,356.330597
0.102112,449.603912,213.576462,1,1030.335815,362.600403
0.111267,448.907928,214.471359,1,1035.94751,366.294708
0.109985,448.224609,215.345444,1,860.216187,111.827156
0.111145,447.5383,216.218781,1,857.648499,113.992371
0.110535,446.859894,217.077454,1,1018.894836,249.068619
0.11145,446.180115,217.933228,1,1046.618286,285.195496
0.100952,445.567871,218.699982,1,1056.40979,295.484802
0.101196,444.957489,219.460495,1,1057.048584,276.506958
0.114197,444.272552,220.308121,1,1092.198975,294.613281
0.102722,443.658569,221.061096,1,1109.914795,341.9776
0.104553,443.035614,221.817245,1,1005.133179,329.895111
0.101929,442.429352,222.544846,1,1009.437317,345.732452
0.110229,441.775726,223.320038,1,1018.614136,369.988953
0.101196,441.176483,224.022308,1,855.871277,176.751251
0.113586,440.505981,224.799271,1,858.667114,194.481155
0.100159,439.916656,225.474182,1,834.522034,333.138641
0.100891,439.323212,226.144516,1,840.959595,322.053406
0.104248,438.709412,226.825317,1,828.380859,344.402863
0.100769,438.114166,227.471695,1,829.144043,360.620575
0.111877,437.450653,228.174576,1,849.213074,371.297516
0.112244,436.781799,228.863144,1,822.431213,252.527115
0.100647,436.178467,229.466736,1,842.474731,225.031128
0.100891,435.573822,230.055405,1,870.220337,176.907227
0.114014,434.911835,230.681808,1,874.523193,180.487869
0.100403,434.352448,231.196121,1,866.149414,165.863678
0.101685,433.800415,231.690521,1,862.095947,164.943375
0.112549,433.210541,232.204361,1,774.606384,261.608704
0.111755,432.648071,232.68042,1,790.152649,281.978577
0.110962,432.086609,233.142822,1,780.861145,289.759735
0.113892,431.499237,233.613861,1,753.514587,279.418671
0.112366,430.929047,234.059052,1,769.1698,270.643921
0.11499,430.356812,234.494888,1,872.616028,137.221283
0.11145,429.802307,234.910019,1,871.015747,134.826996
0.100098,429.308289,235.276062,1,870.162964,131.422211
0.112976,428.764343,235.675888,1,865.812866,128.205704
0.112671,428.229553,236.066071,1,862.679565,147.724243
0.101013,427.751984,236.411636,1,1289.847412,244.809845
0.103516,427.269501,236.757462,1,1298.739258,275.315704
0.113831,426.749481,237.12587,1,1311.872803,281.674591
0.111938,426.243622,237.47998,1,1311.628174,245.345657
0.112549,425.740173,237.828568,1,1337.627808,275.995575
0.112854,425.243622,238.169144,1,1340.157227,248.937149
0.112,424.757843,238.499435,1,854.36499,164.39296
0.113525,424.270844,238.82785,1,680.566956,112.380173
0.100098,423.846741,239.111511,1,727.625122,17.602596
0.100769,423.425415,239.391037,1,761.001465,-4.885441
0.100037,423.012024,239.663116,1,719.778381,55.002098
0.113892,422.547363,239.966675,1,739.864197,172.564072
0.100159,422.144226,240.228561,1,1088.464111,183.049103
0.111023,421.704102,240.513962,1,1226.694214,261.683807
0.111633,421.268402,240.79657,1,1162.199341,322.460144
0.109375,420.848145,241.069244,1,1137.759277,316.082825
0.109253,420.434937,241.337296,1,926.81897,132.084091
0.110901,420.021912,241.604813,1,869.685913,104.047813
0.112488,419.609406,241.871323,1,864.099731,93.01178
0.108093,419.218689,242.122925,1,847.99115,-11.798794
0.10498,418.844666,242.363083,1,831.483765,-49.142101
0.112915,418.448151,242.616943,1,862.772888,97.08403
0.101562,418.096863,242.8414,1,851.13739,172.123932
0.111633,417.716248,243.083984,1,681.543457,127.598671
0.101196,417.375549,243.30011,1,716.23877,205.803665
0.113464,416.996613,243.538391,1,834.781006,49.95208
0.100647,416.661133,243.747131,1,888.185486,-2.443145
0.10022,416.325073,243.954132,1,878.191956,0.095594
0.112732,415.942657,244.187332,1,893.431091,-3.355202
0.112549,415.553253,244.422913,1,873.526123,8.295805
0.100281,415.197052,244.637085,1,898.961304,29.423334
0.11145,414.788361,244.881393,1,816.637756,56.68885
0.114136,414.352936,245.139938,1,803.667908,149.728394
0.114014,413.897156,245.40889,1,742.646423,156.45311
0.113403,413.420593,245.689102,1,736.742371,202.812057
0.112305,412.924744,245.980026,1,879.54657,75.98275
0.110413,412.414337,246.278778,1,876.650024,85.411079
0.111816,411.872711,246.594879,1,915.920227,92.768944
0.110229,411.317352,246.917587,1,1279.933838,163.811325
0.110413,410.741882,247.250092,1,1294.811035,261.034607
0.111206,410.141083,247.594894,1,894.14386,229.772842
0.107788,409.536926,247.939056,1,820.459412,220.510849
0.110657,408.895416,248.301895,1,779.215515,274.379333
0.109009,408.243622,248.66777,1,757.656982,308.040466
0.109192,407.570374,249.042801,1,752.09729,336.042664
0.110779,406.867676,249.430557,1,758.235718,329.196899
0.108948,406.158051,249.817398,1,861.464478,190.782486
0.108459,405.432922,250.207504,1,892.890686,107.200676
0.106018,404.705566,250.59343,1,870.939392,112.039986
0.106262,403.958893,250.983978,1,882.905029,106.932625
0.106934,403.19043,251.380295,1,874.409973,103.837173
0.104736,402.421326,251.771347,1,881.25238,96.907448
0.107361,401.615753,252.175278,1,1306.105103,30.024118
0.106873,400.797729,252.579147,1,1304.087524,26.423111
0.110229,399.936462,252.997025,1,884.347961,36.794109
0.111572,399.045807,253.420898,1,880.272583,42.638649
0.111572,398.135986,253.845154,1,882.275635,44.763851
0.102905,397.278503,254.236984,1,875.619324,38.897675
0.111328,396.33075,254.661133,1,877.066528,31.028194
0.108887,395.382324,255.076614,1,933.943604,85.183334
0.109497,394.402618,255.496521,1,966.064331,149.849747
0.112488,393.349976,255.938095,1,977.062439,143.87912
0.112488,392.243927,256.391998,1,966.348938,140.236237
0.111816,391.091492,256.854675,1,944.133728,122.829491
0.112244,389.881317,257.330353,1,922.291809,126.195602
0.113953,388.606384,257.820465,1,904.373596,110.36554
0.109131,387.383301,258.280762,1,863.882385,96.67189
0.102905,386.234711,258.703949,1,838.113098,78.145416
0.111755,384.978455,259.156647,1,753.293396,62.481682
0.101074,383.844391,259.556122,1,750.615723,60.923195
0.112183,382.580597,259.990906,1,734.272034,61.07262
0.114319,381.283722,260.425781,1,785.235413,180.054092
0.101685,380.127777,260.803833,1,771.775208,179.259079
0.10144,378.970581,261.173309,1,782.472229,201.864288
0.114929,377.653717,261.582733,1,793.180298,205.973404
0.100159,376.502808,261.930939,1,862.650208,206.759491
0.101196,375.335114,262.274994,1,875.758057,224.0233
0.101318,374.161713,262.611084,1,884.671326,217.461227
0.101746,372.977356,262.940094,1,884.061401,58.917168
0.101196,371.793701,263.258392,1,890.154846,66.219986
0.100891,370.608307,263.566406,1,881.623596,60.602707
0.102356,369.400726,263.869019,1,880.329834,101.469856
0.104126,368.166382,264.166718,1,868.689758,179.821442
0.104187,366.926025,264.454254,1,870.555176,190.484726
0.105408,365.66684,264.733765,1,849.685425,200.531372
0.104126,364.417267,264.998901,1,785.901123,210.929703
0.105835,363.14325,265.256287,1,793.979553,202.634018
0.103455,361.893341,265.495422,1,795.391357,211.690155
0.102539,360.649384,265.719757,1,796.606201,226.310104
0.104797,359.374298,265.935333,1,792.110291,223.627945
0.105347,358.087585,266.137878,1,811.20166,230.494324
0.104126,356.811707,266.324066,1,815.249512,224.22316
0.105896,355.509674,266.499084,1,817.919373,231.911148
0.105347,354.210724,266.658691,1,851.668396,181.460175
0.104309,352.921112,266.802582,1,866.788391,104.740799
0.10614,351.604706,266.934509,1,863.691223,165.39418
0.106934,350.275299,267.052399,1,864.087891,233.086105
0.104553,348.972717,267.152893,1,869.671326,224.082214
0.106812,347.638611,267.240601,1,872.314453,235.874466
0.106567,346.304718,267.312744,1,883.325317,249.545258
0.107727,344.953522,267.370087,1,901.795349,261.537476
0.10907,343.582764,267.412476,1,897.426453,267.304016
0.11145,342.179657,267.44165,1,911.147644,246.096649
0.10675,340.834259,267.461914,1,912.545471,263.60437
0.110291,339.44223,267.483398,1,915.189575,262.669403
0.105347,338.111664,267.514496,1,1014.119019,268.484497
0.110046,336.721649,267.570312,1,1001.53418,264.727142
0.108276,335.353851,267.658508,1,971.151123,242.830673
0.116638,333.882324,267.796112,1,946.40448,236.253998
0.116211,332.419067,267.977875,1,896.412415,170.421051
0.114929,330.976166,268.198547,1,886.096497,194.17067
0.113281,329.558594,268.452148,1,889.388367,273.263489
0.103882,328.262512,268.713135,1,858.96521,291.040833
0.115112,326.831451,269.031342,1,834.361694,282.647369
0.115967,325.39389,269.377014,1,812.108826,251.553406
0.105408,324.089203,269.703125,1,829.256714,155.951248
0.109558,322.731445,270.038666,1,829.899658,184.294861
0.106262,321.409607,270.344879,1,796.178772,269.119141
0.110229,320.031128,270.630981,1,819.894287,191.280472
0.106262,318.694,270.868774,1,857.976807,135.49324
0.113647,317.256531,271.07666,1,892.821472,114.963165
0.112305,315.830292,271.234497,1,897.12262,100.178391
0.112305,314.399567,271.349548,1,890.030518,137.259476
0.108765,313.011017,271.422821,1,927.586182,153.755356
0.114014,311.553558,271.460358,1,963.591064,147.872086
0.111877,310.123352,271.457703,1,848.80188,139.230759
0.111328,308.700073,271.414856,1,891.422485,176.152649
0.112549,307.262573,271.335815,1,938.764709,174.917862
0.115723,305.785675,271.230316,1,961.293396,155.763992
0.113281,304.339996,271.117126,1,976.153687,166.663162
0.106018,302.987762,271.011353,1,977.163635,176.552246
0.111877,301.560974,270.904694,1,965.912109,167.171753
0.109558,300.163086,270.806152,1,964.502563,176.960632
0.108887,298.774017,270.712006,1,969.961182,181.823288
0.114807,297.309265,270.614014,1,974.131042,168.846436
0.111084,295.892517,270.518799,1,970.036499,180.366089
0.109924,294.490387,270.424805,1,979.202942,186.010101
0.114502,293.030396,270.331329,1,976.885986,208.297607
0.116516,291.543976,270.245941,1,967.460999,210.313217
0.116394,290.058014,270.173859,1,960.157104,204.146255
0.100159,288.779633,270.122772,1,964.767578,193.751434
0.100159,287.500916,270.080139,1,957.270447,204.762802
0.115967,286.020752,270.038544,1,954.679443,207.785385
0.11554,284.545776,270.002472,1,955.782593,217.504196
0.116516,283.058228,269.970337,1,949.164612,228.340561
0.115906,281.57843,269.942474,1,932.930603,246.568924
0.101074,280.288818,269.922424,1,936.944092,258.702698
0.10083,279.001648,269.90683,1,930.689697,256.283539
0.116821,277.510101,269.893951,1,930.75,269.104248
0.10437,276.176636,269.886444,1,928.458435,264.838257
0.113464,274.72641,269.88147,1,926.707214,263.147614
0.115356,273.251343,269.878723,1,914.280273,277.502869
0.115601,271.773468,269.877533,1,903.690369,280.481445
0.115662,270.293762,269.877655,1,897.255615,293.742096
0.111938,268.86145,269.879303,1,951.195923,277.385925
0.116638,267.3685,269.882629,1,912.134644,274.704987
0.102112,266.060822,269.887115,1,918.798096,272.004333
0.100342,264.776825,269.89267,1,922.744873,273.424164
0.105225,263.429626,269.899017,1,915.861877,264.270081
0.101135,262.136169,269.905304,1,921.335449,250.496292
0.115295,260.666199,269.912018,1,931.559204,240.194763
0.10022,259.39325,269.917511,1,920.786499,234.39624
0.115723,257.933014,269.923523,1,924.509949,237.615479
0.117371,256.465271,269.929443,1,1328.113403,-23.147196
0.100159,255.226074,269.93454,1,1387.44397,-68.474731
0.101196,253.984116,269.939758,1,1397.400513,-74.786148
0.115784,252.57608,269.945831,1,1257.53772,-7.962407
0.100403,251.365814,269.951111,1,916.186279,278.692169
0.100403,250.166107,269.95639,1,904.050781,326.951019
0.114075,248.816864,269.962189,1,918.257446,314.000916
0.114685,247.483627,269.967834,1,909.989258,299.524872
0.11261,246.206635,269.973267,1,922.122253,289.606384
0.110779,244.987122,269.978424,1,907.092224,335.438812
0.111938,243.783768,269.983521,1,903.927124,336.06778
0.10022,242.726059,269.988098,1,886.333496,305.34787
0.116577,241.520264,269.993256,1,862.087524,109.975586
0.116211,240.352264,269.99826,1,870.899902,134.035812
0.100098,239.37912,270.002441,1,877.459839,146.269897
0.101074,238.430817,270.0065,1,861.307251,126.188576
0.116211,237.384003,270.010925,1,918.843506,230.597183
0.100281,236.516891,270.014618,1,928.211731,252.165649
0.101074,235.670975,270.01825,1,931.26178,237.968033
0.116028,234.742813,270.022217,1,930.361755,245.19902
0.115662,233.876556,270.025909,1,922.296509,239.503235
0.106384,233.116409,270.029144,1,921.47876,238.66713
0.111328,232.354614,270.03241,1,915.49231,245.161316
0.100098,231.703522,270.035187,1,926.454468,224.911774
0.115723,230.969284,270.038361,1,871.838074,73.90834
0.116577,230.222458,270.041534,1,872.190186,76.643364
0.100647,229.585464,270.044281,1,874.379761,79.073776
0.115906,228.8759,270.047302,1,870.882874,71.895164
0.116455,228.172958,270.050323,1,872.672241,120.519341
0.100281,227.571915,270.052948,1,905.581055,181.174606
0.116821,226.888214,270.055817,1,925.420654,232.655411
0.116455,226.222412,270.058685,1,928.309387,227.410324
0.116272,225.564255,270.061523,1,929.615662,223.877518
0.100342,225.004257,270.063934,1,916.915039,240.977829
0.100403,224.456482,270.066223,1,924.189087,241.38591
0.116577,223.831421,270.068878,1,935.821594,250.265762
0.115234,223.221329,270.071533,1,900.525574,232.686447
0.100098,222.699173,270.073822,1,898.994263,239.369812
0.100403,222.183243,270.075958,1,882.532898,225.42897
0.100403,221.674911,270.078125,1,845.834473,107.84874
0.117126,221.090775,270.080597,1,888.607544,165.548035
0.111389,220.544464,270.083008,1,904.510925,230.419998
0.107727,220.023254,270.085266,1,917.114319,206.636139
0.114929,219.469818,270.08783,1,926.622375,194.989365
0.116028,218.895752,270.090729,1,856.094238,86.113884
0.116272,218.26973,270.094025,1,861.852234,91.028114
0.10022,217.685532,270.09729,1,919.714294,188.985229
0.116821,216.952774,270.101471,1,921.285645,168.472061
0.116455,216.167465,270.106171,1,917.399658,169.208084
0.116089,215.335022,270.11142,1,915.688232,162.212112
0.115845,214.498856,270.116913,1,918.929993,184.111298
0.116699,213.698288,270.122437,1,920.927795,165.548523
0.10022,213.028717,270.127319,1,921.687683,156.626175
0.11615,212.251526,270.133148,1,913.755676,153.860352
0.115295,211.515396,270.138885,1,916.056885,133.002762
0.100403,210.916672,270.143677,1,852.898743,11.808735
0.11615,210.25383,270.14917,1,863.330872,30.539007
0.115173,209.639816,270.15448,1,925.902344,90.703812
0.116577,209.079437,270.159393,1,953.803833,119.492836
0.115845,208.579895,270.16391,1,934.665649,108.057877
0.113464,208.146805,270.167908,1,916.071411,121.984299
0.10907,207.784576,270.171356,1,925.098755,125.635315
0.111694,207.471466,270.174316,1,918.077881,137.401978
0.111145,207.218948,270.176727,1,853.968628,64.365082
0.113708,207.02121,270.17865,1,857.038086,60.620956
0.111572,206.884613,270.179962,1,921.701965,113.343208
0.11322,206.802185,270.180786,1,926.063416,123.250786
0.11377,206.775726,270.181061,1,928.387939,138.91507
0.111938,206.77832,270.18103,1,921.302917,125.963921
0.104797,206.784485,270.181,1,903.035339,55.69508
0.106873,206.78801,270.180969,1,895.817505,73.430672
0.115723,206.787476,270.181,1,875.516235,65.272049
0.115662,206.784988,270.181,1,875.501465,65.009567
0.101318,206.781982,270.181,1,865.732117,57.003033
0.115173,206.777039,270.181,1,864.054871,53.436092
0.100647,206.770721,270.181,1,860.831299,57.788643
0.116089,206.760666,270.181183,1,865.12915,48.18343
0.102905,206.749237,270.181366,1,866.385437,38.423763
0.114197,206.7341,270.181519,1,864.808411,36.969173
0.115784,206.716354,270.181702,1,854.503113,39.856586
0.116882,206.695984,270.181885,1,856.395813,39.102924
0.100159,206.676544,270.182037,1,857.14978,37.437992
0.100098,206.655212,270.182159,1,855.413696,37.125751
0.100098,206.632004,270.182343,1,859.742432,33.237354
0.116455,206.602737,270.182648,1,859.242004,26.363281
0.116577,206.570999,270.183014,1,872.95282,15.395195
0.107239,206.539703,270.183319,1,867.037842,28.268017
0.107178,206.506409,270.183655,1,891.399353,13.484881
0.102051,206.472839,270.18396,1,869.964294,27.31286
0.100342,206.438126,270.184296,1,926.521118,134.21257
0.115967,206.395813,270.184631,1,930.324646,193.99736
0.101013,206.357132,270.184937,1,930.963928,210.393723
0.116028,206.310593,270.185333,1,1226.111328,-33.552383
0.100769,206.268402,270.185791,1,1298.178101,-99.354477
0.114075,206.218597,270.18631,1,833.382385,60.319382
0.101257,206.172653,270.186737,1,848.942993,102.360458
0.117004,206.117477,270.187286,1,850.951538,119.418282
0.100281,206.068497,270.187775,1,859.319336,139.416611
0.116211,206.009766,270.188293,1,850.420959,81.956406
0.100098,205.957458,270.188751,1,857.357483,76.273895
0.116272,205.894775,270.189301,1,858.578369,73.620468
0.116577,205.829865,270.189819,1,857.344177,57.132877
0.117188,205.762573,270.19046,1,1306.65979,35.411716
0.116272,205.693817,270.191162,1,1455.962524,-121.329926
0.100769,205.632599,270.191772,1,1455.962524,-121.329926
0.116211,205.560165,270.192474,1,1309.536865,-309.783173
0.100342,205.496033,270.193115,1,1309.536865,-309.783173
0.116516,205.419785,270.193817,1,1309.536865,-309.783173
0.100098,205.352753,270.194489,1,1309.536865,-309.783173
0.100647,205.283951,270.195343,0,0,0
0.115479,205.203278,270.196381,0,0,0
0.100891,205.131302,270.197021,1,916.620483,66.91394
0.116211,205.046661,270.19754,1,935.829407,258.483673
0.115601,204.960678,270.197815,1,932.614075,265.75528
0.100098,204.884796,270.19812,1,928.44751,270.646729
0.116272,204.795013,270.198853,1,921.634827,349.877441
0.100159,204.716278,270.19986,1,925.359009,346.781067
0.10022,204.636169,270.201233,1,940.405701,287.801483
0.100098,204.554901,270.202789,1,997.772583,213.469299
0.11676,204.458496,270.204712,1,994.397705,194.264984
0.116272,204.360794,270.206543,1,960.937744,155.769577
0.100098,204.275375,270.208069,1,895.310913,155.578384
0.117188,204.173767,270.209808,1,890.932739,140.848831
0.100403,204.085449,270.211395,1,896.885376,123.275581
0.115662,203.982117,270.213318,1,912.668579,121.57785
0.100098,203.891434,270.215149,1,902.442261,110.015648
0.100037,203.799591,270.21701,1,903.842529,97.340866
0.100281,203.706345,270.219025,1,908.462036,105.795616
0.115845,203.597214,270.221344,1,898.195251,98.745384
0.100342,203.50148,270.223511,1,905.417969,93.828423
0.100342,203.404495,270.225616,1,910.096802,93.66803
0.116943,203.290161,270.228241,1,908.146667,93.713005
0.109802,203.181427,270.230743,1,893.333374,257.43045
0.107483,203.0737,270.233215,1,885.993286,180.407608
0.111206,202.960922,270.235504,1,876.288635,184.587875
0.104126,202.854065,270.237457,1,881.727661,200.043762
0.100403,202.75,270.239258,1,887.86261,136.405304
0.116089,202.628372,270.24115,1,886.820557,137.545288
0.100403,202.522034,270.242767,1,888.107788,137.782181
0.101013,202.414001,270.244415,1,1354.650757,-85.62294
0.11377,202.291031,270.246277,1,1362.976929,-70.562782
0.116821,202.163483,270.247955,1,941.162842,147.878387
0.116577,202.034821,270.249512,1,931.922119,188.815613
0.116699,201.904694,270.250854,1,943.079346,198.207642
0.101196,201.790787,270.251892,1,875.292236,186.536621
0.115723,201.659302,270.253082,1,887.479492,189.648453
0.116272,201.525879,270.254211,1,881.428162,180.253998
0.100037,201.410141,270.255127,1,887.989807,185.353241
0.116272,201.274384,270.256195,1,878.467041,176.123795
0.100098,201.156494,270.257111,1,866.474854,209.053696
0.100281,201.037506,270.257874,1,868.162659,232.387909
0.100586,200.917206,270.258636,1,902.74231,181.778854
0.116455,200.776779,270.25943,1,906.179199,194.702957
0.115417,200.636459,270.260071,1,900.568237,189.507385
0.116455,200.493698,270.260742,1,900.180725,169.15947
0.116333,200.349915,270.261292,1,888.110168,163.083801
0.114563,200.207214,270.26178,1,890.93811,164.089569
0.102173,200.078949,270.262085,1,887.373718,160.40036
0.100708,199.951721,270.26239,1,910.949585,150.138351
0.115845,199.804291,270.262573,1,928.246521,158.783554
0.101013,199.674835,270.262726,1,931.594238,169.309128
0.116699,199.527542,270.262756,1,932.418152,159.718765
0.116455,199.412033,270.262695,1,928.69873,164.858139
0.116638,199.346741,270.262634,1,917.78009,166.218643
0.100098,199.332443,270.262604,1,890.162048,163.266617
0.116028,199.337524,270.262604,1,884.642334,169.432007
0.105713,199.344711,270.262665,1,873.189453,147.819168
0.111389,199.348022,270.262726,1,857.673096,150.298691
0.100708,199.346878,270.262756,1,856.98114,153.191315
0.116638,199.343948,270.262756,1,878.403687,179.442566
0.103516,199.342453,270.262756,1,872.516602,188.669708
0.111633,199.34259,270.262726,1,880.378113,187.552094
0.116333,199.343628,270.262695,1,875.053528,177.765213
0.101074,199.344254,270.262695,1,872.102051,174.930542
0.100464,199.344254,270.262695,1,869.95343,191.93866
0.116455,199.343842,270.262726,1,885.429504,202.001175
0.11615,199.343552,270.262726,1,1028.608643,203.755569
0.116028,199.343552,270.262726,1,1020.399719,207.853531
0.108215,199.343689,270.262726,1,1017.261108,221.942398
0.106018,199.343811,270.262726,1,989.046936,238.140793
0.106689,199.343826,270.262695,1,951.998108,265.184143
0.113098,199.343796,270.262695,1,952.24054,269.772919
0.116333,199.343765,270.262695,1,966.962219,275.480286
0.100952,199.343765,270.262726,1,1012.548523,231.931274
0.101013,199.343765,270.262726,1,1013.162964,225.676651
0.101257,199.343781,270.262726,1,1015.455078,212.890747
0.113403,199.343796,270.262726,1,1021.068665,212.545288
0.100342,199.343781,270.262726,1,1026.210693,208.746735
0.115906,199.343781,270.262756,1,900.834961,242.610565
0.115967,199.343781,270.262726,1,905.305054,248.495178
0.100403,199.343781,270.262726,1,905.894958,229.388107
0.116211,199.343124,270.262726,1,902.395386,270.636597
0.116089,199.336716,270.262726,1,871.564148,167.717361
0.101196,199.307617,270.262695,1,850.483154,76.743622
0.100342,199.236908,270.262573,1,847.066528,64.30204
0.11615,199.102127,270.262177,1,845.487061,47.856758
0.100586,198.940109,270.261627,1,850.669128,47.472198
0.116516,198.700775,270.260651,1,908.65741,89.048279
0.116882,198.403885,270.259155,1,916.611328,143.544815
0.116394,198.051529,270.256927,1,928.181091,160.773102
0.116455,197.641998,270.253784,1,925.218811,171.877396
0.100281,197.244522,270.250122,1,901.927246,153.907211
0.100037,196.806122,270.245392,1,854.481995,90.750793
0.100037,196.326797,270.239319,1,851.703552,68.213043
0.101013,195.801239,270.231659,1,862.874023,67.067429
0.10083,195.234879,270.22226,1,856.522705,78.675339
0.111023,194.563385,270.209778,1,851.406921,72.155937
0.103149,193.894196,270.196014,1,850.406067,66.632797
0.10083,193.197891,270.180267,1,817.976929,-120.409744
0.115906,192.345993,270.159149,1,817.976929,-120.409744
0.100403,191.563919,270.138,1,817.976929,-120.409744
0.116455,190.604431,270.10968,1,817.976929,-120.409744
0.116455,189.589584,270.077545,1,841.22229,55.907608
0.100403,188.669098,270.047668,1,873.928345,136.054443
0.116211,187.551559,270.011169,1,930.457397,239.928345
0.100159,186.543488,269.978546,1,932.794739,274.041626
0.116394,185.320129,269.939514,1,924.308533,278.638031
0.116455,184.039734,269.899078,1,917.420654,296.221619
0.100037,182.895752,269.863037,1,912.336975,283.410126
0.116943,181.506378,269.819122,1,888.238892,214.063232
0.116028,180.071777,269.773621,1,868.807434,101.670021
0.100281,178.786453,269.732666,1,870.998291,100.003265
0.104065,177.409256,269.688751,1,861.794556,120.11084
0.10553,175.966751,269.642792,1,874.851807,95.216576
0.118286,174.295654,269.58963,1,867.454346,99.374176
0.105286,172.75824,269.541077,1,908.181702,172.566071
0.104858,171.181381,269.492767,1,931.901062,247.70726
0.107727,169.511597,269.444336,1,929.65448,241.784714
0.10437,167.846756,269.399658,1,871.437012,67.341782
0.116455,165.934647,269.353607,1,871.006958,78.627144
0.101379,164.223969,269.317963,1,864.111389,70.50119
0.110474,162.338531,269.284729,1,859.570496,52.426685
0.104065,160.567841,269.259399,1,868.941956,47.668118
0.101013,158.855652,269.240051,1,909.655396,94.366104
0.11438,156.933289,269.224335,1,904.832642,107.271843
0.109619,155.102692,269.215118,1,860.470459,45.49472
0.111938,153.245361,269.210938,1,863.84082,57.553204
0.114197,151.361267,269.211121,1,916.881042,127.25824
0.112122,149.522552,269.214783,1,934.272217,199.000519
0.107239,147.775436,269.220978,1,935.910706,214.607452
0.113281,145.941025,269.229858,1,937.8526,246.741562
0.112732,144.128021,269.240936,1,940.905273,270.976654
0.108093,142.399902,269.253693,1,912.626953,312.134918
0.113281,140.599594,269.269226,1,924.117737,309.171112
0.105896,138.928238,269.285828,1,918.716431,349.045227
0.109985,137.201538,269.305145,1,889.950439,316.922272
0.106323,135.544205,269.325867,1,881.441223,152.525726
0.11145,133.814514,269.349609,1,887.889282,154.922867
0.112671,132.080429,269.375336,1,882.048157,148.16481
0.106201,130.453857,269.40036,1,880.492737,168.127991
0.113159,128.730606,269.426544,1,874.868469,161.328781
0.109741,127.071342,269.450745,1,878.106567,152.951874
0.109131,125.430588,269.472961,1,884.452271,320.217041
0.113403,123.736198,269.493652,1,897.822205,330.85379
0.107178,122.145111,269.511017,1,895.455261,330.474243
0.111816,120.495338,269.527008,1,908.559021,353.453064
0.113037,118.836639,269.541077,1,906.872864,362.7453
0.108765,117.251152,269.552887,1,912.846924,382.613068
0.110474,115.651398,269.563019,1,901.245239,395.824005
0.112549,114.030594,269.571381,1,885.341614,405.855011
0.105957,112.514206,269.577545,1,876.009094,383.578094
0.112793,110.909485,269.582336,1,918.226013,400.578949
0.112793,109.315041,269.585327,1,911.733459,391.990234
0.107056,107.810326,269.58667,1,924.583923,397.407654
0.116211,106.18792,269.586365,1,917.865234,375.877441
0.116821,104.566879,269.584412,1,192.292435,182.109039
0.100586,103.178879,269.581421,1,209.769653,209.086441
0.112427,101.637825,269.577393,1,214.392242,219.497131
0.104004,100.219551,269.573853,1,928.063721,170.534592
0.110718,98.720917,269.571106,1,985.447754,176.878922
0.117554,97.136536,269.569916,1,874.832275,165.125946
0.109863,95.666695,269.570801,1,876.844116,159.583176
0.110596,94.195259,269.5737,1,224.094467,173.791473
0.113159,92.700859,269.578522,1,218.120117,196.480515
0.108154,91.279572,269.584808,1,439.686462,-286.620697
0.113037,89.802971,269.592896,1,439.686462,-286.620697
0.114746,88.314163,269.602631,1,439.686462,-286.620697
0.114014,86.861328,269.613586,1,439.686462,-286.620697
0.105957,85.539375,269.624664,1,439.686462,-286.620697
0.112183,84.170479,269.63739,0,0,0
0.10437,82.928421,269.649841,0,0,0
0.111938,81.624382,269.663727,0,0,0
0.106689,80.390556,269.677673,0,0,0
0.111328,79.111649,269.692902,0,0,0
0.11084,77.85273,269.708679,1,884.074036,190.18898
0.114014,76.566071,269.725677,1,969.415771,312.027496
0.112305,75.312302,269.743134,1,962.371887,308.011017
0.110596,74.090202,269.760986,1,1276.652954,269.532013
0.102173,72.970848,269.778137,1,1286.907593,256.134918
0.10791,71.799461,269.796844,1,1281.953369,239.533478
0.110596,70.609947,269.816681,1,1294.605347,226.595978
0.114258,69.392159,269.837769,1,1277.674316,189.358994
0.109985,68.230774,269.858704,1,1282.601562,175.124634
0.105347,67.128868,269.879242,1,1611.632812,170.426208
0.102295,66.069168,269.899658,1,1608.809448,162.004074
0.10376,65.002991,269.920837,1,1464.613159,95.702972
0.109863,63.883476,269.943817,1,1358.124146,42.192619
0.101074,62.863224,269.965363,1,1356.497681,55.644829
0.102661,61.836613,269.98761,1,1352.860107,51.760189
0.110229,60.743759,270.011993,1,1437.712036,104.406616
0.107666,59.686394,270.036224,1,1521.819824,216.439392
0.11145,58.602016,270.061707,1,1523.985718,214.997406
0.100952,57.628414,270.085175,1,1507.113281,200.800629
0.100342,56.670055,270.108826,1,1526.891968,186.870941
0.101807,55.70536,270.133087,1,948.67511,114.97802
0.109009,54.681198,270.159454,1,951.186829,126.788933
0.105347,53.701145,270.185272,1,924.74176,225.371017
0.101562,52.765732,270.210419,1,927.895996,223.003281
0.107422,51.783932,270.237366,1,905.022156,144.869324
0.10791,50.80732,270.264618,1,884.655396,89.736107
0.101318,49.898224,270.290192,1,887.473511,91.927933
0.116455,48.863728,270.318756,1,925.954041,228.708633
0.116089,47.842667,270.345886,1,923.064331,244.279861
0.101074,46.961452,270.367859,1,912.489868,226.467896
0.115723,45.962769,270.390411,1,857.147705,237.946747
0.114746,44.981152,270.409912,1,854.396057,251.584625
0.115234,44.005409,270.426605,1,855.170776,165.03891
0.112305,43.075077,270.440002,1,852.205383,79.153854
0.109863,42.212948,270.449738,1,864.103455,86.941864
0.110962,41.368946,270.45578,1,869.102478,80.527153
0.101562,40.60569,270.457825,1,866.152466,82.358177
0.114746,39.772331,270.456085,1,859.922424,80.261528
0.103516,39.032249,270.450836,1,860.228821,75.407242
0.102417,38.279465,270.442047,1,863.377869,75.140587
0.104858,37.494202,270.429718,1,952.858276,244.172577
0.106079,36.709026,270.414124,1,948.069336,259.521271
0.101074,35.964535,270.396362,1,949.884644,271.454468
0.100342,35.214531,270.375458,1,953.151367,272.286438
0.100952,34.45562,270.351288,1,846.223877,108.98381
0.10144,33.69894,270.324036,1,859.837097,125.286522
0.101562,32.942387,270.294434,1,854.986206,127.168945
0.109131,32.121548,270.261475,1,849.741699,114.423363
0.103638,31.340599,270.230377,1,860.071533,115.207458
0.10083,30.586082,270.201447,1,933.536072,172.196609
0.100952,29.832926,270.174133,1,974.241272,238.554504
0.116211,28.963015,270.144409,1,959.048767,220.334213
0.100098,28.214808,270.120117,1,964.765564,250.765259
0.100464,27.467773,270.09668,1,956.494019,273.774414
0.103027,26.702892,270.073273,1,969.837219,270.005341
0.109375,25.890894,270.048981,1,860.22113,136.132339
0.101562,25.13624,270.02713,1,869.407104,123.722519
0.100098,24.392567,270.006348,1,867.476318,115.890923
0.10083,23.64057,269.986176,1,864.644653,104.591743
0.101318,22.879761,269.966675,1,862.963135,99.248268
0.115845,22.003414,269.945404,1,860.042419,89.799515
0.116089,21.11198,269.925018,1,871.731873,73.232086
0.101807,20.317678,269.907745,1,864.653809,66.26606
0.109009,19.455023,269.889984,1,894.057495,62.597282
0.105957,18.601761,269.873383,1,879.478088,91.376854
0.102539,17.760845,269.858093,1,882.158325,110.217384
0.110474,16.839216,269.842529,1,875.269043,117.820999
0.103027,15.964444,269.828857,1,884.875122,113.442078
0.115845,14.963314,269.814514,1,880.654785,121.901611
0.10022,14.082618,269.803162,1,876.64032,130.62999
0.100708,13.182181,269.792694,1,877.253296,119.214783
0.110352,12.179296,269.782379,1,871.715515,110.338142
0.10498,11.207737,269.773773,1,963.071594,256.292938
0.101929,10.249136,269.766602,1,957.512634,270.863617
0.100342,9.291204,269.760712,1,957.570618,306.222595
0.10022,8.313363,269.756073,1,959.448059,327.066559
0.100952,7.289152,269.752594,1,903.599304,352.197601
0.109009,6.134674,269.750275,1,907.107483,355.416046
0.103638,4.992682,269.749542,1,910.812805,353.173798
0.100342,3.844442,269.750305,1,902.676331,352.022705
0.104004,2.61116,269.753082,1,907.367249,346.900604
0.113281,1.239605,269.758575,1,857.816406,157.008484
0.105591,-0.045219,269.766205,1,860.409058,150.289108
0.109741,-1.40314,269.776947,1,848.456726,151.969437
0.10083,-2.664531,269.789368,1,855.42804,138.236206
0.100342,-3.931849,269.804169,1,854.761475,130.181168
0.104126,-5.26668,269.822083,1,921.950439,285.405975
0.11084,-6.703913,269.843384,1,920.474854,293.78714
0.101318,-8.031075,269.864655,1,908.502075,304.029572
0.115967,-9.569857,269.890747,1,890.605408,291.042419
0.115845,-11.123731,269.917664,1,904.017944,295.059082
0.116211,-12.701723,269.943695,1,865.553711,136.400208
0.10022,-14.075723,269.964325,1,860.314819,133.522308
0.100342,-15.464643,269.982727,1,862.175598,133.066406
0.116455,-17.091478,270.000549,1,900.345886,198.972153
0.100464,-18.510143,270.012817,1,906.408386,264.635193
0.116089,-20.164505,270.023376,1,899.682983,259.567108
0.115967,-21.831186,270.030273,1,960.289551,192.617035
0.100098,-23.284685,270.033234,1,1051.017822,-28.286385
0.100708,-24.757025,270.033447,1,1054.752441,-13.042553
0.115845,-26.465811,270.029999,1,1074.979736,-6.031726
0.116699,-28.202736,270.02243,1,1074.106567,0.882839
0.116455,-29.950871,270.010468,1,894.406616,200.375214
0.10083,-31.475126,269.99646,1,895.661865,234.831177
0.116455,-33.24929,269.976135,1,909.006592,293.805328
0.100586,-34.794758,269.954803,1,900.935486,286.179932
0.116577,-36.597015,269.925903,1,904.063354,293.141296
0.116089,-38.404053,269.894012,1,861.358154,116.185104
0.100464,-39.983925,269.866455,1,857.540344,113.968307
0.116699,-41.864258,269.836456,1,868.067078,110.693542
0.115601,-43.772697,269.811157,1,861.843811,113.048851
0.10083,-45.468987,269.793976,1,863.29834,102.160538
0.116089,-47.460957,269.780182,1,856.028381,91.365456
0.117065,-49.486217,269.773071,1,853.068237,88.583763
0.115967,-51.502918,269.772339,1,860.925598,85.412712
0.100952,-53.267349,269.776855,1,858.503845,82.734673
0.115723,-55.301994,269.787872,1,917.744873,218.992249
0.100342,-57.074306,269.802673,1,935.293945,245.223938
0.115967,-59.137466,269.825867,1,920.094482,272.25705
0.116943,-61.228142,269.855682,1,926.76416,298.00238
0.10022,-63.030476,269.886414,1,936.374573,320.482178
0.116943,-65.145515,269.927948,1,1000.622192,391.985077
0.100586,-66.970764,269.968353,1,986.012207,416.655426
0.102417,-68.840355,270.014008,1,994.249207,452.310455
0.106567,-70.794769,270.064667,1,996.077759,444.267181
0.107056,-72.768738,270.116974,1,937.516907,271.697968
0.115356,-74.90435,270.173462,1,909.737061,199.592697
0.105835,-76.875107,270.224701,1,909.05127,199.114914
0.11145,-78.957108,270.277863,1,873.207092,161.201797
0.100342,-80.844002,270.325623,1,857.977478,174.122437
0.101318,-82.754669,270.373932,1,913.218567,342.230438
0.105713,-84.756752,270.424774,1,919.27771,324.595398
0.110718,-86.86132,270.478699,1,921.465088,321.76062
0.101074,-88.792664,270.528473,1,914.17627,330.734711
0.101196,-90.733292,270.578583,1,852.848267,327.512695
0.1073,-92.799774,270.631775,1,793.488464,351.692352
0.104248,-94.812195,270.68277,1,774.345459,339.102905
0.100464,-96.76252,270.730743,1,810.829773,300.261017
0.100464,-98.718422,270.776886,1,908.032898,152.471893
0.116699,-100.998619,270.827606,1,891.338562,149.342804
0.116455,-103.28421,270.874725,1,1294.113892,86.402184
0.100708,-105.269539,270.912476,1,1295.841797,76.597656
0.100586,-107.257538,270.947174,1,1100.454102,119.648933
0.115112,-109.540016,270.980011,1,871.179749,140.841812
0.117065,-111.871857,271.00116,1,860.347046,136.84024
0.116455,-114.199867,271.005859,1,868.675903,143.775589
0.116455,-116.53759,270.991425,1,913.201782,247.680466
0.100464,-118.561516,270.962585,1,907.464172,246.192062
0.116577,-120.914047,270.910461,1,931.32135,233.201279
0.116089,-123.267815,270.843414,1,924.480164,235.174149
0.116211,-125.631653,270.770477,1,936.138794,250.391602
0.100464,-127.679321,270.707489,1,918.115906,246.210541
0.116455,-130.063889,270.638214,1,944.686096,236.464462
0.116577,-132.455597,270.572449,1,936.669067,238.63028
0.10022,-134.519211,270.515167,1,928.574097,253.73111
0.116211,-136.920975,270.443054,1,938.806824,285.93045
0.10022,-138.995026,270.373444,1,935.210083,294.688751
0.10022,-141.07756,270.295959,1,948.67627,290.72757
0.116211,-143.496323,270.197571,1,942.652588,312.850433
0.116699,-145.932327,270.094177,1,940.857544,323.490387
0.116577,-148.374985,269.99118,1,905.400024,130.148376
0.116577,-150.823959,269.892029,1,905.400024,130.148376
0.116455,-153.276581,269.79837,1,905.400024,130.148376
0.115967,-155.726028,269.7099,1,905.400024,130.148376
0.100952,-157.866135,269.636169,1,924.490906,108.185715
0.116333,-160.335175,269.554321,1,954.643494,321.769531
0.100098,-162.467087,269.486176,1,963.41272,357.937134
0.116455,-164.952255,269.410065,1,948.34729,332.332977
0.116821,-167.451065,269.33902,1,881.414429,187.595932
0.116333,-169.945663,269.276337,1,871.876343,150.757935
0.116089,-172.438446,269.223236,1,863.501038,123.569817
0.124756,-175.126404,269.177307,1,933.653259,262.484894
0.108154,-177.459717,269.147217,1,919.341248,267.174957
0.104004,-179.709381,269.126801,1,926.720947,246.060089
0.115356,-182.209152,269.111755,1,920.403687,258.058441
0.100342,-184.388428,269.101501,1,912.851685,196.37468
0.10437,-186.658417,269.091614,1,907.760376,163.869339
0.110718,-189.071671,269.080536,1,915.199158,183.841553
0.115845,-191.60173,269.065704,1,930.128662,148.787598
0.116211,-194.143158,269.05304,1,912.803589,171.456406
0.100098,-196.336731,269.048462,1,913.727295,212.521591
0.115479,-198.871338,269.048431,1,911.643799,181.165024
0.11499,-201.401764,269.057648,1,908.257446,212.766312
0.100342,-203.611191,269.079742,1,893.99469,209.923813
0.100952,-205.838058,269.109467,1,904.68512,188.480591
0.116333,-208.410675,269.139893,1,902.109131,186.405029
0.116699,-210.993301,269.162231,1,971.088501,165.219421
0.116211,-213.57225,269.174774,1,959.777954,190.316818
0.100342,-215.800781,269.173859,1,962.452576,206.769623
0.116821,-218.399734,269.156067,1,969.94928,210.441055
0.116943,-221.004456,269.11911,1,985.982666,226.865967
0.116333,-223.599747,269.064758,1,997.87561,242.890991
0.100464,-225.844513,269.006134,1,1003.476196,254.319168
0.115845,-228.438385,268.929016,1,1009.548706,266.222473
0.116821,-231.054703,268.845825,1,1014.32959,263.428955
0.115479,-233.64624,268.761932,1,1012.098206,273.029846
0.100098,-235.894577,268.689453,1,861.060181,124.146233
0.115845,-238.499207,268.606628,1,863.61377,131.5495
0.10083,-240.76944,268.535065,1,957.318054,255.657303
0.116089,-243.38089,268.45282,1,954.993774,281.743317
0.110596,-245.848984,268.374969,1,958.908325,291.523651
0.106445,-248.206131,268.304077,1,970.082947,290.432037
0.106812,-250.555939,268.243713,1,967.828552,295.755157
0.10791,-252.914291,268.199066,1,1086.786011,283.264709
0.102173,-255.134842,268.175629,1,1085.085083,275.98468
0.103516,-257.369598,268.171936,1,1082.508545,261.560516
0.104736,-259.613983,268.188171,1,951.759338,259.003357
0.105347,-261.858978,268.2229,1,942.790588,252.917252
0.102539,-264.028687,268.273163,1,930.482239,260.257355
0.102051,-266.17453,268.338531,1,923.482788,275.287994
0.112915,-268.532288,268.428955,1,911.523315,267.096161
0.100952,-270.625977,268.526123,1,904.335327,262.286774
0.114624,-272.987274,268.655457,1,909.350403,253.685349
0.101318,-275.057556,268.78476,1,902.249878,261.629211
0.116821,-277.430939,268.941956,1,883.92334,241.795624
0.115845,-279.767792,269.089844,1,897.097168,246.940811
0.100586,-281.784973,269.197571,1,900.043335,231.893265
0.101562,-283.810608,269.278351,1,907.386841,217.697998
0.106689,-285.925842,269.329315,1,924.2854,198.159988
0.108765,-288.068787,269.348907,1,929.323303,175.612854
0.103149,-290.087006,269.346222,1,901.835144,184.831207
0.105103,-292.133209,269.334412,1,903.856873,211.369614
0.101685,-294.098999,269.32309,1,910.270935,245.554657
0.105591,-296.127838,269.316132,1,918.226685,238.046402
0.101929,-298.073914,269.314545,1,920.293274,242.570496
0.113892,-300.235657,269.315704,1,913.196594,256.832642
0.100342,-302.128082,269.315826,1,909.308411,252.398056
0.101929,-304.040497,269.312653,1,914.049805,255.437195
0.103149,-305.961975,269.305389,1,909.784058,244.26683
0.109131,-307.981995,269.29425,1,853.38269,75.957352
0.112793,-310.058258,269.281372,1,873.0224,114.769249
0.112793,-312.13678,269.271729,1,937.441895,281.624146
0.111328,-314.224518,269.270813,1,934.138855,314.742615
0.109497,-316.318573,269.281586,1,932.725891,301.547974
0.109253,-318.452087,269.305084,1,920.379395,297.378021
0.102051,-320.483612,269.338898,1,915.59436,302.55545
0.112671,-322.769226,269.388672,1,903.206909,298.65094
0.111938,-325.079803,269.449829,1,907.145752,283.334656
0.106689,-327.320404,269.517639,1,849.805115,77.114792
0.109009,-329.649811,269.594269,1,846.171143,36.165562
0.107056,-331.969635,269.674103,1,1349.212769,-108.318771
0.105835,-334.263794,269.753967,1,1336.88147,-94.707504
0.10791,-336.585144,269.83429,1,1346.730835,-103.948708
0.109497,-338.921173,269.913147,1,947.190491,240.618607
0.107056,-341.190094,269.983948,1,939.830811,301.580902
0.108276,-343.467529,270.045319,1,935.229004,316.162842
0.109619,-345.761139,270.096466,1,945.526001,303.859772
0.109131,-348.028534,270.13681,1,959.596497,272.420959
0.108521,-350.270599,270.16806,1,992.275513,218.38414
0.107056,-352.466553,270.192108,1,1003.454102,194.223282
0.107178,-354.648041,270.211517,1,1009.935852,193.405914
0.105957,-356.794434,270.228333,1,1006.928223,192.699951
0.109009,-358.988098,270.244232,1,1003.401001,200.534088
0.103638,-361.05957,270.258484,1,1016.069092,200.251617
0.107788,-363.19989,270.272522,1,1032.431641,209.548096
0.105957,-365.290222,270.285675,1,1033.864746,210.178345
0.11145,-367.475403,270.299652,1,1037.072632,191.482742
0.108276,-369.583557,270.316742,1,1044.458984,189.238785
0.108643,-371.678345,270.341522,1,1059.295532,185.466782
0.110962,-373.776886,270.378235,1,1052.234619,182.558273
0.110962,-375.827087,270.429108,1,1091.552368,188.15416
0.100586,-377.647461,270.488525,1,1189.683716,194.948456
0.113281,-379.653839,270.571472,1,1194.479614,203.508377
0.100708,-381.394257,270.659912,1,1200.622314,197.447128
0.101929,-383.117798,270.764252,1,1191.537354,213.964111
0.112549,-384.968994,270.896759,1,1118.038696,212.972885
0.111572,-386.746887,271.046783,1,1031.708252,211.262863
0.109497,-388.437317,271.212372,1,1026.963745,204.260941
0.113403,-390.12973,271.403229,1,854.9328,103.844444
0.11145,-391.736237,271.609528,1,864.788635,109.990921
0.112183,-393.297516,271.835327,1,858.594238,113.146446
0.109741,-394.770752,272.07373,1,846.43512,118.851074
0.108276,-396.171753,272.325073,1,845.661133,115.927231
0.110596,-397.543884,272.596649,1,855.95636,118.59594
0.108032,-398.815338,272.872742,1,844.396118,113.596779
0.109375,-400.032593,273.161407,1,838.933838,113.264351
0.109131,-401.176697,273.456573,1,839.566956,96.026184
0.109375,-402.253265,273.756866,1,829.946228,86.764557
0.108521,-403.264893,274.059967,1,844.029175,82.351509
0.110229,-404.252014,274.375305,1,1080.98584,139.036362
0.109253,-405.185364,274.691132,1,1091.601929,187.240768
0.105591,-406.051971,274.99881,1,1090.416138,184.253876
0.106689,-406.898315,275.310486,1,920.943604,155.253952
0.106201,-407.710052,275.616302,1,897.395508,163.441559
0.106079,-408.469971,275.905579,1,911.420959,175.034073
0.105713,-409.179657,276.176239,1,912.241516,177.579178
0.107544,-409.86499,276.437164,1,868.295776,99.886215
0.106934,-410.505005,276.680542,1,870.16925,103.299004
0.106567,-411.103943,276.909271,1,845.989014,80.748589
0.104492,-411.68158,277.132904,1,856.243774,70.537201
0.11377,-412.305145,277.37915,1,856.633972,83.7416
0.112549,-412.895081,277.617126,1,857.919922,81.074898
0.105957,-413.426849,277.835968,1,853.90094,66.418877
0.105713,-413.949463,278.055206,1,852.641968,75.48568
0.1073,-414.470215,278.277679,1,850.726257,76.337906
0.106689,-414.972931,278.496094,1,833.94104,76.153511
0.107666,-415.470795,278.716187,1,841.587341,79.518959
0.105591,-415.950928,278.93222,1,867.942505,69.652786
0.11145,-416.447906,279.160522,1,956.809387,123.042625
0.108032,-416.918549,279.382782,1,971.010254,182.701035
0.108154,-417.378693,279.608185,1,982.853882,186.094421
0.106812,-417.820831,279.835754,1,864.431702,96.187553
0.10791,-418.253937,280.073517,1,862.248718,102.293472
0.105713,-418.663696,280.315613,1,865.839417,116.478973
0.10376,-419.052368,280.561798,1,871.113647,126.877434
0.107788,-419.443115,280.825012,1,851.234985,125.24675
0.108398,-419.822906,281.094971,1,859.118774,118.030792
0.109741,-420.195557,281.371979,1,862.14856,150.808365
0.108032,-420.553833,281.645111,1,961.260925,217.641861
0.109253,-420.910034,281.918732,1,945.842346,216.733871
0.103882,-421.243958,282.174011,1,921.380066,252.128189
0.111572,-421.599762,282.441498,1,887.816101,118.445183
0.107788,-421.941559,282.691559,1,864.012939,128.1689
0.108887,-422.285522,282.934509,1,1009.983582,184.051056
0.107788,-422.625702,283.164764,1,1125.526001,300.86972
0.112061,-422.978088,283.393097,1,990.947144,264.450897
0.113281,-423.333252,283.612946,1,869.940796,138.660355
0.109131,-423.674133,283.813843,1,862.09021,137.530853
0.109741,-424.015717,284.005493,1,866.593445,138.187286
0.109497,-424.353943,284.189148,1,868.135254,141.869766
0.107056,-424.680695,284.364532,1,869.86499,96.586235
0.106079,-424.998657,284.537476,1,874.970154,63.535828
0.105835,-425.309265,284.711456,1,862.33783,26.933998
0.107056,-425.616791,284.888672,1,862.865906,5.407664
0.106689,-425.905975,285.058502,1,869.66571,7.807225
0.106934,-426.155823,285.207428,1,873.463806,8.685518
0.105713,-426.358337,285.328979,1,871.741333,10.451015
0.106201,-426.518494,285.424744,1,855.572754,4.021999
0.106812,-426.639557,285.496246,1,860.085327,85.385559
0.106323,-426.725586,285.546143,1,850.34967,110.639351
0.108398,-426.784851,285.579956,1,844.176819,12.817478
0.105347,-426.816711,285.5979,1,849.177673,7.940221
