time_step,pos_x,pos_z,eye_pos_valid,eye_pos_x,eye_pos_y
0,-315.390015,1173.160034,1,1107.154053,333.051819
0.112305,-315.392914,1173.164551,1,1117.719849,121.061684
0.110352,-315.398315,1173.172485,1,1117.719849,121.061684
0.11084,-315.40274,1173.178833,1,1010.954041,246.413559
0.100586,-315.404144,1173.180542,1,1012.769348,346.397858
0.112793,-315.402557,1173.177368,1,994.912476,634.223999
0.100098,-315.399963,1173.173218,1,996.661682,641.037598
0.100586,-315.398193,1173.170532,1,997.717163,629.190857
0.10083,-315.398285,1173.171509,1,941.525513,310.015137
0.113037,-315.39975,1173.174805,1,947.067505,306.045563
0.109619,-315.401123,1173.177368,1,1059.78833,245.502319
0.11377,-315.401459,1173.177612,1,1423.343994,154.366608
0.100342,-315.401031,1173.17627,1,1424.164795,137.677094
0.100586,-315.400543,1173.175049,1,1431.444824,134.627762
0.112305,-315.400421,1173.175049,1,1426.427124,46.241463
0.103027,-315.400665,1173.175537,1,1426.427124,46.241463
0.111084,-315.401062,1173.176514,1,1426.427124,46.241463
0.100586,-315.401276,1173.177002,1,1505.490479,266.853912
0.100342,-315.401276,1173.177124,1,1512.813232,257.49823
0.108643,-315.401245,1173.177002,1,1147.594482,517.861633
0.111084,-315.401215,1173.17688,1,1096.156616,591.008606
0.100342,-315.401337,1173.17688,1,1094.522217,586.52063
0.100586,-315.40152,1173.17688,1,1093.372192,579.370605
0.101318,-315.401672,1173.17688,1,1109.945068,564.604675
0.102295,-315.401855,1173.17688,1,1490.187866,236.757217
0.100098,-315.402008,1173.17688,1,1495.259155,240.118515
0.101318,-315.402008,1173.17688,1,1544.760132,267.025452
0.102539,-315.402008,1173.17688,1,1539.077759,253.255524
0.112549,-315.4021,1173.177002,1,1530.304688,257.752441
0.103027,-315.402222,1173.17688,1,1536.401489,252.851791
0.102539,-315.402405,1173.17688,1,1536.828857,264.57782
0.102051,-315.402557,1173.17688,1,1535.768799,256.659332
0.102051,-315.40271,1173.17688,1,1528.046021,248.996185
0.110596,-315.402863,1173.17688,1,1532.733398,226.805588
0.100342,-315.403015,1173.17688,1,1524.525635,243.869049
0.112549,-315.403198,1173.177246,1,1530.522095,242.402237
0.101562,-315.403656,1173.178101,1,1533.150269,237.543213
0.100098,-315.404602,1173.180298,1,1522.862793,220.88826
0.102539,-315.406219,1173.183472,1,1468.318359,-145.02092
0.106934,-315.408813,1173.188721,1,1468.318359,-145.02092
0.112305,-315.412842,1173.197266,1,1468.318359,-145.02092
0.111816,-315.418427,1173.208496,1,1468.318359,-145.02092
0.111572,-315.425476,1173.2229,0,0,0
0.107422,-315.433685,1173.239746,0,0,0
0.109375,-315.44339,1173.259399,1,1088.294189,84.963226
0.113037,-315.454834,1173.282715,1,1099.942627,202.074173
0.109863,-315.467346,1173.30835,1,1110.479858,271.942047
0.100586,-315.480011,1173.334229,1,1106.103638,277.394073
0.10376,-315.494293,1173.363403,1,1050.713135,388.983032
0.10376,-315.509705,1173.394653,1,1050.818848,393.267151
0.110596,-315.527435,1173.430786,1,1043.960205,357.19342
0.111816,-315.546692,1173.470093,1,1040.330078,349.371124
0.100098,-315.565155,1173.50769,1,1298.605225,263.708252
0.112793,-315.587219,1173.552856,1,1150.425659,320.649292
0.102295,-315.608459,1173.596069,1,1009.831787,404.867828
0.103516,-315.631134,1173.642334,1,1021.051636,403.911224
0.107178,-315.655823,1173.692627,1,1019.567749,407.486328
0.10376,-315.680908,1173.743896,1,1006.062561,379.325623
0.10498,-315.707397,1173.797852,1,884.534546,251.885986
0.102051,-315.734344,1173.852661,1,889.78949,257.038147
0.106689,-315.763763,1173.912598,1,936.215332,261.779663
0.101074,-315.792999,1173.97229,1,1013.005554,341.450562
0.10083,-315.824036,1174.035522,1,1010.207642,335.751465
0.101318,-315.857697,1174.104248,1,877.213867,233.161896
0.100586,-315.894562,1174.179321,1,870.787354,232.572479
0.101074,-315.935944,1174.26355,1,864.811829,219.921875
0.103271,-315.984192,1174.361572,1,870.688843,212.833145
0.101807,-316.038849,1174.472656,1,865.651672,196.643311
0.102783,-316.101868,1174.600708,1,869.80072,189.33284
0.104004,-316.174652,1174.748657,1,968.304871,244.44545
0.107422,-316.259979,1174.922485,1,961.965027,260.694855
0.102539,-316.351105,1175.108276,1,853.082703,181.86058
0.104248,-316.453278,1175.31665,1,852.793091,178.091019
0.103516,-316.563904,1175.542236,1,852.66333,178.957825
0.104004,-316.684143,1175.787476,1,873.816223,179.819305
0.101318,-316.810608,1176.044678,1,865.92218,181.534943
0.105469,-316.951935,1176.332153,1,868.321228,184.189163
0.112793,-317.115143,1176.664185,1,992.80365,247.735474
0.104248,-317.277252,1176.994385,1,998.260559,248.567535
0.113281,-317.465485,1177.378418,1,1069.18689,308.937653
0.113037,-317.666412,1177.788818,1,1076.031006,307.979187
0.113281,-317.88031,1178.225952,1,1082.212524,317.683014
0.110596,-318.099823,1178.675781,1,1087.548706,311.261139
0.111816,-318.332855,1179.155151,1,1030.510742,346.499542
0.111328,-318.575012,1179.655273,1,1035.975464,365.240204
0.114746,-318.835266,1180.194214,1,864.991272,171.984116
0.101807,-319.074219,1180.69165,1,871.663635,182.503006
0.114746,-319.35144,1181.272461,1,869.644348,180.924744
0.106445,-319.614441,1181.827637,1,1086.540405,286.402222
0.113525,-319.90036,1182.436157,1,1106.026489,298.149048
0.11499,-320.195099,1183.070068,1,1188.405029,311.359436
0.11084,-320.485748,1183.70105,1,1185.006958,317.871094
0.109863,-320.777649,1184.340454,1,1191.611816,313.121643
0.114014,-321.083527,1185.019165,1,1202.858276,310.69223
0.11499,-321.394226,1185.717407,1,1201.779175,287.258759
0.110107,-321.69043,1186.393555,1,1106.864624,325.840912
0.111328,-321.990021,1187.090454,1,1110.48877,331.034119
0.114258,-322.297913,1187.823975,1,1117.053711,334.528809
0.114014,-322.601288,1188.569092,1,1112.953247,329.895325
0.106934,-322.88092,1189.280273,1,1184.37146,333.131866
0.111328,-323.16687,1190.033447,1,1238.389893,349.161285
0.114258,-323.455566,1190.822021,1,1249.745117,344.312897
0.113525,-323.734924,1191.616455,1,1246.671265,341.494568
0.109619,-323.997284,1192.394531,1,1254.743652,349.233704
0.113281,-324.259796,1193.212646,1,1257.963135,346.134857
0.101318,-324.485779,1193.956421,1,1250.842896,340.124207
0.115967,-324.731934,1194.819092,1,1251.699341,338.421326
0.114746,-324.960205,1195.686523,1,1252.89917,337.808197
0.112305,-325.16687,1196.550049,1,1247.503296,330.323792
0.110352,-325.35083,1197.409912,1,1324.635132,321.049896
0.110352,-325.514008,1198.282471,1,1330.564331,326.173096
0.106934,-325.651276,1199.138062,1,1323.198242,321.814697
0.110107,-325.769989,1200.029419,1,1311.524658,309.71991
0.106201,-325.862976,1200.899902,1,1303.777466,321.131653
0.110107,-325.936584,1201.811401,1,1293.508301,311.376343
0.106201,-325.985626,1202.699097,1,1301.64978,320.342133
0.106689,-326.012909,1203.598389,1,1296.721436,326.565186
0.107422,-326.017487,1204.51062,1,1265.940796,332.500061
0.105225,-325.999512,1205.408081,1,1212.807739,373.329681
0.111572,-325.955322,1206.366333,1,1191.565674,370.445953
0.105225,-325.889648,1207.273804,1,1197.22229,373.96875
0.109619,-325.796082,1208.223999,1,1176.560913,358.957306
0.10791,-325.678864,1209.160767,1,1160.032593,346.282013
0.111328,-325.53299,1210.131592,1,1144.4646,328.111176
0.112549,-325.366241,1211.114136,1,1127.184692,311.726196
0.104736,-325.19931,1212.032837,1,1126.676758,320.894318
0.114746,-325.008759,1213.037231,1,1116.188843,318.257874
0.106201,-324.825623,1213.97229,1,1126.216919,318.685944
0.106445,-324.635681,1214.9104,1,1119.092651,312.220245
0.106934,-324.436523,1215.85498,1,1126.522461,312.815613
0.106689,-324.226959,1216.799683,1,1139.066528,317.082703
0.113037,-323.991486,1217.800293,1,1137.356079,342.68042
0.111572,-323.744415,1218.787354,1,1136.198975,319.056274
0.106201,-323.495087,1219.727905,1,1172.240967,304.128143
0.111084,-323.22052,1220.710693,1,1203.918213,308.645569
0.109863,-322.935638,1221.68042,1,1202.278442,303.520691
0.109863,-322.635834,1222.652466,1,1205.000977,296.088287
0.111572,-322.316498,1223.63501,1,1198.081299,297.67038
0.105469,-321.998474,1224.563232,1,1208.538208,290.885803
0.106689,-321.659363,1225.502686,1,1204.31604,296.75766
0.106934,-321.298523,1226.450684,1,1205.293457,299.492859
0.103271,-320.929321,1227.374268,1,1204.291992,299.971832
0.103271,-320.534454,1228.317993,1,1192.627686,294.256744
0.105957,-320.094299,1229.324341,1,1188.360352,303.007935
0.105957,-319.619354,1230.364502,1,1244.93811,301.546448
0.104004,-319.116669,1231.422241,1,1224.302368,303.405731
0.10376,-318.577606,1232.509644,1,1232.674805,319.37796
0.106201,-317.990112,1233.639771,1,1216.014282,311.371582
0.105957,-317.378082,1234.760132,1,1215.918701,309.899536
0.108154,-316.721313,1235.901611,1,1215.419067,314.799866
0.102783,-316.065704,1236.983643,1,1195.125977,316.382568
0.104248,-315.370422,1238.075928,1,1155.948486,336.25296
0.105713,-314.633881,1239.178589,1,1142.895874,320.719696
0.106689,-313.857178,1240.289062,1,1136.373047,315.860291
0.10376,-313.074799,1241.361694,1,1123.789551,321.094604
0.107422,-312.237366,1242.465332,1,1112.020752,319.010254
0.105469,-311.386139,1243.546875,1,1101.015747,314.801178
0.103271,-310.532104,1244.597412,1,1105.11853,322.683807
0.106445,-309.625885,1245.677612,1,1091.28833,329.041748
0.106201,-308.698273,1246.749878,1,1120.175171,326.965179
0.104736,-307.75882,1247.80249,1,1111.526245,318.947174
0.106934,-306.775269,1248.870239,1,1101.399292,313.73468
0.110596,-305.736206,1249.963623,1,1096.502808,299.707581
0.108154,-304.693726,1251.03064,1,1097.39978,284.439392
0.104736,-303.668427,1252.056641,1,1097.005371,291.780579
0.101562,-302.654694,1253.052856,1,1075.310425,315.715179
0.104004,-301.60437,1254.068604,1,1066.918579,325.091187
0.108398,-300.493774,1255.125854,1,1074.516357,315.279907
0.105957,-299.391205,1256.157959,1,1069.7771,322.869812
0.106689,-298.266632,1257.190552,1,1061.876465,334.644287
0.105225,-297.136475,1258.20459,1,1084.029785,317.042725
0.105225,-295.989014,1259.208496,1,1091.776733,344.529877
0.10498,-294.822906,1260.201538,1,1092.191406,329.299591
0.104736,-293.640076,1261.182129,1,1089.797363,322.599396
0.102051,-292.470032,1262.127319,1,1091.716064,317.318909
0.107666,-291.217316,1263.113159,1,1089.580444,314.862335
0.108154,-289.937805,1264.094238,1,1139.382202,337.791687
0.107178,-288.653839,1265.053589,1,1135.196167,333.597809
0.111816,-287.292511,1266.044312,1,1134.417236,338.324158
0.11377,-285.891907,1267.037354,1,1112.667969,331.265442
0.105957,-284.56839,1267.953613,1,1118.363281,331.787537
0.103027,-283.274597,1268.831787,1,1121.294312,327.915771
0.103516,-281.965759,1269.7052,1,1003.761658,218.18309
0.107178,-280.605896,1270.597656,1,887.0672,127.953651
0.103271,-279.293701,1271.445435,1,1060.800903,258.285156
0.111572,-277.876862,1272.346436,1,1086.48291,336.046936
0.101562,-276.589508,1273.153076,1,1099.819336,334.029144
0.105225,-275.267334,1273.96936,1,1104.461548,335.392853
0.104736,-273.956787,1274.768066,1,1360.117554,425.005249
0.10498,-272.653717,1275.555054,1,1191.222778,387.495148
0.102539,-271.389191,1276.31604,1,1021.007935,311.655731
0.105713,-270.096771,1277.094849,1,1026.029785,303.438507
0.104004,-268.842163,1277.857666,1,1024.879028,280.883759
0.106201,-267.578827,1278.639404,1,1030.511108,251.935547
0.104248,-266.359894,1279.406128,1,1035.36377,254.08815
0.111084,-265.084381,1280.230835,1,1056.053833,287.444641
0.114746,-263.786469,1281.102783,1,1066.077759,253.729294
0.109619,-262.570435,1281.961182,1,1069.524414,221.880035
0.109131,-261.409088,1282.832642,1,1088.574097,225.07193
0.105225,-260.325134,1283.678345,1,1098.289185,216.916992
0.107178,-259.220032,1284.546387,1,1105.711914,210.17453
0.106689,-258.112946,1285.390625,1,1114.678955,196.494232
0.10498,-257.020477,1286.17981,1,1106.77063,184.50235
0.112549,-255.846634,1286.983887,1,1117.176636,149.242645
0.110352,-254.698532,1287.74585,1,1116.579224,145.218262
0.107422,-253.588928,1288.478638,1,1160.557251,305.534668
0.107666,-252.464371,1289.22583,1,1174.307251,276.145264
0.10791,-251.347061,1289.984253,1,934.704224,169.892593
0.108887,-250.262253,1290.703979,1,678.565002,238.104294
0.109619,-249.19487,1291.401123,1,560.93988,232.735077
0.108154,-248.136292,1292.095337,1,662.461853,417.965973
0.107422,-247.074631,1292.788818,1,611.454346,375.359192
0.109863,-245.992432,1293.485229,1,821.893921,463.799194
0.106689,-244.948288,1294.145752,1,889.419128,471.303101
0.106201,-243.923126,1294.783936,1,1429.833008,337.559906
0.10791,-242.887405,1295.416626,1,696.649658,292.891541
0.107666,-241.854004,1296.03125,1,735.60321,271.134521
0.111084,-240.782364,1296.638794,1,1379.063477,260.392822
0.109863,-239.7117,1297.200439,1,1062.154175,389.341156
0.110107,-238.630096,1297.712769,1,2254.062256,168.03125
0.114014,-237.497482,1298.185181,1,1870.963623,814.920105
0.100098,-236.495163,1298.549927,1,1731.701172,370.134613
0.116455,-235.321243,1298.915894,1,930.852478,208.027557
0.110352,-234.205093,1299.206787,1,1144.543945,126.722801
0.111084,-233.079376,1299.447144,1,1027.42688,137.344696
0.112305,-231.946945,1299.637573,1,1546.677368,251.901001
0.110352,-230.834732,1299.776855,1,1141.999512,115.293732
0.107422,-229.759506,1299.870728,1,1871.670654,234.721146
0.10498,-228.714111,1299.926147,1,1153.414185,246.026779
0.108887,-227.6418,1299.947388,1,1182.716553,259.916107
0.10498,-226.616592,1299.934937,1,1987.620728,356.518188
0.106689,-225.584015,1299.889282,1,1987.620728,356.518188
0.108398,-224.546753,1299.808105,1,906.108032,127.063576
0.108398,-223.523254,1299.693237,1,825.902588,234.222275
0.107666,-222.520798,1299.546631,1,960.95282,328.053101
0.106445,-221.544403,1299.373047,1,1724.22583,326.468872
0.109863,-220.552582,1299.166138,1,1424.179321,377.004608
0.113281,-219.545776,1298.925293,1,1145.122803,556.525757
0.117188,-218.521378,1298.64978,1,990.301697,284.782776
0.102295,-217.641266,1298.389648,1,1303.333252,407.432861
0.101318,-216.78389,1298.11731,1,1117.402588,280.46524
0.102783,-215.926331,1297.828125,1,1143.096924,298.504639
0.110596,-215.015961,1297.505615,1,995.204834,378.654541
0.104004,-214.172409,1297.196045,1,980.686401,213.541412
0.102539,-213.348953,1296.886475,1,1080.689941,250.819977
0.104004,-212.524506,1296.57019,1,978.502563,168.800369
0.10083,-211.73468,1296.260986,1,1136.358398,295.065979
0.102295,-210.961853,1295.95105,1,1126.991577,265.149841
0.107666,-210.195786,1295.634033,1,1095.997803,166.013077
0.104736,-209.486298,1295.327148,1,1103.392822,195.515839
0.106934,-208.799362,1295.013184,1,1087.233032,204.004852
0.106445,-208.159271,1294.702881,1,965.709412,269.743561
0.105225,-207.548447,1294.389771,1,1084.01355,221.555038
0.107178,-206.924881,1294.054199,1,1026.779175,85.125694
0.109619,-206.299591,1293.703125,1,1067.916138,277.875092
0.114014,-205.677353,1293.341309,1,1067.916138,277.875092
0.113037,-205.073761,1292.97998,1,933.639038,130.675537
0.105225,-204.518234,1292.63916,1,968.802307,196.445038
0.105713,-203.975693,1292.299194,1,963.151062,137.3069
0.103027,-203.463013,1291.970459,1,947.243713,142.915573
0.103271,-202.943832,1291.629761,1,935.843384,153.119598
0.102539,-202.399323,1291.264282,1,925.440125,157.894577
0.102783,-201.828079,1290.872192,1,930.996094,180.153763
0.101074,-201.250595,1290.467529,1,908.311096,182.275391
0.104004,-200.652237,1290.039673,1,902.44989,200.27536
0.103271,-200.060135,1289.607788,1,893.776794,201.493698
0.105713,-199.461136,1289.162109,1,890.318176,180.320862
0.100586,-198.890045,1288.729492,1,951.302185,160.946152
0.103271,-198.298553,1288.274292,1,940.827332,152.987488
0.102051,-197.711563,1287.81665,1,928.826172,93.561073
0.103516,-197.111969,1287.344482,1,939.216431,115.211433
0.103516,-196.509048,1286.866333,1,912.766296,141.726715
0.104248,-195.89595,1286.378418,1,889.37616,157.358215
0.103516,-195.284332,1285.891357,1,883.262695,160.24971
0.103271,-194.667633,1285.399658,1,805.433777,181.843307
0.103271,-194.045654,1284.903931,1,812.890808,200.981201
0.10376,-193.411453,1284.398682,1,871.928284,6.629241
0.102783,-192.777954,1283.894409,1,882.083252,29.717865
0.100586,-192.152161,1283.396851,1,855.316162,5.062366
0.115967,-191.421936,1282.817749,1,846.833496,152.712601
0.115723,-190.684875,1282.235107,1,848.355896,161.986938
0.11499,-189.946014,1281.653931,1,781.84613,181.905518
0.10083,-189.290146,1281.139771,1,780.663086,186.129608
0.100098,-188.634262,1280.627808,1,774.198792,195.731567
0.103516,-187.950439,1280.096069,1,766.347778,207.474686
0.103516,-187.260071,1279.562012,1,603.235413,-258.827881
0.101807,-186.57402,1279.0354,1,1129.578369,220.439713
0.101074,-185.885193,1278.512207,1,833.723816,248.223633
0.102295,-185.181473,1277.983521,1,1361.737305,-130.449661
0.103516,-184.462372,1277.450195,1,1364.391846,-160.085358
0.104736,-183.7258,1276.910645,1,1278.091675,-112.948677
0.113281,-182.921753,1276.329224,1,957.21698,108.284225
0.117188,-182.080307,1275.728516,1,811.392212,280.095001
0.116943,-181.230972,1275.129883,1,789.487488,369.844574
0.10083,-180.492493,1274.615967,1,801.531616,370.759247
0.101074,-179.745438,1274.101807,1,806.441956,372.048065
0.103027,-178.97673,1273.579346,1,772.187439,365.021912
0.116455,-178.100815,1272.991577,1,778.885986,341.381042
0.114746,-177.22699,1272.413574,1,781.820129,343.710327
0.114502,-176.348526,1271.840576,1,782.43335,359.262909
0.115479,-175.455002,1271.265625,1,788.238281,240.298523
0.102051,-174.656784,1270.758545,1,1036.294189,94.271347
0.115479,-173.74942,1270.189453,1,864.698059,141.902573
0.102539,-172.93689,1269.685303,1,858.51886,99.066788
0.115234,-172.018799,1269.120239,1,879.268311,182.985168
0.116943,-171.082199,1268.547363,1,845.292603,208.424606
0.105957,-170.229965,1268.029053,1,813.26062,272.26413
0.110107,-169.340927,1267.490601,1,812.442932,289.111603
0.102783,-168.505569,1266.987427,1,874.419861,59.230827
0.104736,-167.650421,1266.475464,1,879.309265,75.809189
0.109619,-166.754486,1265.942627,1,885.759094,84.6008
0.110352,-165.847946,1265.40686,1,884.627014,95.191162
0.106934,-164.969177,1264.891113,1,791.66925,308.528625
0.111816,-164.057556,1264.359375,1,793.339844,306.913605
0.11084,-163.159622,1263.838989,1,783.244812,292.986084
0.112793,-162.251495,1263.315796,1,780.588989,299.058655
0.11377,-161.335495,1262.79126,1,776.28302,302.493286
0.107422,-160.479202,1262.303833,1,838.822388,177.980118
0.113037,-159.590485,1261.801025,1,865.940063,133.296021
0.113525,-158.706406,1261.303955,1,886.290161,119.894852
0.107178,-157.882477,1260.84375,1,879.914001,107.193497
0.110352,-157.04631,1260.379517,1,811.834656,266.898224
0.109375,-156.232651,1259.93042,1,801.309021,262.179932
0.11084,-155.417145,1259.483032,1,806.518555,273.960846
0.113281,-154.597183,1259.035645,1,777.794189,282.425385
0.109619,-153.81543,1258.612427,1,786.366455,264.04303
0.10791,-153.056076,1258.204712,1,783.340881,263.923798
0.109619,-152.293655,1257.798828,1,827.709167,221.064804
0.108154,-151.553833,1257.408691,1,854.182617,196.789566
0.113037,-150.790665,1257.009521,1,868.296387,114.484077
0.106201,-150.084274,1256.643433,1,875.727844,127.967232
0.111572,-149.351288,1256.266357,1,837.207825,187.540848
0.105713,-148.667007,1255.917114,1,805.320129,281.480804
0.110596,-147.961563,1255.559814,1,795.381531,272.00351
0.116699,-147.229309,1255.192261,1,800.721558,279.586731
0.117188,-146.503433,1254.830566,1,802.852844,280.5513
0.106445,-145.854416,1254.510254,1,802.472717,282.128815
0.11084,-145.188477,1254.184326,1,824.77356,319.906555
0.111572,-144.527008,1253.863892,1,819.588684,322.457642
0.108643,-143.893387,1253.559692,1,826.683167,311.604919
0.112061,-143.248642,1253.25293,1,772.608276,288.682495
0.103271,-142.661636,1252.976685,1,775.915894,285.460144
0.111084,-142.039001,1252.686401,1,769.151794,285.211304
0.109619,-141.432358,1252.406616,1,773.148376,268.02005
0.111084,-140.82724,1252.130615,1,788.902344,283.816223
0.105469,-140.262299,1251.875732,1,815.970398,298.968719
0.109131,-139.684952,1251.618286,1,822.703003,304.077881
0.107422,-139.124878,1251.371338,1,824.291443,292.984222
0.113037,-138.544785,1251.119263,1,831.270081,299.064026
0.109375,-137.990753,1250.881348,1,834.774414,306.656128
0.105469,-137.456116,1250.654541,1,831.420898,317.172028
0.105225,-136.918396,1250.428955,1,790.445862,295.376282
0.110107,-136.34758,1250.192383,1,794.403503,300.052368
0.103271,-135.809494,1249.971924,1,788.839844,297.925415
0.10791,-135.236954,1249.740601,1,794.966064,273.681366
0.107178,-134.658524,1249.51062,1,807.962463,272.541565
0.102783,-134.097183,1249.29187,1,811.888977,265.917511
0.109131,-133.492737,1249.061401,1,808.382812,256.187866
0.104736,-132.901031,1248.841187,1,785.529846,263.331818
0.106445,-132.293304,1248.620605,1,805.581604,269.99649
0.108887,-131.665436,1248.398315,1,796.029297,265.941742
0.103271,-131.063568,1248.191406,1,808.85498,266.159851
0.108398,-130.419418,1247.976807,1,815.186584,263.932312
0.106689,-129.779297,1247.770996,1,819.30426,242.100586
0.106934,-129.129807,1247.569946,1,829.90802,246.293961
0.106934,-128.473007,1247.375366,1,838.836853,251.197479
0.103516,-127.83017,1247.193604,1,772.262024,278.152466
0.102539,-127.188332,1247.020874,1,800.008606,274.346954
0.102783,-126.536057,1246.855347,1,830.51062,235.932098
0.101074,-125.88839,1246.700928,1,872.508057,257.221466
0.115234,-125.143394,1246.535889,1,880.446411,246.647369
0.113525,-124.408478,1246.386475,1,895.849792,233.090485
0.114014,-123.677551,1246.250854,1,916.060791,224.813828
0.11499,-122.957893,1246.129517,1,927.177979,232.01973
0.116699,-122.237572,1246.019409,1,939.737061,233.732239
0.116211,-121.530617,1245.921631,1,965.624695,225.672928
0.115234,-120.862213,1245.838135,1,982.98877,216.798141
0.114746,-120.222252,1245.766357,1,930.256104,227.967102
0.113037,-119.61515,1245.705566,1,872.104919,254.365463
0.114258,-119.032104,1245.653809,1,873.505005,255.51384
0.115723,-118.478867,1245.611328,1,882.645813,234.864777
0.105469,-118.006447,1245.579468,1,899.219299,185.433792
0.112549,-117.538605,1245.552734,1,950.985962,-145.08139
0.111816,-117.110016,1245.531738,1,950.985962,-145.08139
0.112061,-116.714622,1245.515381,1,950.985962,-145.08139
0.112305,-116.346069,1245.501709,1,950.985962,-145.08139
0.115234,-115.991562,1245.489258,1,950.985962,-145.08139
0.112305,-115.656578,1245.477295,0,0,0
0.10791,-115.335419,1245.465576,1,966.886475,184.822968
0.105469,-115.021004,1245.453735,1,965.783325,229.639435
0.109131,-114.696167,1245.441895,1,978.914307,311.386749
0.110352,-114.368385,1245.430542,1,974.845032,273.249939
0.113037,-114.034554,1245.420044,1,993.116028,285.106842
0.114746,-113.708397,1245.410645,1,995.236938,-218.653656
0.113281,-113.420227,1245.403076,1,995.236938,-218.653656
0.11499,-113.175949,1245.397217,1,901.730835,160.979507
0.114502,-112.994942,1245.393188,1,901.266235,145.095718
0.111816,-112.889633,1245.390869,1,902.923157,138.914337
0.115234,-112.861526,1245.390259,1,882.203186,109.73069
0.112549,-112.867897,1245.390259,1,907.229553,-256.781982
0.111572,-112.877762,1245.390381,1,907.229553,-256.781982
0.11084,-112.881927,1245.390137,1,907.229553,-256.781982
0.113525,-112.879982,1245.390015,1,907.229553,-256.781982
0.114014,-112.876282,1245.390015,1,907.229553,-256.781982
0.110352,-112.874527,1245.390137,0,0,0
0.111084,-112.875015,1245.390137,1,965.956787,133.37326
0.111816,-112.876328,1245.390259,1,967.632202,262.04126
0.107178,-112.87706,1245.390259,1,1018.312988,431.431305
0.110352,-112.876892,1245.390137,1,1024.64978,432.444672
0.112549,-112.876389,1245.390259,1,1018.435913,425.472198
0.110107,-112.876076,1245.390137,1,1017.035156,157.066635
0.11499,-112.876114,1245.390137,1,1014.972168,-64.391953
0.109375,-112.876312,1245.390137,1,1014.972168,-64.391953
0.107422,-112.876427,1245.390259,1,1014.972168,-64.391953
0.108887,-112.876434,1245.390137,1,1014.972168,-64.391953
0.10791,-112.876358,1245.390137,0,0,0
0.109863,-112.876297,1245.390137,0,0,0
0.108643,-112.876289,1245.390137,0,0,0
0.107178,-112.876305,1245.390137,0,0,0
0.109619,-112.87632,1245.390259,0,0,0
0.113525,-112.87632,1245.390137,0,0,0
0.109619,-112.87632,1245.390137,0,0,0
0.106689,-112.876312,1245.390137,0,0,0
0.104736,-112.876312,1245.390137,0,0,0
0.106445,-112.876312,1245.390137,0,0,0
0.10376,-112.876312,1245.390137,0,0,0
0.110352,-112.876312,1245.390015,0,0,0
0.110107,-112.87632,1245.390137,1,1497.723145,870.605835
0.111572,-112.876312,1245.390137,1,1525.377686,871.354492
0.103516,-112.876312,1245.390137,1,1772.735229,873.789062
0.105957,-112.876312,1245.390137,1,1752.084106,877.963196
0.104248,-112.876312,1245.390137,1,1583.108398,823.366699
0.107666,-112.876312,1245.390137,1,1381.220337,613.70813
0.115234,-112.876312,1245.390137,1,1355.712769,570.970581
0.104004,-112.876312,1245.390137,1,1343.464355,561.922058
0.110107,-112.876312,1245.390137,1,1336.476929,552.679138
0.106201,-112.876312,1245.390137,1,1328.741821,543.369995
0.10498,-112.876312,1245.390137,1,1321.730347,539.015869
0.103516,-112.876312,1245.390137,1,821.977112,561.762756
0.105225,-112.876312,1245.390259,1,821.326111,557.445374
0.111084,-112.876312,1245.390137,1,821.491028,550.781616
0.104004,-112.876312,1245.390137,1,1317.856079,528.970032
0.101074,-112.876312,1245.390137,1,1464.358032,540.385376
0.102783,-112.876312,1245.390137,1,1461.397217,537.487122
0.114258,-112.876305,1245.390137,1,1690.302979,517.720154
0.11499,-112.876312,1245.390137,1,1674.683716,522.664307
0.100098,-112.876312,1245.390137,1,1629.661621,529.984314
0.115234,-112.876312,1245.390137,1,1404.18689,181.551407
0.101074,-112.876312,1245.390137,1,1404.18689,181.551407
0.114014,-112.876312,1245.390015,1,1404.18689,181.551407
0.112061,-112.876312,1245.390137,1,1404.18689,181.551407
0.101562,-112.876312,1245.390137,1,1404.18689,181.551407
0.116455,-112.876312,1245.390137,0,0,0
0.11499,-112.876312,1245.390137,0,0,0
0.116699,-112.876312,1245.390137,1,906.936523,403.046234
0.102783,-112.876312,1245.390137,1,910.590576,520.628418
0.112061,-112.876312,1245.390137,1,907.88092,572.689819
0.100342,-112.876312,1245.390137,1,913.616394,575.168762
0.114014,-112.876312,1245.390137,1,912.201599,600.82074
0.115234,-112.876312,1245.390137,1,906.981934,598.73114
0.114258,-112.876312,1245.390137,1,906.981873,610.175171
0.112549,-112.876312,1245.390137,1,910.767822,606.928772
0.112549,-112.876312,1245.390137,1,912.767151,600.360352
0.101318,-112.876312,1245.390137,1,911.817505,605.512329
0.101562,-112.876312,1245.390137,1,915.032898,594.351196
0.105957,-112.876312,1245.390137,1,906.786926,605.744751
0.108398,-112.876312,1245.390137,1,857.107117,557.617371
0.111084,-112.876305,1245.390137,1,858.42157,560.220886
0.102783,-112.876312,1245.390137,1,849.685608,546.162048
0.114746,-112.876312,1245.390137,1,849.613708,535.63269
0.10083,-112.876312,1245.390137,1,835.570129,488.773438
0.11377,-112.876312,1245.390137,1,826.508484,461.917572
0.10083,-112.876312,1245.390137,1,821.419128,403.122589
0.112305,-112.876312,1245.390137,1,826.354858,415.408569
0.108154,-112.876312,1245.390137,1,847.378845,439.525391
0.112305,-112.876312,1245.390137,1,848.75769,427.00058
0.108154,-112.876312,1245.390137,1,446.31662,417.306702
0.107422,-112.876312,1245.390137,1,453.547028,420.817444
0.104248,-112.876312,1245.390137,1,156.273193,465.452118
0.111328,-112.876312,1245.390137,1,100.669907,468.700592
0.109375,-112.876312,1245.390259,1,86.962837,491.335785
0.110107,-112.876312,1245.390137,1,108.344521,505.525513
0.108643,-112.876312,1245.390015,1,332.22934,520.94574
0.108887,-112.876312,1245.390137,1,1535.118164,558.723511
0.108887,-112.876312,1245.390137,1,1569.470093,544.674072
0.104736,-112.876312,1245.390259,1,1627.007446,516.476196
0.10083,-112.876312,1245.390137,1,1172.605835,523.824829
0.112305,-112.876312,1245.390137,1,721.75769,532.920105
0.114502,-112.876312,1245.390137,1,732.405823,524.886047
0.106689,-112.876312,1245.390137,1,725.550293,525.972839
0.105957,-112.876312,1245.390137,1,730.113647,525.199768
0.107422,-112.876312,1245.390137,1,322.154694,509.473145
0.106934,-112.876312,1245.390137,1,325.060669,504.230347
0.113037,-112.876312,1245.390137,1,150.537537,528.837463
0.105957,-112.876312,1245.390259,1,157.523224,514.306885
0.113037,-112.876312,1245.390137,1,1396.256958,524.361572
0.106445,-112.87632,1245.390137,1,1446.10376,532.841309
0.112793,-112.876312,1245.390137,1,1443.491455,529.008301
0.113037,-112.876312,1245.390137,1,1307.326538,541.33728
0.116699,-112.876312,1245.390137,1,1304.28894,507.530548
0.104736,-112.876312,1245.390259,1,1160.68042,-64.15538
0.10083,-112.876312,1245.390259,1,1115.076782,95.505959
0.115234,-112.876312,1245.390137,1,1141.677734,182.646515
0.113037,-112.876312,1245.390137,1,1164.846191,252.436859
0.102783,-112.876305,1245.390137,1,1166.565674,32.14835
0.101074,-112.876312,1245.390137,1,1166.565674,32.14835
0.113281,-112.876312,1245.390137,1,1166.565674,32.14835
0.109863,-112.876312,1245.390137,1,1166.565674,32.14835
0.113525,-112.876312,1245.390137,1,1166.565674,32.14835
0.100342,-112.876312,1245.390137,0,0,0
0.101074,-112.876312,1245.390137,0,0,0
0.112549,-112.876312,1245.390137,0,0,0
0.111816,-112.876312,1245.390137,1,1288.307373,256.897766
0.100098,-112.876312,1245.390015,1,1305.697632,291.182953
0.101074,-112.876312,1245.390137,1,1306.688599,291.341431
0.110107,-112.876312,1245.390137,1,1308.171143,305.102905
0.112305,-112.87632,1245.390259,1,1305.168213,292.394287
0.111084,-112.876312,1245.390137,1,1311.030518,282.212311
0.107178,-112.876305,1245.390137,1,914.407227,249.134811
0.108887,-112.876312,1245.390137,1,922.41571,257.124512
0.10376,-112.876312,1245.390137,1,1016.325439,542.229858
0.100098,-112.876312,1245.390137,1,1020.159241,533.807312
0.101074,-112.876312,1245.390137,1,1042.813843,516.020691
0.101318,-112.876312,1245.390137,1,1071.339844,489.987518
0.103027,-112.87632,1245.390137,1,1074.26416,484.305817
0.104248,-112.876312,1245.390137,1,1076.093994,477.935059
0.105469,-112.876312,1245.390137,1,1069.755615,481.366333
0.104004,-112.876305,1245.390137,1,1080.942261,465.227936
0.102051,-112.876251,1245.390137,1,1082.437378,471.843109
0.101562,-112.859016,1245.38916,1,1080.641479,455.445557
0.102783,-112.796669,1245.385254,1,1428.094849,423.817078
0.113525,-112.676125,1245.377197,1,1423.310791,430.081787
0.103027,-112.520676,1245.366333,1,1417.446655,413.777588
0.109375,-112.308235,1245.350342,1,1426.349976,421.763855
0.103271,-112.06218,1245.330933,1,1420.642578,419.994141
0.101807,-111.776344,1245.306885,1,1418.490967,411.923828
0.102295,-111.445786,1245.276978,1,1403.819336,396.832428
0.10376,-111.065987,1245.239258,1,1385.540771,369.583344
0.102539,-110.648003,1245.194092,1,1383.697998,377.019318
0.101562,-110.190788,1245.139893,1,1381.01123,371.672119
0.102295,-109.688606,1245.073608,1,1498.179443,405.67041
0.104004,-109.134163,1244.991211,1,1494.721558,386.751495
0.107422,-108.516457,1244.886841,1,1481.28064,386.894958
0.102295,-107.884308,1244.765259,1,1484.387207,397.417908
0.103516,-107.203209,1244.617798,1,1476.98291,404.363586
0.101807,-106.495224,1244.44458,1,1461.33374,403.725525
0.101074,-105.757629,1244.238525,1,1468.221436,405.67337
0.107178,-104.943222,1243.97644,1,1449.015381,388.717865
0.11377,-104.049362,1243.643799,1,1413.760864,365.780701
0.104004,-103.211258,1243.286743,1,1667.585449,393.24939
0.104248,-102.358246,1242.87561,1,1633.455444,433.209625
0.105225,-101.487244,1242.400513,1,1606.075073,435.076233
0.108887,-100.58123,1241.837158,1,1586.788574,413.610931
0.104248,-99.723511,1241.22583,1,1551.004395,417.766388
0.111816,-98.831589,1240.488159,1,1502.476685,408.881592
0.10498,-98.038002,1239.717773,1,1453.177979,414.421844
0.100342,-97.34156,1238.922241,1,1595.451416,413.776794
0.101074,-96.719948,1238.080444,1,1712.907349,396.002228
0.10791,-96.148766,1237.135742,1,1597.761353,413.394318
0.104736,-95.687889,1236.182739,1,1525.952148,415.88089
0.102051,-95.317551,1235.2323,1,1439.642944,350.452728
0.117188,-94.970726,1234.122681,1,1611.978516,513.214905
0.116455,-94.699318,1233.010132,1,1280.353027,366.40155
0.104004,-94.509193,1232.018921,1,1514.452148,442.736694
0.101807,-94.359261,1231.047119,1,806.297485,185.809875
0.106201,-94.235558,1230.040649,1,1235.372925,207.563614
0.106934,-94.143272,1229.03479,1,1250.197754,501.539368
0.116455,-94.08149,1227.944702,1,1223.569458,208.486374
0.112061,-94.062599,1226.905151,1,1197.301147,259.603455
0.106934,-94.083717,1225.924072,1,1056.271606,200.29007
0.111816,-94.147705,1224.910156,1,979.015198,205.58519
0.113037,-94.253792,1223.89856,1,1047.54834,184.11232
0.110107,-94.390274,1222.925415,1,887.032593,188.94606
0.113037,-94.552483,1221.939819,1,949.392151,228.713181
0.113281,-94.727081,1220.965454,1,1001.080627,307.335052
0.112549,-94.902939,1220.006226,1,1222.638916,273.235809
0.107666,-95.066933,1219.09668,1,917.876404,201.96553
0.108887,-95.226196,1218.184692,1,941.458069,124.597038
0.106201,-95.375862,1217.304199,1,866.160156,11.213457
0.110596,-95.523521,1216.423462,1,853.484985,44.864532
0.10791,-95.65947,1215.610596,1,875.464233,210.921921
0.105713,-95.787788,1214.846802,1,870.664124,234.005035
0.109131,-95.914894,1214.094482,1,869.527649,228.200546
0.111084,-96.037682,1213.366943,1,814.425049,354.214935
0.109375,-96.155838,1212.661133,1,811.363525,375.204041
0.112061,-96.277039,1211.927246,1,827.885376,318.930603
0.107666,-96.38868,1211.238159,1,834.920044,256.052002
0.112793,-96.499542,1210.538452,1,834.920044,256.052002
0.114014,-96.607941,1209.836792,1,834.920044,256.052002
0.104736,-96.704102,1209.196777,1,834.920044,256.052002
0.112305,-96.801628,1208.529419,0,0,0
0.111572,-96.893906,1207.878418,0,0,0
0.108154,-96.979576,1207.252563,0,0,0
0.112061,-97.06385,1206.61377,0,0,0
0.112793,-97.143326,1205.985474,0,0,0
0.11084,-97.21627,1205.378052,0,0,0
0.111328,-97.284248,1204.774902,1,727.481995,522.171692
0.106689,-97.343826,1204.207397,1,878.573303,496.115631
0.109619,-97.3992,1203.634033,1,599.406128,261.720825
0.115479,-97.45153,1203.037354,1,718.400879,342.049255
0.112305,-97.497993,1202.464722,1,995.991638,520.163696
0.109863,-97.540253,1201.913818,1,762.700256,408.609406
0.114258,-97.58287,1201.337036,1,755.959229,237.525879
0.116211,-97.626656,1200.721924,1,863.866577,61.682278
0.110107,-97.668861,1200.103149,1,890.569458,136.759277
0.110352,-97.710411,1199.462036,1,841.638672,133.823059
0.113525,-97.751091,1198.782104,1,771.715698,244.435745
0.116943,-97.790947,1198.042725,1,856.297424,400.645905
0.113037,-97.827049,1197.287109,1,938.502747,138.622253
0.110596,-97.859543,1196.515625,1,1332.85437,-24.714392
0.113037,-97.890167,1195.691406,1,1669.143433,14.427442
0.118896,-97.919479,1194.781372,1,886.216553,169.790085
0.117432,-97.944702,1193.846191,1,860.31427,141.499466
0.11377,-97.964745,1192.909912,1,884.833374,217.677719
0.11084,-97.97937,1191.963623,1,877.385681,232.539993
0.11084,-97.988457,1190.986938,1,882.609619,193.263351
0.108643,-97.991325,1190.002808,1,890.013733,170.840698
0.111328,-97.987656,1188.964966,1,896.246643,83.087997
0.106934,-97.977287,1187.941284,1,1161.748779,251.759552
0.11499,-97.958183,1186.803589,1,875.181946,286.243439
0.11084,-97.931343,1185.654663,1,862.057556,266.348206
0.109375,-97.896103,1184.468506,1,873.781982,327.638092
0.11377,-97.849495,1183.182251,1,888.400574,332.853149
0.117188,-97.789093,1181.798828,1,875.513428,338.179626
0.11084,-97.717834,1180.443237,1,875.93158,341.572815
0.116455,-97.627426,1178.991699,1,864.54303,352.737885
0.114746,-97.521202,1177.536743,1,866.79248,200.663757
0.118164,-97.39283,1176.006714,1,870.47406,174.21846
0.112549,-97.255066,1174.529175,1,883.637695,157.632156
0.117188,-97.097252,1172.963257,1,1156.635986,140.09343
0.116455,-96.929634,1171.384888,1,1068.693359,144.687851
0.120361,-96.749252,1169.737427,1,865.441162,124.174088
0.116455,-96.573097,1168.14856,1,875.820862,142.876022
0.112793,-96.40461,1166.625488,1,897.427551,182.884033
0.112793,-96.238617,1165.116211,1,928.81427,347.967468
0.115723,-96.070953,1163.583374,1,933.756104,344.329529
0.114746,-95.906967,1162.080322,1,936.632202,342.906372
0.116455,-95.74144,1160.564819,1,990.15918,372.326202
0.115967,-95.577911,1159.071411,1,1002.230469,404.070618
0.119141,-95.411461,1157.555298,1,1009.813171,410.598969
0.114746,-95.252174,1156.105835,1,1011.764893,438.116241
0.112549,-95.097878,1154.70105,1,1009.000793,452.986969
0.111816,-94.945969,1153.317017,1,855.333313,133.012772
0.116699,-94.788979,1151.886719,1,870.346863,183.211914
0.104004,-94.650276,1150.624512,1,857.621704,183.272491
0.104492,-94.511665,1149.366211,1,863.765381,214.798492
0.101562,-94.377716,1148.153442,1,869.603027,213.225052
0.119141,-94.221184,1146.740234,1,863.847534,213.087677
0.119385,-94.064224,1145.327393,1,870.008179,205.438797
0.106934,-93.922638,1144.055542,1,925.834229,382.802521
0.103271,-93.785797,1142.828735,1,929.419006,388.289093
0.103027,-93.649803,1141.612061,1,948.873108,396.634735
0.10376,-93.513237,1140.392822,1,969.501282,402.546356
0.106201,-93.371613,1139.131104,1,988.943665,428.278137
0.10498,-93.229897,1137.871582,1,984.71106,447.317719
0.101074,-93.093315,1136.660645,1,984.663635,444.666626
0.106689,-92.950325,1135.395386,1,1411.496094,185.179382
0.110596,-92.802864,1134.093384,1,1408.218384,206.115463
0.103516,-92.665512,1132.883301,1,1406.61853,217.101562
0.105225,-92.525116,1131.648926,1,1145.702148,278.434235
0.102539,-92.386772,1130.435181,1,917.385742,421.026794
0.118408,-92.22525,1129.021118,1,916.866333,455.878876
0.101807,-92.084076,1127.788086,1,919.923035,462.00769
0.10376,-91.938858,1126.522705,1,921.422485,457.753937
0.103271,-91.792755,1125.255493,1,919.625061,456.972168
0.105957,-91.64035,1123.941895,1,921.451233,449.971985
0.105713,-91.486191,1122.625244,1,852.131348,237.897324
0.102539,-91.33416,1121.342651,1,854.408813,248.208054
0.103027,-91.178368,1120.046875,1,953.108521,442.668854
0.100098,-91.023895,1118.781006,1,954.213379,447.666748
0.103516,-90.860962,1117.466553,1,953.362244,435.286194
0.103271,-90.695206,1116.14978,1,969.839844,428.128052
0.103516,-90.52565,1114.823242,1,1068.275757,444.774017
0.102783,-90.353905,1113.499756,1,1078.321899,453.482635
0.102783,-90.178535,1112.168335,1,1086.449585,462.935211
0.103516,-89.998695,1110.823242,1,1029.069946,413.56543
0.103027,-89.816475,1109.478271,1,890.59082,245.44574
0.100098,-89.636284,1108.164185,1,898.440796,250.286743
0.103027,-89.447769,1106.803467,1,982.057495,461.475098
0.103271,-89.256989,1105.437744,1,985.860229,446.450592
0.101318,-89.067436,1104.0896,1,1004.163147,462.40506
0.101562,-88.875961,1102.733398,1,1033.18103,481.468597
0.100342,-88.686531,1101.391602,1,1037.167725,470.894562
0.119141,-88.462692,1099.799194,1,1036.967163,457.053101
0.12085,-88.239098,1098.196655,1,1051.06897,465.642822
0.10498,-88.048027,1096.81604,1,1073.565063,447.579132
0.103271,-87.863518,1095.470581,1,1103.656738,449.489105
0.119141,-87.655479,1093.934448,1,1114.884521,433.126465
0.117432,-87.455261,1092.433105,1,1113.981201,429.081787
0.114014,-87.265999,1090.989624,1,1106.752075,423.333679
0.116699,-87.077667,1089.526611,1,1118.462158,394.537872
0.114746,-86.897903,1088.102539,1,1117.50708,304.930969
0.115479,-86.722008,1086.680664,1,1082.808838,416.9646
0.118408,-86.547195,1085.237305,1,1081.3927,424.271332
0.116455,-86.381187,1083.831665,1,1082.367065,427.382477
0.115723,-86.224228,1082.445923,1,1086.626343,428.058014
0.116699,-86.077621,1081.065063,1,1083.323364,422.10025
0.117676,-85.942886,1079.680176,1,949.010925,400.460663
0.117432,-85.823212,1078.313599,1,865.189026,408.328217
0.116943,-85.717987,1076.966064,1,874.880859,423.306335
0.118896,-85.623627,1075.604736,1,1000.635132,395.246155
0.120361,-85.540138,1074.243774,1,1005.345459,401.209625
0.123047,-85.465492,1072.863892,1,993.727783,386.280823
0.119629,-85.401711,1071.53833,1,988.833923,381.977234
0.117188,-85.34584,1070.250244,1,977.535095,372.155029
0.114746,-85.296906,1069.000488,1,1022.19342,392.204651
0.117676,-85.252296,1067.731934,1,1027.826172,384.085846
0.116699,-85.213318,1066.487061,1,1018.478577,386.004059
0.115234,-85.179985,1065.270386,1,1007.710571,394.14859
0.117432,-85.151474,1064.052979,1,998.045959,383.316864
0.113037,-85.129219,1062.907837,1,1007.392578,389.042053
0.116211,-85.111534,1061.771851,1,959.269592,389.934021
0.117676,-85.098587,1060.670166,1,954.891357,383.808655
0.115479,-85.089516,1059.63916,1,957.09552,371.610596
0.118652,-85.081276,1058.638672,1,941.288696,383.985626
0.122314,-85.072723,1057.682617,1,949.848938,389.350983
0.11377,-85.064339,1056.887085,1,956.405396,389.279175
0.116455,-85.055389,1056.164185,1,959.965942,396.775543
0.114258,-85.046677,1055.535156,1,953.686951,400.983887
0.111816,-85.038727,1054.985474,1,932.839294,418.526276
0.115479,-85.031311,1054.472778,1,936.603333,412.655396
0.114502,-85.024803,1054.012451,1,944.928772,412.674286
0.115234,-85.018974,1053.596924,1,946.212097,410.272644
0.115479,-85.013618,1053.22229,1,1257.085083,311.797668
0.113525,-85.008301,1052.867554,1,1592.487061,292.726166
0.114258,-85.002686,1052.508667,1,1563.123047,301.871094
0.115234,-84.996788,1052.144165,1,908.852539,376.867279
0.111328,-84.990952,1051.790161,1,906.690063,404.143402
0.121826,-84.984543,1051.404541,1,896.259705,401.489746
0.118652,-84.978271,1051.029907,1,897.993286,406.721527
0.119873,-84.971855,1050.651367,1,902.389465,414.878845
0.119385,-84.965111,1050.261719,1,903.346741,391.854187
0.117676,-84.957603,1049.844727,1,905.580688,395.583435
0.118652,-84.948692,1049.374268,1,909.566406,406.191681
0.115723,-84.938538,1048.86438,1,908.80011,401.777191
0.116211,-84.926796,1048.302979,1,910.079285,399.907166
0.119141,-84.913147,1047.682617,1,911.816406,384.93399
0.117188,-84.898048,1047.029053,1,916.581299,385.877838
0.115967,-84.881653,1046.349976,1,930.958252,372.22818
0.118408,-84.863388,1045.62854,1,939.132751,370.783539
0.115967,-84.843895,1044.893921,1,957.287231,362.697266
0.117188,-84.822578,1044.125732,1,970.002014,345.694458
0.114014,-84.801346,1043.391968,1,979.88678,346.564453
0.11499,-84.779915,1042.68103,1,998.981201,343.671143
0.119629,-84.757118,1041.952393,1,1018.641296,350.585571
0.118408,-84.734001,1041.236938,1,1024.426636,344.065674
0.120361,-84.710396,1040.528931,1,857.983093,349.726929
0.116943,-84.68721,1039.851807,1,850.044189,351.829895
0.116211,-84.66259,1039.151978,1,852.816101,385.35498
0.120361,-84.634377,1038.369507,1,852.094788,343.711212
0.118164,-84.603798,1037.544556,1,842.47821,315.752594
0.115234,-84.571053,1036.685059,1,845.141724,325.892609
0.119873,-84.533745,1035.734985,1,842.556213,316.088287
0.117188,-84.493698,1034.746948,1,867.960571,296.697052
0.119385,-84.449249,1033.685669,1,898.874451,307.552399
0.117432,-84.401787,1032.589722,1,897.741821,312.509308
0.116943,-84.350998,1031.456177,1,899.147522,313.96347
0.119141,-84.29493,1030.245728,1,900.048401,322.987396
0.103271,-84.242653,1029.14978,1,871.722534,352.680878
0.122803,-84.175758,1027.788208,1,866.030945,348.210754
0.118896,-84.106003,1026.411499,1,841.912842,-31.566811
0.114258,-84.033745,1025.031616,1,865.774719,-8.344942
0.11499,-83.955994,1023.5979,1,873.860901,280.685364
0.112793,-83.87542,1022.163879,1,1257.110229,343.200378
0.110352,-83.791801,1020.727051,1,1282.891602,399.133179
0.116211,-83.698509,1019.179443,1,893.273132,352.665466
0.113037,-83.602707,1017.643738,1,895.338989,378.335205
0.11377,-83.500931,1016.065186,1,905.931763,384.049652
0.11377,-83.393692,1014.4552,1,868.781433,394.023865
0.113037,-83.281815,1012.828125,1,874.198547,382.755341
0.114746,-83.162003,1011.140503,1,868.187195,378.54126
0.116455,-83.034508,1009.401428,1,954.960754,362.434601
0.114746,-82.902847,1007.66217,1,966.897949,364.22522
0.114258,-82.765312,1005.900757,1,964.635986,350.781525
0.110596,-82.625999,1004.169128,1,988.300598,334.368469
0.111572,-82.478287,1002.384644,1,906.62085,338.805603
0.11499,-82.317017,1000.487793,1,902.133972,285.209747
0.112061,-82.151474,998.59082,1,882.985168,217.350952
0.116699,-81.969658,996.560425,1,874.263,154.522003
0.112793,-81.786285,994.565796,1,898.184021,307.299896
0.12207,-81.580566,992.388733,1,904.689575,331.90274
0.10083,-81.405693,990.586243,1,898.095642,337.035156
0.121582,-81.188744,988.408325,1,898.728638,346.071899
0.123535,-80.962433,986.199951,1,906.230652,343.972443
0.12085,-80.735596,984.046265,1,1108.384033,303.500977
0.121094,-80.503311,981.897583,1,1134.817139,331.767365
0.125,-80.258835,979.693481,1,1127.431763,345.229462
0.120361,-80.019501,977.588928,1,1477.909302,621.317871
0.104248,-79.809418,975.782043,1,1420.218628,490.833282
0.125244,-79.552811,973.622375,1,1091.940552,308.118256
0.123047,-79.296768,971.514709,1,2102.059814,484.703278
0.100342,-79.085907,969.810486,1,2129.498047,486.903534
0.121826,-78.826477,967.748718,1,2129.498047,486.903534
0.107422,-78.596016,965.946411,1,359.441376,558.453125
0.101562,-78.376457,964.253296,1,359.441376,558.453125
0.102295,-78.152992,962.559265,1,359.441376,558.453125
0.100342,-77.930229,960.90625,1,2028.30603,360.508972
0.101318,-77.701355,959.246887,1,1878.056519,266.182373
0.103516,-77.463921,957.564941,1,1988.376953,323.361176
0.10083,-77.228668,955.932983,1,1924.377441,304.848297
0.102783,-76.98642,954.28302,1,1958.05835,160.699188
0.101318,-76.744774,952.663635,1,1958.05835,160.699188
0.126465,-76.440834,950.660522,1,1958.05835,160.699188
0.105713,-76.183777,948.994629,1,1958.05835,160.699188
0.124268,-75.881462,947.049316,1,1958.05835,160.699188
0.121582,-75.587967,945.160828,0,0,0
0.100098,-75.349426,943.613586,0,0,0
0.124512,-75.058563,941.70166,0,0,0
0.100586,-74.828522,940.165466,1,2142.477295,950.251465
0.12207,-74.555389,938.315002,1,2142.477295,950.251465
0.101562,-74.331833,936.783142,1,2142.477295,950.251465
0.125,-74.060318,934.907349,1,2142.477295,950.251465
0.122803,-73.796463,933.081299,1,865.285278,343.345001
0.101074,-73.577042,931.582703,1,903.124878,395.019104
0.125,-73.302422,929.748535,1,778.263123,289.082062
0.103271,-73.070435,928.242004,1,876.548401,232.968506
0.105225,-72.829147,926.717468,1,-56.141899,-76.641068
0.101562,-72.592049,925.254578,1,627.553528,-104.748688
0.103271,-72.347672,923.774963,1,741.013733,94.777412
0.105225,-72.096397,922.275085,1,738.211182,4.869917
0.102051,-71.850273,920.820007,1,921.899292,264.658173
0.103516,-71.598511,919.338928,1,943.111877,278.690338
0.101318,-71.351524,917.887024,1,934.613098,244.226837
0.101074,-71.107674,916.435181,1,936.478027,260.131531
0.125244,-70.813873,914.62323,1,975.885925,275.851807
0.104248,-70.581192,913.110413,1,977.010681,331.511475
0.104492,-70.359795,911.589172,1,965.172546,245.202728
0.105713,-70.146729,910.040649,1,942.57843,249.871307
0.102539,-69.948761,908.537842,1,954.315369,250.129166
0.101807,-69.755455,907.043884,1,938.901184,180.952911
0.102295,-69.559555,905.537292,1,939.817444,193.039291
0.104004,-69.35627,904.006042,1,925.409058,238.604034
0.100342,-69.154419,902.524475,1,941.901611,319.296967
0.106689,-68.934799,900.950684,1,946.759216,247.255325
0.105713,-68.712479,899.38446,1,821.046814,1.201004
0.114014,-68.471115,897.697266,1,748.273499,15.585762
0.105713,-68.246185,896.127991,1,832.253906,15.503901
0.105225,-68.022392,894.566162,1,775.98468,2.889794
0.10376,-67.800835,893.02063,1,897.487854,137.492722
0.104736,-67.57737,891.466248,1,876.842407,176.420761
0.103516,-67.354706,889.924927,1,995.520081,267.654358
0.108643,-67.119629,888.30542,1,1018.941223,267.009735
0.102295,-66.897591,886.779602,1,1004.521606,247.798065
0.105469,-66.66993,885.209473,1,722.077698,216.154404
0.100586,-66.45462,883.705017,1,775.132568,286.658142
0.104004,-66.23716,882.151978,1,783.540588,327.120453
0.102051,-66.028999,880.62384,1,1009.369934,214.504852
0.102783,-65.825974,879.086609,1,1022.891235,170.998657
0.124512,-65.587639,877.218323,1,1010.08197,186.892334
0.100098,-65.401955,875.713806,1,1008.978882,224.597717
0.100342,-65.221161,874.206482,1,1011.379822,249.306976
0.101318,-65.043442,872.681885,1,998.683044,244.77565
0.102051,-64.869797,871.14679,1,1007.982483,242.599319
0.103271,-64.699272,869.589111,1,988.367676,284.183289
0.101807,-64.536896,868.053284,1,991.243225,277.084656
0.101807,-64.380287,866.516785,1,988.22699,271.622559
0.10083,-64.230751,864.992676,1,985.987976,280.333374
0.103027,-64.083885,863.435486,1,993.46521,286.262421
0.102783,-63.942829,861.877625,1,996.122192,272.58017
0.100586,-63.810638,860.355835,1,995.789062,319.030151
0.10791,-63.674595,858.719421,1,1017.055176,276.083374
0.101562,-63.552521,857.181091,1,1015.469055,270.440216
0.100586,-63.436695,855.650879,1,1010.203308,272.772369
0.103516,-63.323521,854.078491,1,1002.910706,276.00882
0.106445,-63.213528,852.464355,1,1005.280823,282.501617
0.106201,-63.109993,850.853271,1,1008.104553,286.487091
0.102783,-63.017094,849.305603,1,997.905273,291.935486
0.103516,-62.932655,847.754639,1,1037.296509,311.020233
0.101074,-62.860878,846.24823,1,1052.04895,312.792755
0.102295,-62.800255,844.734009,1,1038.170288,310.105927
0.101074,-62.752815,843.246582,1,1054.028931,320.711121
0.104736,-62.716579,841.709351,1,1046.348022,313.139923
0.100586,-62.693909,840.245056,1,1036.794922,184.571442
0.123047,-62.681213,838.460693,1,1343.986084,303.58197
0.100586,-62.68264,837.015259,1,1023.935608,128.348129
0.124756,-62.698776,835.235352,1,1008.574219,226.985153
0.101562,-62.723434,833.804016,1,1018.32074,255.529861
0.123047,-62.767139,832.088257,1,1011.813782,265.635559
0.10083,-62.81411,830.697205,1,1007.149597,262.767792
0.123047,-62.884949,829.007385,1,1000.070496,276.079102
0.104736,-62.955772,827.590149,1,882.470276,120.886574
0.123535,-63.050259,825.955505,1,860.421509,66.165482
0.10376,-63.137344,824.619995,1,858.839172,65.930977
0.103027,-63.228611,823.342529,1,848.328125,69.841408
0.123291,-63.342216,821.878845,1,860.718689,76.74427
0.104736,-63.441624,820.684692,1,928.582336,299.43927
0.123535,-63.559929,819.345337,1,928.358948,311.544403
0.122559,-63.678097,818.076172,1,978.092346,323.720276
0.121338,-63.796047,816.858459,1,968.444092,326.582397
0.11792,-63.909691,815.714539,1,977.436584,337.651733
0.12085,-64.022827,814.586609,1,978.627319,374.282104
0.116699,-64.12867,813.532104,1,975.060608,379.941162
0.116699,-64.229919,812.520264,1,989.775696,388.583191
0.118164,-64.328697,811.531128,1,956.572815,362.44986
0.118164,-64.42292,810.593323,1,962.138184,362.368927
0.119385,-64.511543,809.724976,1,952.839783,338.310944
0.117676,-64.595619,808.918335,1,978.158081,395.884033
0.115234,-64.675926,808.163635,1,983.929077,409.419617
0.117432,-64.759201,807.395508,1,845.393555,384.175903
0.115967,-64.84848,806.582825,1,778.561523,370.984131
0.114014,-64.943108,805.731323,1,779.157654,382.467194
0.11792,-65.04834,804.795837,1,774.468994,327.60498
0.116455,-65.160118,803.816162,1,775.828308,300.282227
0.116211,-65.279747,802.785461,1,1031.242188,246.973938
0.115967,-65.404991,801.725037,1,1129.974976,372.321259
0.114746,-65.527031,800.709717,1,1082.872681,348.763062
0.116211,-65.647774,799.721436,1,1019.939514,199.547745
0.111328,-65.764511,798.779419,1,1014.626709,113.202896
0.116455,-65.886902,797.804138,1,1014.626709,113.202896
0.115479,-66.006424,796.862854,1,1014.626709,113.202896
0.112305,-66.122162,795.961426,1,1014.626709,113.202896
0.114014,-66.24041,795.049988,1,1014.626709,113.202896
0.114746,-66.357841,794.154968,0,0,0
0.106689,-66.465584,793.342102,1,1000.735474,405.776184
0.121338,-66.588066,792.427795,1,999.556824,456.845367
0.117432,-66.706406,791.55365,1,991.917297,517.219971
0.118652,-66.824371,790.691101,1,1276.732422,487.109924
0.120361,-66.94297,789.832275,1,1277.955933,498.441681
0.12085,-67.061813,788.97998,1,1286.82312,498.500427
0.116455,-67.174904,788.176514,1,1286.522949,492.454742
0.119629,-67.289925,787.366455,1,1169.020142,471.056854
0.11792,-67.402649,786.579529,1,593.462402,474.406708
0.118164,-67.514664,785.804199,1,596.620361,468.712921
0.115234,-67.622673,785.062622,1,750.162476,464.508911
0.115723,-67.729996,784.331482,1,945.328857,479.333618
0.117432,-67.839699,783.589966,1,936.249756,447.787354
0.113281,-67.952248,782.834717,1,939.482483,556.824829
0.11377,-68.073975,782.023499,1,942.705627,544.968811
0.109619,-68.199333,781.194214,1,936.390503,536.767578
0.11499,-68.339661,780.270874,1,935.746094,546.928467
0.112793,-68.485931,779.312561,1,936.59668,499.916992
0.11084,-68.637611,778.322021,1,944.566223,450.407715
0.110596,-68.797569,777.280457,1,937.018799,446.227905
0.113281,-68.969398,776.164551,1,903.454285,403.777863
0.111084,-69.146347,775.017456,1,910.44751,401.431152
0.111572,-69.33165,773.817383,1,909.532104,397.059235
0.114258,-69.529892,772.534058,1,905.275818,388.877441
0.11377,-69.73555,771.203308,1,905.792603,385.859436
0.113037,-69.948273,769.827454,1,869.925842,425.187897
0.115479,-70.1735,768.371948,1,863.173584,415.851471
0.113037,-70.403137,766.889404,1,856.742432,283.459808
0.109375,-70.632431,765.410583,1,1133.902344,317.20163
0.112061,-70.876129,763.841064,1,854.074829,223.419373
0.115479,-71.135941,762.169617,1,855.490723,232.534424
0.117188,-71.408119,760.419739,1,851.948425,286.533783
0.100098,-71.647453,758.881409,1,849.559387,313.901031
0.123535,-71.949425,756.935303,1,853.739136,309.69632
0.122314,-72.252014,754.949585,1,864.979919,283.154144
0.101074,-72.495644,753.292236,1,864.806213,283.26004
0.124756,-72.780464,751.235474,1,892.158752,302.896667
0.100098,-72.992233,749.577759,1,965.558838,421.486542
0.126221,-73.23291,747.50061,1,1016.801575,499.177032
0.101807,-73.406212,745.830994,1,1001.99585,433.108063
0.120117,-73.587311,743.875366,1,865.934692,130.466995
0.119629,-73.744698,741.936707,1,870.434998,153.106018
0.125244,-73.885361,739.923462,1,849.107178,378.960938
0.122803,-74.000229,737.95697,1,865.483887,379.687866
0.121582,-74.090607,736.026794,1,868.617554,394.230774
0.100342,-74.147774,734.43988,1,886.542053,392.357239
0.101318,-74.189445,732.846313,1,886.232239,366.993591
0.103516,-74.215561,731.229675,1,879.814941,362.957062
0.100342,-74.225586,729.670715,1,837.622681,353.789062
0.100098,-74.221146,728.124329,1,846.853577,346.967804
0.100586,-74.202629,726.578369,1,847.282593,346.515625
0.103027,-74.169395,725.00177,1,846.160461,342.653259
0.103516,-74.121925,723.42981,1,1044.89563,355.200958
0.105957,-74.058998,721.831543,1,1092.809326,386.772858
0.106445,-73.981689,720.235535,1,735.165771,391.90506
0.102783,-73.894676,718.702209,1,761.749023,404.036255
0.10376,-73.796768,717.16748,1,830.204895,355.512817
0.109863,-73.685448,715.550171,1,890.748657,341.562897
0.10083,-73.581932,714.074524,1,900.861755,345.965118
0.10083,-73.481361,712.608521,1,891.86084,335.809784
0.100342,-73.386475,711.153137,1,894.746399,332.367767
0.101318,-73.29686,709.695557,1,887.517578,335.99881
0.103271,-73.209686,708.21814,1,877.791809,333.709137
0.102295,-73.12307,706.760803,1,874.218994,330.740784
0.102539,-73.031273,705.311951,1,878.943542,335.268555
0.10376,-72.929344,703.852722,1,878.162964,324.450134
0.100098,-72.82119,702.451965,1,882.419678,316.102875
0.124512,-72.674118,700.723694,1,884.949707,316.87381
0.100586,-72.5467,699.336304,1,880.046265,342.705963
0.102783,-72.410553,697.928528,1,880.602966,361.257935
0.100586,-72.272346,696.557922,1,880.643677,355.454742
0.106934,-72.120399,695.109192,1,876.202637,355.543488
0.105225,-71.965782,693.693542,1,885.040955,365.094391
0.105957,-71.804604,692.280273,1,869.707764,395.980896
0.103516,-71.6399,690.903259,1,868.992493,408.975403
0.103027,-71.468269,689.542664,1,869.457275,394.565308
0.101562,-71.29052,688.210815,1,1152.102539,167.696548
0.102539,-71.101486,686.876831,1,1157.382446,200.800888
0.101318,-70.90274,685.565247,1,1041.396118,226.421005
0.102051,-70.689285,684.256714,1,800.016113,300.661499
0.101318,-70.463203,682.97229,1,810.152466,317.2948
0.114746,-70.192444,681.554321,1,781.505554,339.496246
0.115967,-69.901268,680.155151,1,761.674438,377.198547
0.118896,-69.586784,678.764221,1,764.720642,366.121704
0.11499,-69.267685,677.454651,1,753.544373,378.419952
0.120117,-68.909378,676.078857,1,763.669617,391.404633
0.119385,-68.527245,674.694519,1,785.836365,378.770569
0.119629,-68.121056,673.295105,1,796.094727,380.189972
0.112305,-67.719505,671.961792,1,807.743835,374.360443
0.116211,-67.289093,670.568115,1,811.6427,353.128082
0.112061,-66.862312,669.212708,1,1541.687622,213.013885
0.115479,-66.407722,667.793823,1,897.427734,-101.085838
0.116455,-65.934586,666.34375,1,1046.701416,160.279617
0.11499,-65.450203,664.88916,1,841.02124,307.324158
0.113281,-64.955963,663.435547,1,845.741577,340.594971
0.116943,-64.427933,661.914612,1,857.078979,376.923492
0.11499,-63.89246,660.402161,1,711.209167,363.036346
0.122314,-63.304657,658.772461,1,728.833862,292.204651
0.122559,-62.697433,657.118835,1,691.49646,274.633942
0.127441,-62.046097,655.376953,1,696.97583,318.314758
0.116699,-61.432941,653.766724,1,711.730408,313.35379
0.118164,-60.797092,652.126953,1,712.822144,337.678406
0.118408,-60.149128,650.486511,1,714.426941,386.713531
0.118896,-59.49453,648.860291,1,715.545959,368.628815
0.117432,-58.841217,647.269165,1,828.995544,334.010284
0.115234,-58.194752,645.726685,1,869.819885,337.010986
0.115967,-57.538624,644.192932,1,870.934875,350.344086
0.117432,-56.864555,642.649719,1,882.239502,378.696655
0.114746,-56.198708,641.156067,1,1384.148804,95.340927
0.116455,-55.514439,639.65332,1,1363.929565,149.547562
0.114014,-54.834972,638.193909,1,831.933289,234.372665
0.117188,-54.126579,636.706787,1,839.069336,270.230225
0.113281,-53.433346,635.284424,1,1682.528564,-126.303795
0.115723,-52.713631,633.840454,1,1662.978882,-47.891953
0.11084,-52.015015,632.468506,1,776.803101,400.175476
0.11377,-51.28928,631.072388,1,796.400452,462.302032
0.110107,-50.57653,629.728394,1,777.137695,477.712128
0.111816,-49.845909,628.377197,1,765.095886,519.882019
0.11084,-49.112823,627.047668,1,760.848511,392.251465
0.111572,-48.365833,625.718384,1,780.651062,324.597595
0.108643,-47.62878,624.431641,1,786.747375,395.554749
0.111816,-46.863136,623.11969,1,809.243286,425.594696
0.110107,-46.100075,621.836243,1,802.31311,412.310791
0.109619,-45.331493,620.566833,1,813.13446,406.213531
0.110352,-44.549458,619.298157,1,824.062988,404.770569
0.114258,-43.731251,617.99408,1,791.68042,414.449646
0.107178,-42.957245,616.781738,1,740.845764,477.527496
0.109863,-42.154968,615.545837,1,1335.802612,652.756653
0.107178,-41.365692,614.349792,1,1344.825073,668.212585
0.114502,-40.513832,613.080017,1,1073.458252,482.061127
0.112061,-39.671707,611.845764,1,827.039673,432.136505
0.111572,-38.826878,610.629089,1,830.266296,439.128906
0.109131,-37.990582,609.446716,1,831.244202,431.862183
0.112793,-37.118134,608.237183,1,833.729675,420.041016
0.109131,-36.264217,607.076599,1,842.66095,401.202118
0.113037,-35.370255,605.885986,1,847.430847,391.829712
0.109863,-34.492405,604.739319,1,824.014038,420.94519
0.110107,-33.602177,603.598083,1,801.47998,476.501404
0.110107,-32.70594,602.469727,1,792.697266,477.921143
0.111084,-31.794077,601.342346,1,863.320068,487.063171
0.108398,-30.895332,600.250488,1,807.294373,191.643524
0.108154,-29.991322,599.171326,1,913.990234,263.494415
0.11084,-29.056496,598.074951,1,923.944885,368.37558
0.111084,-28.112368,596.987305,1,929.841797,413.467041
0.110107,-27.167736,595.917969,1,944.608521,424.31131
0.111084,-26.207993,594.850403,1,947.5672,429.524719
0.109375,-25.254995,593.808411,1,953.732239,408.284393
0.114746,-24.248365,592.726868,1,963.731628,405.740509
0.108154,-23.292614,591.717163,1,965.75708,381.169312
0.112549,-22.291458,590.676636,1,978.490601,380.644653
0.10791,-21.325714,589.689026,1,982.032837,390.4263
0.110596,-20.330658,588.687195,1,774.359314,398.162872
0.10498,-19.377048,587.74176,1,779.133972,402.511932
0.109619,-18.377869,586.766296,1,785.566101,399.469452
0.107178,-17.39707,585.823181,1,790.227844,384.634277
0.110596,-16.377333,584.857727,1,799.414062,395.671783
0.109375,-15.362195,583.911377,1,805.501343,401.435242
0.113037,-14.310412,582.946167,1,873.835205,181.064117
0.109375,-13.283848,582.018188,1,866.996094,185.473602
0.110352,-12.240265,581.089294,1,877.11438,174.6866
0.108154,-11.204616,580.180725,1,870.532166,166.810104
0.113525,-10.096223,579.223206,1,880.784912,155.273148
0.110596,-8.997075,578.287903,1,871.903076,130.561066
0.114746,-7.832842,577.312927,1,870.024353,133.971252
0.109375,-6.705902,576.384033,1,870.060364,130.674225
0.109863,-5.550421,575.446594,1,876.61615,142.011276
0.109375,-4.38359,574.515137,1,879.582642,144.812332
0.11084,-3.177623,573.568115,1,887.25354,157.617691
0.112305,-1.935706,572.609131,1,746.692993,415.868195
0.112549,-0.667795,571.646606,1,761.097595,402.502441
0.115479,0.654109,570.660034,1,752.10376,388.06955
0.115723,1.999725,569.671997,1,758.829102,397.109802
0.110596,3.305269,568.727295,1,775.367798,381.31665
0.111572,4.642119,567.773071,1,775.641846,375.102081
0.112793,6.010558,566.809509,1,790.644714,386.332367
0.115967,7.436431,565.819153,1,791.437195,389.567322
0.115967,8.881418,564.829773,1,790.116455,394.251556
0.11499,10.33517,563.848999,1,865.272644,192.882843
0.130859,12.009437,562.738159,1,873.537415,143.55043
0.120605,13.573989,561.718201,1,874.259399,160.806152
0.112549,15.054445,560.769043,1,862.620667,154.507538
0.117188,16.629309,559.776123,1,866.251831,154.245178
0.118408,18.269112,558.760193,1,869.777527,156.811539
0.121582,19.997309,557.708923,1,769.319763,380.553802
0.117432,21.694975,556.695496,1,780.808777,395.653015
0.117432,23.409266,555.69165,1,789.134094,396.849213
0.11377,25.07196,554.736938,1,782.317322,399.183105
0.116211,26.775358,553.778198,1,795.627625,372.911102
0.11499,28.464901,552.846558,1,792.889099,353.048492
0.113525,30.133228,551.944946,1,796.873596,373.388702
0.113037,31.795898,551.064148,1,808.443481,415.162781
0.12085,33.567558,550.144836,1,737.037048,440.976471
0.115234,35.254696,549.287537,1,739.675659,430.791809
0.118164,36.981285,548.428528,1,737.840576,439.343384
0.112549,38.618126,547.631042,1,734.318115,435.92746
0.114502,40.28318,546.836487,1,738.088196,432.435394
0.116455,41.971321,546.047974,1,747.683472,414.604858
0.116943,43.659847,545.276184,1,828.466003,394.907196
0.11499,45.318497,544.534363,1,836.049133,374.717621
0.114746,46.966213,543.813782,1,844.244934,356.406799
0.111816,48.570381,543.130432,1,729.547424,377.177948
0.113037,50.186695,542.461975,1,738.451538,385.522705
0.111816,51.785637,541.821716,1,746.622986,390.292999
0.113525,53.403957,541.195435,1,748.091309,391.062592
0.11377,55.022655,540.590942,1,826.699829,357.265137
0.115479,56.663952,539.999512,1,1423.78833,110.393654
0.111816,58.245102,539.448914,1,1434.289795,139.306107
0.114502,59.865616,538.903442,1,787.904419,395.382721
0.113525,61.463005,538.383179,1,804.807373,424.794159
0.114746,63.071659,537.875427,1,809.694153,430.170258
0.108887,64.596916,537.407776,1,819.921143,441.244049
0.112549,66.162582,536.940796,1,823.21814,434.558655
0.114258,67.749443,536.480347,1,882.480347,247.902954
0.123047,69.449966,536.000977,1,878.342407,262.430969
0.12207,71.125465,535.543213,1,808.938965,408.539185
0.121582,72.789902,535.102783,1,817.782776,396.882629
0.120117,74.427841,534.683289,1,815.557922,416.037354
0.126953,76.147415,534.25769,1,828.243103,410.019501
0.120361,77.770882,533.869263,1,859.035889,431.690277
0.124268,79.440338,533.483337,1,866.994995,453.750946
0.119873,81.042313,533.125732,1,886.40094,458.293793
0.124268,82.692474,532.770569,1,889.689087,466.565552
0.119873,84.276833,532.442078,1,892.351807,461.516541
0.121582,85.877129,532.122681,1,900.943298,446.266663
0.119385,87.439362,531.822937,1,1356.064697,-47.500294
0.121094,89.013344,531.532959,1,1376.867554,-12.297928
0.117432,90.5355,531.263733,1,1363.091919,80.300468
0.121826,92.103683,530.997986,1,826.000549,447.881592
0.118164,93.61805,530.752563,1,822.317932,429.497803
0.122803,95.160118,530.513672,1,793.817871,166.409683
0.115967,96.587746,530.303589,1,793.817871,166.409683
0.118652,98.010208,530.105286,1,793.817871,166.409683
0.117188,99.382385,529.925171,1,793.817871,166.409683
0.119141,100.752686,529.75647,0,0,0
0.125977,102.196823,529.590332,0,0,0
0.121582,103.574715,529.44281,0,0,0
0.117676,104.900414,529.311035,1,805.448303,-23.559952
0.117676,106.210304,529.190247,1,843.11731,384.789795
0.114502,107.473862,529.08313,1,835.302856,385.726562
0.117188,108.756081,528.983521,1,849.215637,388.934784
0.115723,110.008514,528.895447,1,860.437561,391.083954
0.115723,111.249611,528.817139,1,912.935059,391.667175
0.11499,112.473907,528.748596,1,901.467468,379.79126
0.118408,113.718887,528.687561,1,910.547729,399.384705
0.115479,114.923416,528.637024,1,905.030579,367.991821
0.11792,116.142387,528.594116,1,915.283691,360.833679
0.117676,117.346458,528.560181,1,928.409851,368.41626
0.120361,118.566628,528.533752,1,930.746826,369.513367
0.119873,119.773247,528.514771,1,935.815613,349.99765
0.120361,120.969635,528.502441,1,961.190552,348.400879
0.116943,122.12104,528.496155,1,969.804443,343.692932
0.118896,123.273407,528.494995,1,958.558716,326.210663
0.118652,124.394623,528.496887,1,945.345337,327.250488
0.11792,125.470695,528.499207,1,947.928528,316.652008
0.116699,126.498749,528.500977,1,958.184998,332.462189
0.119141,127.518463,528.501648,1,985.240112,362.259369
0.117188,128.502777,528.501404,1,994.989136,343.987885
0.118164,129.463135,528.501343,1,959.681274,345.322205
0.119141,130.371414,528.501892,1,887.104736,351.436066
0.122314,131.261597,528.50354,1,893.660889,357.199005
0.117188,132.06813,528.50592,1,897.719116,371.604767
0.120361,132.852783,528.508911,1,895.682068,358.545013
0.117188,133.616592,528.512207,1,896.005798,348.861694
0.118164,134.390305,528.515686,1,864.536255,108.251244
0.118652,135.161057,528.51947,1,867.503052,113.532784
0.119141,135.965088,528.523987,1,874.308411,129.952988
0.118164,136.815445,528.529297,1,865.677368,123.917366
0.119873,137.714386,528.535522,1,901.235046,222.41983
0.11792,138.617279,528.54248,1,904.61499,281.471741
0.119873,139.561447,528.550415,1,916.451965,299.518005
0.117188,140.492615,528.558838,1,965.736694,317.222595
0.117676,141.398132,528.567688,1,964.607971,328.350861
0.114258,142.251343,528.576599,1,964.400452,338.82489
0.114258,143.102402,528.586182,1,1017.898804,358.740143
0.114014,143.936737,528.596008,1,1058.505249,366.03772
0.115967,144.765396,528.606262,1,1076.59668,368.714722
0.117676,145.595322,528.617249,1,1009.794861,309.759979
0.120117,146.433167,528.628784,1,876.510864,158.261261
0.114746,147.214905,528.639954,1,885.047607,168.728577
0.115967,147.987976,528.65155,1,958.438599,330.591797
0.111816,148.727142,528.663025,1,957.542114,348.860168
0.115479,149.476944,528.675049,1,967.97644,336.468872
0.115723,150.211273,528.687378,1,1008.319153,299.980652
0.11499,150.930695,528.699768,1,876.106323,164.062378
0.111572,151.618652,528.712036,1,882.960876,176.50975
0.11499,152.314682,528.72467,1,977.69873,315.342987
0.11377,152.989365,528.737488,1,985.001831,319.347534
0.112549,153.647171,528.750244,1,989.480591,313.591278
0.109619,154.278137,528.762756,1,949.970215,280.547424
0.109131,154.893753,528.775391,1,895.790161,175.870636
0.111084,155.509735,528.78833,1,886.440002,183.461441
0.112061,156.121948,528.801331,1,881.40387,174.228226
0.11084,156.715622,528.814209,1,880.905701,153.493164
0.113525,157.302353,528.827271,1,874.736938,162.565659
0.111816,157.855301,528.839783,1,878.208252,162.936981
0.113525,158.382767,528.852051,1,888.54071,147.207138
0.113525,158.871948,528.863647,1,879.321289,150.108322
0.113525,159.317871,528.874268,1,877.095459,141.675644
0.111572,159.711639,528.88385,1,884.433655,151.261703
0.112061,160.064713,528.892456,1,982.235596,197.276733
0.112305,160.374512,528.900085,1,994.446777,229.093826
0.112549,160.640945,528.906799,1,994.536133,231.152985
0.112061,160.862274,528.912354,1,1001.840393,214.711624
0.117188,161.045364,528.917053,1,1004.316101,135.117126
0.112305,161.175201,528.920349,1,875.202087,-4.347772
0.112305,161.263885,528.922607,1,862.275452,19.094521
0.111328,161.322968,528.924194,1,878.88385,136.317062
0.111328,161.376938,528.925659,1,905.704285,310.658264
0.110352,161.43425,528.927307,1,917.054688,320.881805
0.113525,161.499619,528.929016,1,129.844452,313.163391
0.112061,161.571075,528.93103,1,130.263565,350.781799
0.111572,161.650955,528.933289,1,161.573181,54.643482
0.111084,161.742111,528.935791,1,161.573181,54.643482
0.112793,161.851151,528.938782,1,161.573181,54.643482
0.107666,161.974426,528.942261,1,161.573181,54.643482
0.110107,162.121384,528.94635,1,161.573181,54.643482
0.108154,162.287155,528.951172,0,0,0
0.111084,162.480164,528.956726,0,0,0
0.113037,162.700027,528.963135,0,0,0
0.108887,162.934006,528.970154,1,672.435364,-7.139683
0.11084,163.194611,528.978088,1,666.726135,75.462776
0.117676,163.495834,528.987366,1,686.132751,259.193939
0.112549,163.807465,528.997253,1,676.796204,263.132477
0.111084,164.1362,529.007874,1,865.250732,136.932526
0.109619,164.481781,529.019226,1,851.798767,145.240341
0.128418,164.911728,529.033508,1,862.559082,127.276489
0.111572,165.304916,529.047058,1,846.824219,141.173584
0.113281,165.717896,529.061584,1,833.059814,170.145187
0.112305,166.132278,529.076477,1,786.158508,327.571136
0.11377,166.552094,529.09198,1,396.448425,239.508377
0.112793,166.96727,529.107544,1,207.06369,335.313568
0.113037,167.38031,529.123413,1,199.085037,357.17923
0.111572,167.784546,529.139343,1,512.932617,357.045898
0.116943,168.204361,529.156128,1,908.401917,448.902283
0.111816,168.600601,529.172241,1,898.159912,457.667999
0.131836,169.061722,529.19165,1,896.212891,462.865051
0.107422,169.431274,529.207336,1,892.115723,471.723633
0.116455,169.826981,529.224426,1,890.496826,448.80304
0.116455,170.217148,529.241455,1,898.208984,435.334076
0.118896,170.60907,529.258911,1,1202.024414,402.73764
0.10791,170.959885,529.274719,1,1198.096313,411.202789
0.105957,171.298889,529.290222,1,1066.529419,319.387848
0.105713,171.633469,529.305725,1,943.019775,262.356812
0.106934,171.967072,529.321472,1,1314.995728,118.002159
0.107666,172.298965,529.337158,1,1316.579712,137.618759
0.108887,172.631531,529.352722,1,1199.31543,170.350647
0.103271,172.943909,529.366638,1,981.27417,310.081665
0.106201,173.261826,529.379456,1,987.844849,315.450012
0.105957,173.576431,529.390503,1,989.933105,292.770172
0.109131,173.897888,529.399719,1,990.385132,299.880493
0.106445,174.208527,529.406372,1,984.778809,293.048859
0.105957,174.515945,529.4104,1,1001.002136,279.795471
0.105225,174.818466,529.411804,1,1071.729858,269.930023
0.109619,175.132263,529.410522,1,1072.718506,286.583466
0.10498,175.430237,529.405884,1,903.664856,128.954193
0.108643,175.736038,529.39679,1,899.460999,135.808746
0.10498,176.030045,529.383606,1,1081.102661,172.607834
0.107666,176.329102,529.365295,1,1213.027954,272.96225
0.106201,176.621964,529.342407,1,1341.39502,255.850418
0.107178,176.915283,529.314697,1,1448.671021,301.393066
0.108887,177.211472,529.281555,1,1434.806274,308.626373
0.112061,177.51384,529.241455,1,1437.208984,342.621613
0.110107,177.8078,529.195923,1,1413.861084,324.07431
0.109131,178.096146,529.144165,1,1396.750244,309.647003
0.107666,178.37854,529.085876,1,1372.798584,284.13446
0.112305,178.669922,529.0177,1,1376.512451,328.097595
0.109619,178.958496,528.9422,1,1353.356323,340.162445
0.115234,179.294144,528.845093,1,1022.721252,180.8069
0.111816,179.667862,528.725647,1,1037.356445,184.598846
0.111572,180.088593,528.576965,1,1132.67395,184.858643
0.109863,180.545212,528.39679,1,1335.254761,258.774811
0.116455,181.070389,528.163696,1,1305.146362,269.293457
0.114014,181.60527,527.895325,1,1274.113037,278.830658
0.115479,182.124908,527.600769,1,1250.520386,284.016632
0.112061,182.593872,527.300232,1,1212.53772,284.077332
0.116455,183.050934,526.972168,1,1203.369263,290.572693
0.114258,183.475235,526.63324,1,1432.168945,289.103271
0.113525,183.873535,526.28064,1,1441.237183,330.051483
0.114746,184.251144,525.909973,1,1400.165283,335.412384
0.115723,184.605377,525.522888,1,1585.526367,304.277588
0.116211,184.932816,525.122314,1,1667.608887,360.926605
0.117676,185.234848,524.707214,1,1615.67627,396.083923
0.115967,185.505371,524.288574,1,1555.984619,388.010834
0.117432,185.753647,523.855408,1,1515.851562,395.659851
0.112793,185.96965,523.429382,1,1432.49585,380.26001
0.11377,186.165482,522.989746,1,1408.459106,392.748077
0.112549,186.337204,522.5448,1,1432.598145,375.77594
0.112061,186.485626,522.093933,1,1476.850708,406.370605
0.109619,186.609039,521.645752,1,1412.987305,408.373657
0.112549,186.714447,521.179199,1,1342.589844,388.233643
0.108398,186.796494,520.724304,1,1326.519043,394.54425
0.112061,186.862198,520.251038,1,1293.976929,424.827759
0.11084,186.911224,519.779175,1,1233.661011,390.896057
0.113037,186.949432,519.29425,1,1200.706787,368.213745
0.108643,186.980148,518.824768,1,1153.241577,336.296967
0.109619,187.010498,518.346802,1,1116.36853,355.848083
0.108398,187.043167,517.868896,1,1105.10791,358.591248
0.108887,187.080048,517.382202,1,1107.373779,361.091461
0.108887,187.119202,516.889893,1,1095.891968,368.214935
0.112061,187.159012,516.377319,1,1264.6698,348.376953
0.108643,187.193832,515.874268,1,1271.055908,358.222687
0.112549,187.222092,515.344788,1,1251.508667,438.797394
0.108643,187.237289,514.817139,1,1242.572144,409.161774
0.112549,187.235687,514.234009,1,1280.943359,410.037659
0.109131,187.214066,513.624695,1,1256.748779,397.497009
0.110107,187.170029,512.967957,1,1012.929993,370.68396
0.10791,187.103714,512.287659,1,995.986145,364.840668
0.108154,187.011719,511.569427,1,966.313782,355.277649
0.108643,186.891907,510.816711,1,928.849792,357.563873
0.108154,186.742813,510.039703,1,909.484497,342.518402
0.106934,186.5625,509.244873,1,1107.923706,304.122437
0.117432,186.324417,508.34314,1,1064.723511,314.887177
0.107422,186.069077,507.493042,1,1039.657959,301.326233
0.109863,185.775177,506.60144,1,1016.115601,326.968109
0.105713,185.464203,505.719543,1,997.860779,361.100464
0.108643,185.119949,504.790161,1,983.697632,340.451202
0.102295,184.775024,503.893768,1,952.470703,322.876617
0.106689,184.397217,502.93634,1,933.777954,291.695648
0.103516,184.014008,501.976227,1,935.955688,297.970795
0.106934,183.601181,500.942169,1,928.75293,298.210693
0.104004,183.185074,499.891083,1,842.202271,296.752319
0.103027,182.761414,498.806244,1,849.514526,312.00708
0.103027,182.328491,497.6763,1,848.420898,320.428131
0.105957,181.880524,496.469116,1,853.55481,310.834625
0.101807,181.457092,495.270996,1,861.382446,292.11972
0.105713,181.038681,494.000488,1,880.634521,271.634125
0.104736,180.650833,492.705109,1,850.488159,-52.140213
0.114502,180.265656,491.252747,1,797.527222,174.223343
0.12085,179.908035,489.68631,1,817.881958,106.947357
0.122314,179.595734,488.083069,1,850.458313,183.762161
0.103271,179.365494,486.723663,1,857.914185,175.064301
0.119629,179.132172,485.156158,1,800.798828,255.285278
0.118408,178.932953,483.622192,1,813.076843,256.584412
0.117188,178.763931,482.1138,1,826.766968,294.608246
0.119629,178.620544,480.583649,1,858.589233,266.072601
0.120361,178.508148,479.061951,1,900.311279,97.058884
0.118408,178.427582,477.574036,1,916.93042,130.301468
0.117188,178.375336,476.118866,1,958.854248,104.06601
0.120117,178.344452,474.638641,1,1295.228271,9.286844
0.123047,178.329239,473.137207,1,1130.442505,115.620369
0.118896,178.321228,471.703217,1,944.528564,385.290771
0.121094,178.311646,470.256836,1,902.524719,392.930084
0.119385,178.295029,468.845917,1,965.583557,346.972748
0.120117,178.268921,467.439117,1,1388.600952,-43.533539
0.120605,178.235291,466.042816,1,1375.978271,-3.455436
0.120361,178.19783,464.663361,1,1387.840332,15.489632
0.124512,178.159851,463.248688,1,878.300293,306.272247
0.128906,178.129852,461.803558,1,889.072449,335.3302
0.126709,178.116165,460.39328,1,889.353333,341.329773
0.12915,178.12059,458.974579,1,906.037231,330.134155
0.130371,178.143173,457.559326,1,916.663513,313.0896
0.13208,178.182648,456.138947,1,941.751709,248.499329
0.100098,178.222153,455.073944,1,938.043762,252.379654
0.127197,178.283432,453.734039,1,1361.440186,22.95607
0.135254,178.362183,452.327087,1,1355.787109,45.589016
0.101807,178.430939,451.279755,1,953.555969,274.674072
0.131104,178.531647,449.942505,1,963.725037,299.786255
0.125732,178.639847,448.676239,1,953.427063,392.799957
0.130615,178.76329,447.377869,1,972.038269,392.940216
0.134277,178.901291,446.056641,1,974.71106,390.6409
0.10083,179.011108,445.076904,1,985.203796,389.411743
0.13208,179.160385,443.805328,1,986.991028,366.454163
0.133057,179.313828,442.541626,1,995.823425,367.786469
0.100098,179.430756,441.599213,1,910.00647,230.729477
0.101562,179.550278,440.650726,1,860.279297,168.714615
0.10083,179.669342,439.719086,1,979.834717,279.72229
0.13208,179.827332,438.494507,1,991.453186,315.07724
0.10083,179.949448,437.543427,1,999.152527,320.112823
0.131104,180.105621,436.283966,1,1008.04425,313.756012
0.10083,180.220474,435.295746,1,997.968628,314.595154
0.101074,180.328857,434.288879,1,994.717407,292.212677
0.131592,180.458893,432.955658,1,999.470581,287.41803
0.133789,180.57869,431.574249,1,1025.03833,327.788055
0.12915,180.683472,430.218719,1,977.435364,11.207262
0.130615,180.779572,428.821533,1,971.48407,146.240768
0.128906,180.8638,427.421539,1,977.584656,303.543854
0.100342,180.921387,426.31662,1,979.90033,346.56546
0.130615,180.985046,424.855408,1,968.643188,378.710602
0.131348,181.035675,423.358063,1,954.921631,388.629608
0.100342,181.065262,422.198059,1,945.001526,373.100555
0.10083,181.087082,421.012787,1,943.47522,381.418091
0.100098,181.100693,419.816742,1,939.211792,388.268372
0.131836,181.10582,418.220673,1,860.307861,170.096375
0.100098,181.099594,416.990326,1,852.306824,194.527634
0.13208,181.078384,415.348877,1,855.640808,193.809219
0.101318,181.052917,414.074402,1,857.983887,196.566513
0.100098,181.020889,412.803925,1,886.943909,268.871887
0.100098,180.983322,411.52179,1,886.351624,331.403503
0.101318,180.94043,410.211487,1,895.542725,336.532593
0.133789,180.877045,408.465088,1,871.551208,207.369675
0.133545,180.806763,406.701447,1,868.739014,198.261627
0.131836,180.731171,404.943359,1,866.100281,200.421997
0.133545,180.649078,403.142151,1,871.137634,304.776031
0.130615,180.56572,401.360382,1,883.457764,377.456451
0.102783,180.499771,399.948547,1,878.33313,375.740387
0.131348,180.416519,398.12915,1,874.691589,411.874756
0.10083,180.354385,396.720825,1,880.349182,278.968842
0.107422,180.290298,395.209442,1,1209.713257,227.971924
0.101074,180.2323,393.779327,1,854.468323,201.827469
0.101562,180.176041,392.329773,1,875.231201,233.490036
0.100586,180.122559,390.886017,1,868.43396,299.606079
0.100098,180.07164,389.445496,1,869.752441,300.171204
0.100586,180.023163,388.004211,1,867.699158,319.104645
0.133057,179.963501,386.117889,1,872.338989,330.798889
0.101074,179.921906,384.696838,1,893.970398,383.140686
0.132324,179.874496,382.843903,1,897.635437,386.935516
0.101074,179.844604,381.429779,1,1024.302979,358.977356
0.131104,179.814743,379.588959,1,1037.197998,372.720795
0.100342,179.798874,378.17569,1,1035.716553,372.717712
0.101318,179.788727,376.745941,1,921.460815,373.166779
0.131348,179.782791,374.888763,1,900.180237,390.478241
0.134277,179.783142,372.983582,1,896.656921,387.604034
0.133545,179.788788,371.084625,1,911.208679,351.70285
0.132568,179.799377,369.194,1,925.070129,338.446747
0.101318,179.811066,367.747894,1,928.074219,342.039124
0.132568,179.831451,365.852051,1,912.482056,279.611023
0.131348,179.85759,363.972656,1,911.818054,212.981659
0.102051,179.882004,362.512817,1,931.873535,316.720978
0.101807,179.909821,361.050659,1,928.762451,334.455658
0.101074,179.940018,359.597626,1,933.025024,348.705841
0.101074,179.971939,358.143402,1,1379.313965,-142.096832
0.132568,180.015137,356.227448,1,1362.92981,-69.86412
0.104248,180.048935,354.721375,1,917.416504,173.937515
0.104492,180.082031,353.210022,1,915.234924,329.6922
0.133301,180.12117,351.274323,1,930.242371,365.222046
0.134277,180.155472,349.322021,1,905.387329,282.156036
0.134033,180.183319,347.368805,1,887.312988,289.280579
0.102051,180.200104,345.883789,1,872.180725,322.180634
0.134277,180.217514,343.926392,1,879.543518,368.902191
0.131348,180.231064,342.010956,1,919.939148,377.055847
0.130615,180.242569,340.105194,1,902.813538,376.089874
0.131104,180.252792,338.189301,1,903.60321,356.898712
0.133545,180.261795,336.231995,1,913.10968,372.11673
0.103516,180.267456,334.718628,1,911.574524,363.193573
0.101562,180.27179,333.230011,1,903.663818,361.035126
0.101562,180.274734,331.737396,1,902.116028,347.923401
0.10376,180.276291,330.214996,1,908.496277,352.478729
0.101074,180.276245,328.732178,1,878.714417,359.167236
0.104004,180.274323,327.203339,1,876.893188,330.72821
0.104248,180.270157,325.667603,1,876.623657,321.072998
0.10083,180.263733,324.184631,1,878.534119,320.654175
0.11084,180.253677,322.564911,1,873.851624,321.325348
0.104004,180.241577,321.05835,1,866.288879,313.642303
0.102295,180.228073,319.59024,1,868.39447,300.343201
0.103516,180.213943,318.116486,1,870.410767,287.071838
0.102295,180.200165,316.675659,1,876.190186,294.294983
0.105469,180.18663,315.203888,1,880.167725,300.758575
0.10498,180.17392,313.752991,1,890.941589,294.773193
0.100586,180.162231,312.37854,1,884.28949,308.824249
0.102783,180.150513,310.990265,1,895.472839,320.094177
0.100586,180.139023,309.645477,1,886.636414,318.340912
0.103516,180.127075,308.274994,1,895.304688,325.753845
0.104004,180.114929,306.912598,1,885.362061,323.996826
0.103027,180.102982,305.581421,1,894.657654,315.431335
0.105469,180.09111,304.256683,1,898.654114,346.100494
0.10376,180.080078,302.99585,1,896.136169,342.317871
0.10376,180.069824,301.779694,1,899.304565,336.960907
0.104492,180.060364,300.602844,1,908.059204,334.074554
0.100098,180.052078,299.525787,1,888.087646,302.671722
0.105225,180.04422,298.454224,1,892.724182,309.682617
0.113525,180.036591,297.370148,1,906.174683,292.582245
0.108887,180.029999,296.404327,1,899.813293,303.181793
0.112305,180.023911,295.480957,1,897.492249,330.179108
0.109375,180.018616,294.654938,1,888.415283,324.929596
0.10791,180.013992,293.916382,1,893.899231,323.806396
0.110352,180.009964,293.243408,1,874.269104,234.138596
0.109619,180.006714,292.656555,1,862.705261,151.093033
0.109131,180.00412,292.157257,1,864.868225,164.70787
0.110107,180.002121,291.734924,1,863.20166,149.803848
0.107666,180.000687,291.404846,1,857.972534,135.1073
0.110596,179.999649,291.152039,1,858.560303,54.719208
0.108643,179.998993,290.988068,1,858.560303,54.719208
0.108154,179.998627,290.897949,1,804.257141,-226.880569
0.11084,179.998383,290.846863,1,816.63501,215.70842
0.107422,179.998138,290.798584,1,823.579651,302.113159
0.108154,179.997879,290.743042,1,796.608215,117.75927
0.107178,179.99762,290.681976,1,770.594727,-61.797684
0.105713,179.997375,290.619171,1,770.594727,-61.797684
0.108887,179.997116,290.553833,1,770.594727,-61.797684
0.106689,179.996902,290.489807,1,770.594727,-61.797684
0.10376,179.996658,290.426147,1,770.594727,-61.797684
0.106445,179.996414,290.358887,1,933.332947,118.413841
0.106201,179.99617,290.289612,1,936.834412,298.488434
0.108398,179.995926,290.217163,1,907.136719,447.153992
0.10791,179.995667,290.143463,1,905.266357,444.296875
0.106201,179.995438,290.069672,1,943.971619,-60.24971
0.109131,179.995178,289.992218,1,943.971619,-60.24971
0.106689,179.994873,289.914886,1,599.832031,156.664337
0.115967,179.994522,289.82901,1,611.015564,403.858337
0.109131,179.994171,289.74649,1,559.228638,417.971344
0.106689,179.993851,289.664185,1,457.607941,472.886444
0.107422,179.99353,289.580139,1,447.527618,479.778229
0.125732,179.993149,289.479767,1,696.486877,446.188568
0.109131,179.992813,289.390991,1,1109.717896,483.517548
0.112061,179.992462,289.298279,1,1119.846069,495.761658
0.112061,179.992111,289.20401,1,291.997589,479.405731
0.109863,179.991791,289.109863,1,294.315552,506.354401
0.112061,179.991455,289.012543,1,290.389801,492.276794
0.109619,179.991104,288.915863,1,305.674438,498.982971
0.108643,179.990784,288.818726,1,307.082733,490.942627
0.114014,179.990509,288.715118,1,299.523621,466.160126
0.110352,179.99025,288.613281,1,338.498138,140.272232
0.118164,179.989975,288.50293,1,413.435486,-252.572906
0.112061,179.989731,288.396698,1,413.435486,-252.572906
0.10498,179.989487,288.295776,1,413.435486,-252.572906
0.108887,179.989243,288.190002,1,413.435486,-252.572906
0.105713,179.988998,288.085907,0,0,0
0.107178,179.988754,287.979187,0,0,0
0.106689,179.98851,287.871704,0,0,0
0.123535,179.98822,287.745605,1,1107.356079,500.479187
0.112549,179.987961,287.629456,1,1114.905762,501.521851
0.111572,179.987701,287.513,1,1125.842896,496.902893
0.110596,179.987457,287.396362,1,1113.617188,496.927002
0.112061,179.987213,287.276672,1,1110.616089,495.359375
0.111328,179.986954,287.156494,1,1114.113281,500.383881
0.110107,179.986694,287.036499,1,1495.855225,532.920715
0.109619,179.986435,286.915771,1,1508.51062,548.019958
0.109863,179.986191,286.793732,1,1724.83606,519.919739
0.11084,179.985977,286.669434,1,1726.412842,525.151245
0.107666,179.985809,286.547394,1,1726.295044,524.604797
0.109375,179.985641,286.422363,1,1725.964722,545.43219
0.112061,179.985474,286.292908,1,1548.818481,532.750366
0.108398,179.985306,286.166901,1,658.461304,548.905151
0.109375,179.985138,286.038391,1,663.989868,558.876343
0.106689,179.98497,285.911957,1,659.083862,548.957031
0.103516,179.984818,285.788574,1,658.647888,550.822266
0.105469,179.984665,285.66153,1,664.894165,552.579407
0.10498,179.984497,285.534149,1,406.999451,511.230072
0.104248,179.98436,285.406921,1,421.960175,508.146454
0.108643,179.984268,285.271912,1,868.904541,393.508606
0.110596,179.984207,285.131897,1,991.455872,385.81604
0.111084,179.984192,284.985626,1,983.716431,399.047882
0.105713,179.984451,284.838928,1,979.548706,392.670105
0.114014,179.985199,284.669708,1,990.137451,355.383026
0.111328,179.986633,284.489532,1,985.197693,367.564117
0.107178,179.988785,284.297028,1,813.938293,341.648041
0.102783,179.991745,284.091949,1,819.054382,343.473877
0.105713,179.996109,283.856812,1,814.053894,332.606018
0.104736,180.002411,283.596527,1,813.751099,325.778564
0.105713,180.011215,283.306549,1,814.03894,317.043152
0.106445,180.023621,282.983704,1,823.338318,307.895203
0.102539,180.040024,282.643921,1,856.170532,242.08844
0.107666,180.063446,282.256134,1,843.13385,228.545761
0.104492,180.093826,281.852264,1,855.400269,236.250519
0.10376,180.133759,281.424225,1,430.121613,411.181396
0.106201,180.186722,280.960815,1,442.662872,429.519623
0.10791,180.25441,280.463898,1,450.419861,420.661255
0.105469,180.335495,279.955383,1,484.233582,410.155121
0.107666,180.434967,279.413879,1,382.903137,422.01178
0.105469,180.549988,278.862274,1,66.449913,489.417175
0.111328,180.691528,278.260437,1,77.006264,428.625977
0.108643,180.851639,277.658691,1,144.102783,547.938477
0.103516,181.024673,277.076965,1,162.454407,462.923187
0.109375,181.231262,276.450409,1,190.458603,472.687927
0.105957,181.455139,275.835449,1,215.946869,489.462494
0.108154,181.70755,275.201874,1,251.972137,466.734985
0.107178,181.982864,274.568085,1,269.25058,531.661926
0.106445,182.28157,273.934753,1,279.503052,431.060669
0.108887,182.613739,273.284576,1,110.653183,482.18988
0.107422,182.96785,272.644409,1,145.868591,492.412445
0.107422,183.349304,272.00589,1,407.194305,494.503204
0.106689,183.755676,271.374939,1,495.053314,516.833008
0.104248,184.179092,270.76416,1,502.592255,407.795288
0.104736,184.631927,270.156189,1,508.121185,389.398651
0.103027,185.103653,269.566895,1,530.101562,387.85025
0.104492,185.610199,268.978516,1,550.320496,360.943634
0.103271,186.137497,268.410187,1,305.069427,274.508545
0.104736,186.702286,267.847412,1,340.640961,267.915833
0.102295,187.281036,267.315735,1,355.741577,267.842194
0.103516,187.894562,266.796875,1,375.160034,251.866074
0.104736,188.542801,266.29361,1,398.700317,251.03363
0.105469,189.22403,265.809784,1,433.477997,252.475586
0.106445,189.939331,265.34671,1,710.100586,391.77832
0.10376,190.661987,264.920166,1,430.033936,409.344147
0.105713,191.421936,264.511688,1,890.814148,508.607452
0.10376,192.188934,264.136292,1,920.63678,485.334839
0.101074,192.954712,263.795746,1,692.93158,394.994934
0.104248,193.763794,263.470642,1,711.568359,436.075958
0.102539,194.575455,263.176361,1,761.606934,392.208649
0.101807,195.397018,262.907074,1,791.56012,391.18515
0.103271,196.244507,262.656219,1,751.641968,410.403717
0.110352,197.161697,262.411377,1,772.115234,431.889587
0.104004,198.037109,262.198914,1,793.057617,437.979553
0.103027,198.915237,262.001404,1,805.539551,436.679596
0.10083,199.781494,261.819,1,827.082336,440.382874
0.102295,200.667587,261.642487,1,867.94574,367.88443
0.104004,201.574921,261.470001,1,883.154419,312.818604
0.103271,202.481903,261.303497,1,887.26709,260.794556
0.101807,203.381821,261.141693,1,888.198486,247.775024
0.101074,204.279449,260.981415,1,851.046692,410.751984
0.105225,205.218658,260.812592,1,864.008362,450.384613
0.102539,206.141129,260.643768,1,861.393555,473.452026
0.132568,207.325684,260.420441,1,863.543457,491.361816
0.101807,208.224091,260.244995,1,851.61145,468.891602
0.133789,209.424652,260.002686,1,851.100708,460.181793
0.135498,210.689758,259.736633,1,839.333374,477.481232
0.100586,211.65242,259.524231,1,829.812195,444.813934
0.101318,212.655884,259.295685,1,815.401733,423.348083
0.100586,213.692459,259.059998,1,797.960083,449.581146
0.133301,215.12706,258.757782,1,790.254822,504.778381
0.101318,216.25206,258.566223,1,795.315735,455.268982
0.132324,217.722412,258.385681,1,814.758118,447.39975
0.100586,218.848846,258.304291,1,844.924866,410.397583
0.102295,220.004272,258.263702,1,801.871521,382.684631
0.103271,221.162888,258.253876,1,841.979553,364.716614
0.10376,222.326187,258.266296,1,924.671082,7.370996
0.102295,223.471725,258.29599,1,891.826172,59.173187
0.10498,224.654114,258.345917,1,863.566589,85.549019
0.104736,225.840988,258.413971,1,994.3255,383.456665
0.134277,227.3862,258.518127,1,1049.189575,516.565491
0.104248,228.602661,258.601868,1,1082.472534,554.170166
0.103516,229.815826,258.679932,1,1106.040405,604.245239
0.101807,231.002243,258.748047,1,1127.657715,631.717468
0.10083,232.156937,258.81073,1,912.075073,252.742447
0.13208,233.659637,258.891571,1,887.683716,273.816528
0.133301,235.164093,258.978668,1,862.712402,235.247162
0.134521,236.666656,259.066498,1,851.607544,218.882416
0.100586,237.778625,259.127411,1,856.23175,187.780411
0.129883,239.200287,259.196838,1,877.883606,217.628525
0.131348,240.619888,259.257111,1,922.101379,454.327606
0.129883,242.010864,259.310303,1,853.340332,448.427277
0.101318,243.084946,259.349335,1,234.300079,450.604156
0.101562,244.15329,259.387238,1,227.224152,472.57309
0.102783,245.226257,259.424164,1,203.035614,478.331451
0.10376,246.297501,259.459412,1,457.798645,464.347687
0.101074,247.333389,259.491211,1,730.814819,260.899017
0.111572,248.464828,259.523041,1,868.742737,210.595978
0.105957,249.53186,259.55014,1,868.497375,230.190613
0.103516,250.563858,259.573883,1,868.157104,250.903458
0.105957,251.608658,259.595764,1,862.616028,244.329163
0.104248,252.630722,259.615234,1,859.558228,225.845856
0.103516,253.635406,259.632629,1,858.713562,232.473221
0.108154,254.674622,259.648895,1,860.41394,215.43129
0.102783,255.654922,259.662506,1,856.064514,219.842957
0.104248,256.639618,259.674622,1,858.932312,206.228561
0.103027,257.604309,259.685608,1,861.714722,191.809006
0.102051,258.55127,259.695557,1,857.390015,195.501572
0.104004,259.509552,259.705048,1,867.042908,194.6436
0.132324,260.712555,259.716309,1,866.604492,191.445267
0.105957,261.668549,259.724701,1,860.198303,197.604614
0.101562,262.576019,259.732086,1,877.949707,242.204971
0.100098,263.460632,259.738708,1,866.773132,178.551529
0.102539,264.360657,259.744904,1,867.893127,171.74704
0.102051,265.24826,259.750458,1,866.651428,173.955856
0.102051,266.128021,259.755463,1,869.03186,177.262207
0.103516,267.014221,259.760071,1,873.051331,182.879456
0.134033,268.15683,259.765442,1,874.94281,198.552338
0.100342,269.01297,259.769043,1,898.284363,448.30304
0.13208,270.140259,259.773163,1,904.601135,449.302582
0.10083,271.002655,259.775818,1,900.761292,452.108643
0.101562,271.87384,259.778076,1,854.982788,232.089813
0.134277,273.026733,259.780396,1,860.335571,172.122437
0.102295,273.906403,259.781616,1,851.500427,196.291901
0.133789,275.055939,259.782532,1,847.253601,453.696472
0.101318,275.924622,259.782776,1,848.710022,376.519379
0.131348,277.045288,259.78244,1,832.986328,153.65538
0.10083,277.903351,259.781708,1,1145.728271,220.0336
0.132812,279.03537,259.780151,1,866.081421,105.395874
0.100586,279.893707,259.778442,1,979.249939,368.566284
0.101318,280.758636,259.776337,1,979.249939,368.566284
0.13208,281.889313,259.772949,1,967.106995,190.502609
0.102539,282.766174,259.769836,1,962.90918,315.532806
0.10376,283.657074,259.766357,1,855.028809,74.746811
0.105225,284.559723,259.762604,1,853.118835,91.262459
0.103027,285.446198,259.758881,1,857.028503,86.688377
0.101807,286.320526,259.755341,1,321.903107,410.423798
0.103027,287.208832,259.752197,1,321.673096,441.682434
0.10083,288.079742,259.750214,1,817.821838,386.612122
0.100098,288.944,259.749756,1,964.962158,415.263123
0.102295,289.829071,259.751068,1,967.830994,408.360138
0.103516,290.724274,259.754547,1,914.007996,471.894287
0.102295,291.610657,259.759888,1,899.424927,496.914978
0.108643,292.553101,259.767365,1,916.985474,529.013977
0.102539,293.442108,259.775848,1,1430.973267,84.839745
0.105225,294.355408,259.785645,1,1440.518188,129.717484
0.103027,295.249756,259.796295,1,853.112793,148.339859
0.100342,296.122131,259.807648,1,837.671509,170.111649
0.103027,297.016663,259.82019,1,859.430298,169.465897
0.101074,297.895111,259.833099,1,865.062195,174.913284
0.102051,298.780487,259.846466,1,871.639221,196.529907
0.100586,299.654785,259.859894,1,861.711975,193.688248
0.129395,300.776428,259.877167,1,852.377991,249.096252
0.130615,301.910492,259.894806,1,831.365417,421.710663
0.129639,303.035278,259.912476,1,845.329346,282.812164
0.101562,303.914673,259.926483,1,861.649414,209.421951
0.130615,305.04599,259.944733,1,525.177307,215.403259
0.100342,305.916199,259.958923,1,226.413422,316.939453
0.102783,306.80542,259.97345,1,224.732407,339.230865
0.130371,307.934662,259.992035,1,905.114136,393.624084
0.128662,309.048981,260.010284,1,1162.362061,556.567932
0.129395,310.171204,260.028625,1,1492.246338,585.721985
0.101562,311.05127,260.04303,1,1497.09436,597.904114
0.100586,311.923767,260.057373,1,1497.469971,598.708069
0.102051,312.809174,260.07196,1,1476.913086,606.493225
0.101807,313.691681,260.086578,1,1433.582031,630.90509
0.100342,314.563263,260.101013,1,1215.304565,562.959717
0.101318,315.443878,260.115662,1,956.71051,510.801544
0.101318,316.324799,260.130402,1,958.805359,504.510529
0.102783,317.217712,260.145264,1,952.566589,501.66687
0.102051,318.107819,260.160095,1,947.062012,508.558899
0.134277,319.277283,260.179565,1,952.950073,493.838623
0.103027,320.176117,260.194489,1,873.093567,502.115723
0.102295,321.068878,260.20932,1,872.901184,492.516998
0.102051,321.960632,260.224091,1,887.998535,225.136078
0.102051,322.853088,260.2388,1,878.168213,230.734543
0.101807,323.745697,260.253326,1,879.752563,237.418732
0.105469,324.670319,260.267975,1,884.362061,228.16394
0.10498,325.590607,260.281921,1,1223.993774,195.361008
0.102539,326.493164,260.294922,1,1352.80957,229.003128
0.101807,327.386993,260.306824,1,1348.294556,223.676666
0.102539,328.290985,260.317657,1,904.152283,229.060532
0.103027,329.19754,260.32724,1,919.429138,238.391052
0.10498,330.125183,260.335632,1,876.939636,231.727203
0.100342,331.011139,260.342285,1,888.013977,228.553406
0.102783,331.918854,260.347656,1,870.541382,214.522491
0.102539,332.825623,260.351471,1,878.082825,208.244354
0.133789,334.01004,260.353973,1,874.761902,206.372375
0.100342,334.900085,260.35379,1,877.788818,198.209305
0.131592,336.06781,260.350281,1,881.635559,200.945648
0.109375,337.039001,260.344025,1,879.331848,200.065643
0.133301,338.224243,260.331818,1,872.687622,190.54335
0.103027,339.142151,260.318634,1,918.136292,197.118835
0.104492,340.071655,260.301971,1,934.632568,223.551498
0.133789,341.266144,260.275452,1,864.625854,257.769073
0.102539,342.180756,260.251221,1,994.720581,250.924179
0.10083,343.081573,260.22403,1,867.551758,159.595566
0.102295,343.995514,260.192993,1,862.976868,167.825287
0.103271,344.91864,260.158142,1,1103.961914,247.244125
0.100586,345.818176,260.120575,1,1111.169067,317.50415
0.130615,346.987457,260.066193,1,1092.924683,321.142456
0.133789,348.186554,260.003662,1,866.078186,146.202148
0.12915,349.345337,259.936615,1,872.384888,156.514328
0.122314,350.441864,259.867188,1,886.927856,160.757141
0.130371,351.612946,259.786591,1,880.71106,160.020584
0.133057,352.808533,259.697205,1,881.452209,151.344696
0.100098,353.706451,259.624817,1,879.897644,151.561234
0.130615,354.881409,259.521912,1,886.812988,144.517746
0.101074,355.790222,259.435242,1,1123.664185,330.639343
0.100098,356.690155,259.343231,1,1117.189087,331.916962
0.130371,357.861816,259.21402,1,879.663574,137.091919
0.101074,358.769043,259.106567,1,882.6875,159.231445
0.132812,359.963226,258.955078,1,878.603271,178.976288
0.10083,360.867432,258.832611,1,873.851868,171.766754
0.107666,361.835663,258.693939,1,875.808533,178.054977
0.102051,362.751282,258.55542,1,1057.710571,142.576355
0.10083,363.65625,258.411346,1,1227.581299,186.219238
0.132568,364.843018,258.210815,1,1200.742432,227.55542
0.132812,366.03241,257.995728,1,1162.757202,332.230957
0.129883,367.194092,257.771698,1,1154.185425,314.469543
0.131348,368.365295,257.531525,1,1167.530151,326.002625
0.131348,369.535583,257.277252,1,1214.930786,409.332001
0.129639,370.689423,257.012604,1,1213.908203,405.991425
0.126465,371.811493,256.741913,1,870.643982,104.135666
0.130127,372.964478,256.44986,1,883.719116,150.926437
0.133301,374.142365,256.136749,1,893.505249,172.956436
0.131592,375.304077,255.813019,1,888.981079,160.526581
0.131592,376.459747,255.476135,1,881.58313,158.796478
0.101318,377.350372,255.206299,1,885.771057,150.851837
0.100586,378.230072,254.931046,1,889.62854,153.722733
0.100342,379.106812,254.647995,1,886.583618,151.536011
0.101807,379.993011,254.352982,1,1031.266846,223.27211
0.138184,381.193756,253.938766,1,1063.164795,257.055359
0.101074,382.068542,253.626434,1,1066.035645,251.054977
0.130127,383.19043,253.212646,1,1066.66394,235.983475
0.12915,384.302246,252.787598,1,1360.470825,138.303314
0.131836,385.42981,252.341309,1,1119.985596,377.254059
0.101318,386.294861,251.988312,1,1126.099854,415.047821
0.102051,387.162811,251.624771,1,1126.539062,417.199188
0.132568,388.286621,251.14006,1,1046.815918,361.725067
0.100342,389.131897,250.764923,1,915.198364,193.386261
0.13208,390.243103,250.257874,1,1195.184937,376.460602
0.101074,391.088043,249.862106,1,1213.042847,436.936768
0.129883,392.170624,249.342865,1,1119.371094,434.396179
0.101807,393.014496,248.928818,1,1118.192505,438.909363
0.104248,393.876587,248.497711,1,1111.890503,448.745026
0.100098,394.70224,248.077698,1,1104.904785,484.701233
0.134033,395.80246,247.507141,1,1099.087769,495.457245
0.126953,396.840729,246.957214,1,1106.961426,511.37146
0.130615,397.90332,246.382782,1,1108.579956,518.224548
0.125,398.916504,245.8237,1,1101.360107,510.280151
0.132324,399.984222,245.222366,1,1092.161621,510.041534
0.100342,400.788574,244.761154,1,1094.661011,525.196655
0.101807,401.603668,244.286758,1,1090.015137,508.698456
0.103271,402.426941,243.800827,1,1089.337891,479.892822
0.131836,403.474762,243.17276,1,1152.522705,448.927704
0.134521,404.540039,242.523285,1,1167.376465,474.462463
0.130859,405.570557,241.884323,1,1083.946411,428.090057
0.100098,406.35553,241.39032,1,884.884399,234.240982
0.131104,407.378754,240.736771,1,1137.498901,472.211029
0.101074,408.165314,240.226944,1,1136.462402,495.07196
0.131836,409.187836,239.554443,1,1174.987793,497.838409
0.102051,409.974762,239.029297,1,1165.353271,487.623627
0.102295,410.760956,238.498047,1,1159.369995,482.748444
0.133301,411.780884,237.799057,1,1151.484497,495.607391
0.102539,412.562195,237.25589,1,1139.338257,474.10791
0.132324,413.566498,236.547775,1,1145.387329,464.754059
0.132568,414.566681,235.831345,1,1139.036743,460.17691
0.132324,415.559601,235.108917,1,1140.189209,459.707825
0.100098,416.307495,234.557358,1,1138.031128,472.25885
0.102051,417.067017,233.990555,1,1164.490112,476.938324
0.101807,417.822266,233.420425,1,1146.360718,221.414398
0.102783,418.582184,232.840424,1,1128.435547,17.488342
0.10083,419.323608,232.269043,1,1104.863403,91.322601
0.101318,420.066833,231.691208,1,1114.951538,310.334808
0.105469,420.839386,231.085953,1,1110.695679,360.642853
0.106934,421.619171,230.471512,1,1122.579346,388.311951
0.101074,422.356812,229.88765,1,1108.639526,383.098297
0.100098,423.085266,229.308807,1,848.831604,435.780365
0.133057,424.051361,228.537643,1,833.0354,470.269836
0.101074,424.785339,227.948486,1,867.6604,167.752945
0.101318,425.517914,227.356934,1,879.894836,179.650208
0.10498,426.277313,226.739609,1,1082.292603,333.418488
0.108398,427.057739,226.100388,1,1113.685425,453.777222
0.107422,427.830719,225.462082,1,1153.191528,460.837219
0.108398,428.607941,224.814865,1,1143.84082,464.391541
0.106689,429.369171,224.175674,1,1147.153198,460.651367
0.112793,430.173157,223.494797,1,1154.077148,440.331421
0.111816,430.968323,222.815308,1,1249.138794,306.851837
0.111328,431.758392,222.133652,1,1353.5979,104.086845
0.112549,432.552277,221.441574,1,1369.602539,113.556
0.11084,433.333496,220.753189,1,1373.655518,121.064247
0.113281,434.127411,220.045975,1,1474.289062,143.605698
0.112549,434.913116,219.338211,1,1470.423096,159.058838
0.110352,435.681305,218.63855,1,1128.416016,422.151886
0.110596,436.449127,217.931915,1,1125.104858,418.146973
0.11084,437.214294,217.220154,1,888.913269,195.206238
0.109131,437.96579,216.513672,1,842.067322,125.699219
0.115234,438.753632,215.765015,1,863.256226,156.966248
0.115967,439.54538,215.004181,1,865.352234,164.315216
0.112549,440.307678,214.263443,1,1065.950684,300.286499
0.120117,441.116425,213.468628,1,1082.491577,350.667145
0.115234,441.886719,212.703003,1,1076.453613,356.342957
0.115967,442.658417,211.927322,1,1000.938477,331.919586
0.114258,443.415192,211.158051,1,1002.926025,367.166016
0.114502,444.168762,210.38324,1,1004.989929,356.820801
0.112549,444.907501,209.614807,1,1158.160522,392.734741
0.11377,445.649292,208.834106,1,1168.647095,396.031921
0.111084,446.371918,208.064697,1,1184.318604,418.273438
0.112549,447.104797,207.275131,1,1203.912964,465.604187
0.109863,447.821838,206.492676,1,1210.853516,471.286957
0.110596,448.543518,205.694244,1,1224.834106,520.539368
0.114502,449.289246,204.856766,1,1227.417847,538.872742
0.110352,450.007202,204.037598,1,1238.114624,542.239014
0.111816,450.732544,203.195938,1,1055.71521,435.452667
0.109863,451.445129,202.354507,1,1043.426025,462.343414
0.108643,452.15152,201.505493,1,1038.127197,442.203217
0.112793,452.884552,200.608688,1,900.479736,163.228683
0.111084,453.608978,199.705704,1,1046.052124,232.413635
0.11084,454.334839,198.78244,1,1180.351685,376.984711
0.11377,455.08255,197.809921,1,1169.59375,375.120117
0.120361,455.873444,196.755386,1,1045.095703,372.527466
0.115234,456.626801,195.723312,1,1037.104492,360.489899
0.114014,457.367493,194.679092,1,1043.61499,361.239471
0.109131,458.060638,193.674759,1,1047.88855,352.47464
0.111084,458.743347,192.65976,1,1038.713623,372.331451
0.107666,459.388184,191.677185,1,1054.588867,370.852509
0.111572,460.039398,190.661179,1,1046.845093,374.014282
0.113037,460.680725,189.636887,1,1055.481567,367.001587
0.108887,461.284515,188.649857,1,1055.287964,347.495911
0.111328,461.884949,187.645462,1,1052.299072,352.681549
0.111084,462.468719,186.644958,1,1061.649902,350.180359
0.10791,463.019653,185.678101,1,1066.195435,332.732941
0.107422,463.554047,184.717819,1,1073.846313,325.800964
0.107178,464.073212,183.763153,1,1116.917603,335.354309
0.111084,464.5961,182.778839,1,1118.40271,329.339264
0.111816,465.108276,181.791458,1,1141.948608,336.101807
0.10791,465.588409,180.843872,1,1175.16333,319.28125
0.110107,466.064331,179.882385,1,1194.571289,320.802246
0.108887,466.523315,178.932983,1,1201.997192,321.930237
0.10791,466.964447,177.998611,1,1202.793701,88.143105
0.111084,467.404755,177.043396,1,797.890991,-154.240311
0.113037,467.84024,176.07486,1,1146.433594,353.453918
0.110352,468.253418,175.133438,1,1137.267456,380.049103
0.113037,468.66449,174.175507,1,978.582153,320.079407
0.110107,469.052521,173.250854,1,1224.912231,393.725769
0.117432,469.456055,172.267975,1,1227.563965,417.153351
0.11499,469.839203,171.313232,1,1266.535889,466.502716
0.113037,470.203979,170.380936,1,1259.324951,434.908203
0.114502,470.561462,169.442627,1,1262.624268,468.070984
0.114746,470.907684,168.507919,1,1263.411743,519.120361
0.112305,471.234436,167.600174,1,1247.497681,500.718872
0.112305,471.550812,166.695908,1,1240.583862,443.091553
0.11084,471.851807,165.811295,1,1235.062988,462.49881
0.114502,472.144592,164.926392,1,1224.360107,480.621826
0.110596,472.403717,164.120773,1,1215.353149,295.90863
0.109375,472.643646,163.353897,1,1229.451538,212.410889
0.110596,472.869751,162.611938,1,951.821777,-101.490387
0.108398,473.07486,161.921234,1,1141.581421,349.785309
0.108643,473.272522,161.238815,1,1136.557495,359.992462
0.111816,473.474152,160.52536,1,1190.154175,363.348846
0.105469,473.656586,159.863998,1,1427.795654,581.637512
0.111084,473.838013,159.189331,1,1198.119141,480.243164
0.109131,474.010132,158.531784,1,1181.196533,446.147491
0.114014,474.183807,157.848373,1,1184.123779,477.865204
0.115723,474.350311,157.171906,1,1033.545776,344.124329
0.125,474.520386,156.4561,1,885.024048,218.259125
0.117188,474.673523,155.788071,1,880.294373,255.851547
0.118896,474.823547,155.110352,1,1093.107544,400.549835
0.112793,474.964417,154.451874,1,1092.668091,421.732208
0.115723,475.109802,153.748215,1,1084.704834,445.067169
0.116211,475.255951,153.013321,1,1081.335205,435.857605
0.115967,475.401031,152.253967,1,1073.082275,427.556396
0.115723,475.546021,151.46431,1,1060.680298,396.395782
0.112793,475.687897,150.668961,1,1060.390869,364.704224
0.112549,475.830292,149.854691,1,1021.172058,398.043579
0.113281,475.975647,149.009781,1,1021.180237,403.157013
0.112061,476.121368,148.14917,1,1015.779541,395.747284
0.113037,476.268982,147.260803,1,1055.928345,413.729736
0.11377,476.417145,146.344788,1,1063.932739,403.833099
0.112549,476.562927,145.415802,1,1061.609619,418.344299
0.114014,476.708374,144.455368,1,1068.892456,414.893097
0.113281,476.850922,143.479584,1,1059.958618,421.94162
0.113525,476.991608,142.479965,1,1051.734863,417.864136
0.11377,477.129822,141.460846,1,1051.2854,413.209961
0.11084,477.261902,140.448792,1,1040.991089,409.044861
0.114502,477.395111,139.385681,1,1034.838989,402.732758
0.114502,477.525024,138.301773,1,1034.358154,410.103424
0.113037,477.649841,137.208694,1,1030.517944,415.362762
0.118164,477.780029,136.011368,1,1024.368896,397.707794
0.114258,477.905273,134.797485,1,1018.534851,404.983246
0.116943,478.032227,133.500076,1,1021.838135,414.011993
0.118164,478.15863,132.127991,1,1002.996338,394.750244
0.116211,478.278015,130.735443,1,1010.253357,407.162262
0.117432,478.390839,129.311813,1,998.116333,402.339722
0.116699,478.495117,127.879753,1,987.172974,413.86673
0.114258,478.590424,126.455002,1,989.570679,414.308563
0.116699,478.680969,124.984772,1,994.319946,403.921417
0.110352,478.761963,123.573219,1,991.03479,449.714264
0.111084,478.839355,122.136879,1,982.425476,455.374573
0.11084,478.912872,120.686523,1,974.069946,452.564392
0.109131,478.981506,119.23912,1,967.948792,452.970001
0.111084,479.046814,117.754364,1,965.023682,458.312927
0.113281,479.108612,116.221802,1,959.276978,477.644775
0.112305,479.164825,114.685127,1,955.31958,411.705109
0.11792,479.218384,113.056168,1,961.589233,304.021423
0.112061,479.26413,111.494133,1,964.618774,253.348083
0.114502,479.305725,109.878014,1,968.76239,349.781189
0.116455,479.342346,108.22197,1,955.880005,387.571747
0.112549,479.373291,106.606346,1,949.897766,397.774445
0.127197,479.404572,104.763237,1,949.446228,386.777557
0.118652,479.431152,103.024399,1,900.200867,341.468719
0.118652,479.455719,101.275291,1,938.015137,401.170624
0.116211,479.47818,99.542625,1,986.550232,438.808289
0.115723,479.498596,97.807076,1,960.430481,446.376556
0.115967,479.516998,96.054558,1,954.116455,477.54715
0.117432,479.533478,94.263481,1,936.623108,544.911133
0.113525,479.547241,92.519409,1,925.824463,534.670898
0.114746,479.559052,90.744667,1,923.645569,547.354675
0.114014,479.568756,88.966995,1,922.314636,556.411255
0.116211,479.57666,87.137337,1,919.223328,560.788513
0.116455,479.582581,85.256943,1,937.037842,540.727722
0.115967,479.586273,83.341972,1,939.730774,535.883179
0.116943,479.587555,81.364471,1,945.212036,532.359131
0.118896,479.58609,79.319855,1,984.3078,527.308472
0.129395,479.581238,77.082298,1,991.57666,517.686646
0.117188,479.573792,75.043045,1,849.14325,278.853119
0.113281,479.563843,73.073631,1,837.598633,292.001312
0.116455,479.550751,71.038277,1,1136.015259,240.706696
0.115234,479.534912,69.021828,1,1338.631836,192.179443
0.112793,479.516785,67.054169,1,1137.95874,311.152344
0.116699,479.495209,65.028732,1,949.190125,505.567657
0.115479,479.471436,63.035889,1,949.025879,501.051208
0.115967,479.446136,61.048073,1,984.735413,518.447937
0.119141,479.419434,59.016251,1,989.028198,506.877106
0.116699,479.393524,57.041874,1,914.678528,530.793091
0.11377,479.368866,55.131546,1,911.147766,515.313904
0.106689,479.34668,53.348392,1,920.631653,500.195496
0.108643,479.325043,51.546017,1,1020.400208,486.832855
0.115479,479.303162,49.638931,1,1013.432129,469.861084
0.12085,479.281647,47.661556,1,1021.406921,477.556732
0.116455,479.26297,45.765308,1,1024.974731,475.393158
0.115967,479.246887,43.888336,1,1034.390869,479.803833
0.115479,479.233734,42.035213,1,1036.917725,470.712677
0.11377,479.223724,40.217442,1,1043.647705,470.003113
0.115723,479.216583,38.383579,1,1008.768677,467.14386
0.114746,479.212341,36.573414,1,904.134644,505.196075
0.114502,479.210785,34.781578,1,904.556641,497.730316
0.11377,479.211945,33.011127,1,893.704956,469.276672
0.111816,479.215637,31.282658,1,843.157532,242.58725
0.114502,479.222137,29.525709,1,870.677246,292.940216
0.114014,479.231537,27.783678,1,927.704773,495.924561
0.115479,479.243927,26.033817,1,932.304016,497.251678
0.131348,479.261322,24.07526,1,939.565979,490.448578
0.118652,479.279755,22.353954,1,934.358704,441.0979
0.118408,479.300446,20.684669,1,925.289368,437.060303
0.116943,479.322144,19.088301,1,939.920593,443.767395
0.115967,479.343292,17.565014,1,942.663818,432.521149
0.117676,479.361633,16.106003,1,941.300354,428.866577
0.114502,479.374451,14.788065,1,964.385437,443.95816
0.113037,479.381317,13.596588,1,951.94812,422.420563
0.117432,479.382782,12.460407,1,954.861938,418.571899
0.114014,479.379974,11.45792,1,1058.181519,419.710144
0.116943,479.37442,10.511775,1,1052.771362,422.545105
0.113525,479.367584,9.666525,1,984.348633,399.60788
0.114258,479.360046,8.881793,1,988.954834,393.940125
0.116211,479.352234,8.139336,1,869.60022,196.694199
0.115723,479.344269,7.438788,1,878.151855,214.878098
0.114258,479.33606,6.766511,1,965.649597,380.49527
0.114014,479.327545,6.125887,1,966.296448,376.213409
0.112305,479.319122,5.530793,1,971.633301,372.732483
0.115723,479.310303,4.952317,1,960.124573,367.439453
0.11377,479.301147,4.384351,1,963.705322,344.910339
0.112793,479.29126,3.79822,1,952.025269,349.592377
0.112549,479.280853,3.208172,1,963.704651,336.001129
0.113281,479.270111,2.625193,1,951.250549,340.481445
0.113525,479.25885,2.041797,1,954.047302,339.773621
0.114502,479.246613,1.434377,1,946.740601,337.957642
0.111084,479.234192,0.845559,1,942.073059,347.368835
0.112793,479.220825,0.239407,1,977.192322,361.666809
0.115723,479.205505,-0.42869,1,975.931519,354.614563
0.113281,479.18927,-1.112452,1,973.324158,361.214264
0.113281,479.172302,-1.796696,1,1043.269653,368.771484
0.112305,479.155029,-2.465688,1,1046.452759,360.592041
0.112549,479.137421,-3.123067,1,886.179871,482.12616
0.114502,479.11908,-3.783244,1,877.011169,500.031128
0.112793,479.100708,-4.421589,1,886.423889,500.846375
0.114014,479.082031,-5.052383,1,974.835022,423.970978
0.115479,479.063324,-5.663849,1,980.558105,428.86969
0.111816,479.045593,-6.228242,1,985.44104,424.065552
0.113037,479.028564,-6.756041,1,913.335571,472.493225
0.110596,479.013123,-7.22134,1,914.500916,478.308746
0.112305,478.999023,-7.638851,1,1386.87085,-2.467597
0.113525,478.986542,-8.00166,1,1385.407471,17.518759
0.109863,478.97641,-8.296372,1,905.499939,178.661041
0.110596,478.968231,-8.534183,1,890.301941,210.245453
0.109131,478.962311,-8.708264,1,875.800293,-97.269669
0.114502,478.958435,-8.822155,1,875.800293,-97.269669
0.112061,478.957123,-8.862479,1,858.500732,278.549438
0.11377,478.957214,-8.860469,1,849.919495,497.481689
0.108398,478.95755,-8.851804,1,864.063843,530.140991
0.111084,478.957733,-8.846464,1,851.989441,512.593689
0.108887,478.957703,-8.846912,1,871.218506,197.423187
0.110596,478.957642,-8.850026,1,865.440735,197.651733
0.108154,478.957581,-8.852245,1,863.335693,136.859177
0.102539,478.957611,-8.852491,1,880.664062,39.989548
0.107178,478.957642,-8.851638,1,880.664062,39.989548
0.104004,478.957672,-8.85102,1,880.664062,39.989548
0.104004,478.957642,-8.85148,1,880.664062,39.989548
0.107666,478.957581,-8.85372,1,880.664062,39.989548
0.105225,478.957428,-8.857944,0,0,0
0.106445,478.957275,-8.864356,0,0,0
0.109375,478.956909,-8.873209,1,922.214905,109.649582
0.105957,478.956604,-8.883991,1,925.643677,270.553864
0.106934,478.956116,-8.89712,1,923.71521,260.592529
0.104736,478.955627,-8.912132,1,924.466064,263.606201
0.109619,478.955048,-8.930043,1,925.333679,251.118317
0.109863,478.954376,-8.95024,1,934.652405,282.797089
0.110596,478.953644,-8.972793,1,939.270935,264.623688
0.110596,478.952789,-8.997665,1,926.374451,223.332764
0.111572,478.951904,-9.024942,1,928.955444,222.87439
0.108154,478.950928,-9.053519,1,975.39624,541.310547
0.114502,478.94986,-9.086057,1,975.216431,548.621033
0.109619,478.9487,-9.11937,1,984.417297,540.668579
0.111816,478.94751,-9.155502,1,984.974915,546.186218
0.110352,478.946228,-9.193265,1,1002.164307,469.133057
0.108398,478.944946,-9.232357,1,1003.35907,469.399658
0.111328,478.943573,-9.274673,1,870.704285,566.610474
0.109619,478.942078,-9.318228,1,870.913391,568.768921
0.106689,478.940613,-9.362654,1,870.024719,552.601196
0.110596,478.939026,-9.410588,1,870.463867,569.777466
0.110596,478.937317,-9.460462,1,963.054382,483.558472
0.109863,478.935638,-9.512061,1,1021.733093,454.169678
0.111816,478.933807,-9.56637,1,1021.765259,463.004425
0.109619,478.931946,-9.621716,1,1162.600952,428.205414
0.113037,478.930023,-9.680536,1,1275.973633,444.08139
0.111816,478.927979,-9.740869,1,1273.322632,410.585632
0.11084,478.925934,-9.802333,1,1015.98468,495.467499
0.11377,478.923737,-9.867557,1,904.712402,513.744812
0.11499,478.921448,-9.935233,1,916.863708,139.957565
0.121338,478.919067,-10.00886,1,916.863708,139.957565
0.119385,478.916504,-10.083503,1,916.863708,139.957565
0.112061,478.914154,-10.155269,1,916.863708,139.957565
0.123291,478.911438,-10.236402,1,956.471375,300.211517
0.115967,478.908783,-10.314548,1,965.44342,481.363495
0.111084,478.90625,-10.391183,1,962.339722,479.87323
0.113281,478.903564,-10.471253,1,1176.708496,487.374146
0.112793,478.900818,-10.55252,1,1175.833984,469.484009
0.113281,478.898071,-10.635925,1,1177.606201,469.031769
0.11499,478.895172,-10.722437,1,1161.178833,465.660156
0.114014,478.892242,-10.809884,1,1161.32666,453.286621
0.114746,478.889252,-10.899457,1,1156.093628,452.189758
0.115967,478.886169,-10.991796,1,1157.352295,449.223785
0.130615,478.882599,-11.097941,1,1164.603271,454.9729
0.118164,478.879364,-11.195734,1,1163.315552,449.548096
0.117676,478.876068,-11.294901,1,1299.755981,424.11499
0.113037,478.872803,-11.391733,1,1451.404175,436.138794
0.117432,478.869385,-11.494119,1,1445.619019,444.00296
0.115967,478.866028,-11.596704,1,1269.721191,461.103394
0.11499,478.862518,-11.700092,1,1190.940552,489.882446
0.115723,478.858978,-11.805526,1,1199.701416,504.685944
0.130371,478.85498,-11.926286,1,1047.758545,497.988434
0.116455,478.851288,-12.035895,1,912.672546,456.349823
0.114014,478.847626,-12.144781,1,482.39447,490.480255
0.114014,478.843964,-12.255014,1,314.359863,434.028687
0.115723,478.84021,-12.368363,1,157.963211,439.517944
0.115479,478.836304,-12.482923,1,987.498352,498.961823
0.116455,478.832397,-12.599947,1,981.39563,504.246857
0.115723,478.828552,-12.717632,1,1167.827026,489.497864
0.113525,478.824585,-12.834547,1,1161.51416,488.394409
0.115723,478.820526,-12.955164,1,764.891541,453.759583
0.115723,478.816406,-13.077079,1,770.766663,450.483643
0.11377,478.812164,-13.198383,1,778.124756,445.581055
0.115723,478.807526,-13.323246,1,784.228027,443.747925
0.11377,478.802765,-13.447962,1,786.889282,440.258026
0.117676,478.797668,-13.578894,1,910.492004,287.385864
0.116455,478.792389,-13.711531,1,903.504272,327.640656
0.114014,478.787048,-13.845741,1,868.50769,622.513
0.115967,478.781067,-13.993678,1,871.309692,610.275879
0.114014,478.774139,-14.164379,1,875.534973,554.381348
0.116211,478.764923,-14.384212,1,901.953369,278.573975
0.116943,478.753143,-14.659987,1,910.460571,277.796814
0.114014,478.739502,-14.968413,1,903.812805,390.253876
0.118896,478.723816,-15.305785,1,910.681458,380.118561
0.115723,478.707153,-15.639657,1,931.237732,377.992889
0.114502,478.689392,-15.969527,1,947.107178,362.768677
0.133301,478.666931,-16.353333,1,961.474182,372.134064
0.117188,478.644684,-16.690584,1,977.352539,362.0495
0.11792,478.61853,-17.030346,1,1004.682495,363.000549
0.117188,478.587524,-17.365614,1,1200.402344,362.199646
0.113281,478.551178,-17.686872,1,1560.782593,468.023529
0.11499,478.506348,-18.009415,1,1315.939819,406.465363
0.116211,478.451569,-18.331018,1,1379.62793,412.834869
0.117676,478.385681,-18.651865,1,1370.098389,412.662964
0.118408,478.309357,-18.969875,1,1370.157104,397.214325
0.115967,478.225922,-19.277092,1,1353.346924,399.386261
0.115234,478.134003,-19.577372,1,1342.228271,389.026459
0.115967,478.03125,-19.873621,1,1341.743774,385.831024
0.114502,477.920868,-20.160009,1,1328.902222,381.867371
0.114746,477.802338,-20.442551,1,1306.439453,409.765472
0.112793,477.679596,-20.716103,1,1294.920898,388.12442
0.109863,477.556152,-20.978989,1,1272.345825,386.595856
0.111328,477.427155,-21.242973,1,1259.216431,380.736603
0.111084,477.296295,-21.503155,1,1271.274414,332.806274
0.109619,477.165161,-21.758015,1,1265.105469,356.993896
0.111572,477.028595,-22.014896,1,1260.790039,388.950928
0.109619,476.891571,-22.26376,1,1270.412476,370.455414
0.11084,476.749939,-22.512667,1,1276.36084,399.966187
0.111572,476.605743,-22.760685,1,1287.328125,420.386627
0.111816,476.457489,-23.004671,1,1297.065796,396.871246
0.112305,476.303223,-23.244986,1,1292.491577,369.668518
0.109863,476.1474,-23.476162,1,1311.27002,353.253326
0.10791,475.992889,-23.696325,1,1335.545898,342.930145
0.109131,475.855957,-23.883778,1,1312.241577,359.069275
0.106201,475.754211,-24.017746,1,1359.091553,349.011841
0.106201,475.69162,-24.097254,1,1390.30481,369.856018
0.107666,475.671356,-24.121468,1,1421.32959,361.041718
0.103271,475.6745,-24.117353,1,1433.184326,374.091095
0.107178,475.682343,-24.110102,1,1465.62439,350.45285
0.105469,475.687653,-24.107208,1,1487.142456,341.744476
0.104736,475.688721,-24.108946,1,1544.642578,334.623932
0.108643,475.68692,-24.112282,1,1583.330811,351.171143
0.107666,475.684753,-24.113997,1,1497.977661,317.714386
0.109863,475.683502,-24.113424,1,297.881439,509.041534
0.110352,475.683411,-24.111809,1,303.696991,570.567566
0.105957,475.683746,-24.110739,1,660.137146,146.008896
0.10791,475.684174,-24.110743,1,1767.786011,53.076355
0.108154,475.684448,-24.111444,1,1465.568604,342.521698
0.10791,475.684509,-24.112078,1,1471.011597,405.832184
0.107666,475.684052,-24.112974,1,1483.451782,439.928131
0.105469,475.682159,-24.115274,1,1386.724609,427.121246
0.118164,475.678223,-24.119907,1,1370.8927,404.321198
0.111084,475.672821,-24.126371,1,1199.410522,288.007141
0.109131,475.667389,-24.132858,1,993.044189,221.890549
0.111084,475.661987,-24.139425,1,988.585693,232.621597
0.11084,475.658447,-24.1437,1,990.179871,223.325928
0.109375,475.657867,-24.144266,1,1246.491455,307.037659
0.109863,475.65741,-24.144936,1,1252.245605,329.528351
0.108643,475.655365,-24.147596,1,1255.135742,318.403198
0.110596,475.648865,-24.155685,1,1243.646973,303.883484
0.111572,475.628418,-24.18049,1,1241.991455,297.249817
0.10791,475.580811,-24.23699,1,971.621704,175.42691
0.109131,475.499908,-24.330669,1,979.43634,181.677383
0.108398,475.385223,-24.459352,1,1244.279419,201.555344
0.107178,475.237793,-24.619667,1,1397.644287,334.019562
0.11084,475.047577,-24.819225,1,1373.849487,346.836823
0.108398,474.822113,-25.046568,1,1706.844482,328.080505
0.107422,474.557953,-25.300535,1,1634.255859,340.67627
0.109131,474.243866,-25.585476,1,1641.870728,337.64624
0.106689,473.890137,-25.885786,1,1782.1698,355.777313
0.107666,473.483337,-26.205536,1,1759.798462,367.250183
0.105957,473.032715,-26.530119,1,1733.787842,371.226501
0.104492,472.536652,-26.854774,1,1717.535278,371.937225
0.103271,471.996399,-27.172979,1,1678.645508,390.364532
0.100098,471.424744,-27.4729,1,1612.888672,374.02713
0.102539,470.79068,-27.765024,1,1541.704102,385.169739
0.130859,469.914825,-28.103239,1,1477.537231,385.603577
0.129883,468.988678,-28.383709,1,1395.332886,364.610291
0.128662,468.078156,-28.584717,1,1285.111938,369.318481
0.128174,467.200989,-28.712505,1,1237.5979,287.40271
0.129639,466.311127,-28.788685,1,1449.478149,426.771667
0.128662,465.439697,-28.817808,1,1136.53064,286.057709
0.129395,464.587799,-28.803249,1,1066.829468,260.89621
0.126953,463.762512,-28.749142,1,981.97876,280.170715
0.125488,462.964478,-28.662548,1,933.64978,307.61261
0.122314,462.208405,-28.555727,1,904.964233,337.309692
0.126709,461.433105,-28.433859,1,877.163879,366.360168
0.125488,460.645721,-28.311823,1,846.262329,360.150543
0.123535,459.839722,-28.202747,1,839.496399,348.474792
0.122314,459.011078,-28.115389,1,835.520325,383.005188
0.123779,458.139832,-28.05031,1,843.624695,361.140717
0.120117,457.261383,-28.007055,1,868.931702,336.837189
0.119141,456.358551,-27.979357,1,878.468201,303.331299
0.120605,455.416534,-27.96077,1,896.160339,296.462616
0.133301,454.337067,-27.944607,1,909.271423,321.384979
0.12793,453.262756,-27.926399,1,915.06604,328.849121
0.123047,452.195038,-27.904272,1,915.848328,313.213898
0.122559,451.099823,-27.877029,1,917.603577,309.112915
0.121094,449.98526,-27.848656,1,931.572388,328.591766
0.120361,448.847198,-27.820982,1,926.724976,321.058716
0.128662,447.594971,-27.792583,1,914.96521,354.166382
0.124512,446.325592,-27.765352,1,908.786072,357.300995
0.126465,444.967834,-27.736183,1,909.617126,349.866669
0.124512,443.568329,-27.70492,1,902.250305,348.58606
0.126221,442.084076,-27.670187,1,962.398743,424.247925
0.125732,440.539398,-27.632765,1,961.256836,417.88324
0.124756,438.941956,-27.593317,1,888.141724,239.255417
0.129395,437.221527,-27.550327,1,844.535278,136.069717
0.101807,435.831116,-27.515209,1,846.123596,168.070129
0.104248,434.367889,-27.47797,1,839.185791,193.405853
0.104736,432.860291,-27.439434,1,941.912476,529.858521
0.104736,431.322174,-27.400023,1,938.160645,528.481812
0.105957,429.726593,-27.359131,1,938.050659,527.813416
0.105469,428.118835,-27.317987,1,942.348511,515.115479
0.103516,426.53537,-27.277542,1,967.313843,522.991821
0.104736,424.935791,-27.236734,1,968.386841,529.071289
0.105713,423.325867,-27.195677,1,912.453796,495.690247
0.106445,421.724091,-27.154854,1,924.520813,502.602997
0.105469,420.148895,-27.116125,1,925.097107,503.802124
0.105957,418.583313,-27.080435,1,914.387634,486.946259
0.105469,417.038818,-27.049086,1,964.785828,518.737122
0.104736,415.515594,-27.022676,1,765.409851,496.777344
0.103516,414.027466,-27.00185,1,979.59259,635.898621
0.10376,412.546112,-26.98624,1,1191.396851,602.81665
0.101562,411.110229,-26.975971,1,740.774414,622.977051
0.130371,409.284515,-26.969706,1,922.407471,635.377625
0.102783,407.858612,-26.970026,1,1107.962158,91.432312
0.100098,406.483246,-26.974703,1,1206.481934,-36.780632
0.102295,405.090973,-26.983891,1,1241.279053,85.544136
0.102051,403.710968,-26.997366,1,1509.252197,49.554394
0.101318,402.355408,-27.014826,1,1779.007568,27.567387
0.106445,400.94342,-27.037371,1,1779.007568,27.567387
0.105957,399.548889,-27.063917,1,660.057983,488.06134
0.106445,398.162384,-27.094364,1,653.951416,531.664673
0.106934,396.781647,-27.128149,1,661.209229,528.096802
0.10376,395.454163,-27.16268,1,694.955261,500.032074
0.107666,394.086823,-27.198786,1,718.848022,514.894897
0.108643,392.720734,-27.234135,1,1225.994141,567.257446
0.10791,391.377777,-27.265932,1,971.010071,548.62439
0.117432,389.928864,-27.294418,1,1119.020386,222.709091
0.112061,388.560303,-27.314655,1,1473.742554,-223.00293
0.110352,387.224152,-27.327379,1,1473.742554,-223.00293
0.109131,385.916077,-27.33359,1,1255.353882,366.590546
0.108154,384.630157,-27.334305,1,1286.36438,321.02356
0.106689,383.372559,-27.330511,1,1265.296509,237.273102
0.112549,382.059052,-27.322227,1,1265.296509,237.273102
0.10498,380.846893,-27.310766,1,940.184998,497.843109
0.102783,379.667084,-27.295986,1,976.658142,350.229492
0.104492,378.48175,-27.277349,1,1286.751465,-125.007034
0.105713,377.290802,-27.254667,1,1332.599854,-152.654648
0.107422,376.093781,-27.227852,1,919.205688,466.94519
0.108643,374.890778,-27.196867,1,905.116943,486.378815
0.112549,373.658752,-27.161238,1,970.90564,504.923462
0.113281,372.431152,-27.122231,1,916.463928,518.066833
0.110352,371.245911,-27.082382,1,912.272705,510.887421
0.112061,370.051697,-27.041702,1,902.366028,510.428925
0.111084,368.881073,-27.002111,1,891.134644,493.078522
0.111572,367.717133,-26.963459,1,878.293762,461.058838
0.112061,366.556671,-26.925579,1,1018.096802,321.422028
0.110107,365.428345,-26.889187,1,1369.60376,64.601486
0.112549,364.287231,-26.852798,1,1362.166138,61.503536
0.112061,363.159393,-26.817232,1,1404.101318,26.252541
0.11084,362.055115,-26.782942,1,1419.718994,39.610657
0.115234,360.91925,-26.748568,1,1433.207275,80.914238
0.112061,359.825775,-26.717531,1,725.006042,391.360382
0.112793,358.734161,-26.690174,1,926.812683,443.150482
0.112793,357.653076,-26.667463,1,934.208069,438.553833
0.11084,356.600952,-26.650543,1,954.597839,472.086182
0.11377,355.529907,-26.639252,1,910.634277,490.054291
0.114014,354.468628,-26.634054,1,956.100952,487.406342
0.110596,353.449493,-26.633936,1,923.860291,473.833038
0.111328,352.432587,-26.637709,1,918.772949,471.50415
0.112305,351.418671,-26.644897,1,840.076294,516.278809
0.111816,350.417511,-26.655094,1,838.885376,529.663696
0.113281,349.411621,-26.668459,1,838.983154,511.298035
0.112793,348.42218,-26.684647,1,905.768982,498.789001
0.112793,347.441925,-26.702971,1,960.119141,277.290375
0.111328,346.481354,-26.7229,1,1628.66333,-135.109863
0.114014,345.510284,-26.744715,1,865.397217,377.18634
0.115479,344.535034,-26.767946,1,976.319885,471.264679
0.11377,343.602936,-26.790695,1,980.017944,497.405212
0.115479,342.713745,-26.812252,1,929.42981,456.028534
0.114014,341.874847,-26.832331,1,926.182007,472.972076
0.113037,341.081024,-26.851192,1,922.812012,478.343353
0.121338,340.276489,-26.870449,1,923.929077,463.722198
0.117676,339.506104,-26.889339,1,1023.086609,505.719849
0.112061,338.763458,-26.908144,1,1012.296936,524.602478
0.11499,338.021271,-26.927515,1,1017.519287,511.028564
0.112793,337.316162,-26.946377,1,796.822266,455.993469
0.113525,336.608643,-26.965649,1,804.935669,448.772614
0.115967,335.897491,-26.985332,1,794.753357,454.760986
0.113525,335.217621,-27.00448,1,926.76001,429.130493
0.11499,334.521271,-27.024479,1,934.5578,423.547791
0.113525,333.811951,-27.045288,1,945.836914,419.484833
0.112061,333.10202,-27.066504,1,937.37561,398.537445
0.111084,332.389801,-27.088055,1,935.059509,386.709839
0.110107,331.666962,-27.11017,1,942.824036,359.92749
0.112549,330.911926,-27.133488,1,939.055786,381.068298
0.116699,330.118835,-27.158258,1,949.390991,405.151398
0.115479,329.319336,-27.183558,1,1004.008118,414.860748
0.116699,328.493835,-27.210066,1,1049.267822,436.898773
0.115967,327.661163,-27.23724,1,950.595459,399.61145
0.113525,326.832489,-27.26474,1,955.699768,408.94574
0.116211,325.972229,-27.293718,1,851.643127,416.12677
0.114746,325.107727,-27.322958,1,846.387634,432.964355
0.114746,324.234955,-27.352417,1,896.534241,418.098267
0.115967,323.338593,-27.382538,1,926.504272,403.304535
0.111572,322.463043,-27.411625,1,928.771606,394.977722
0.109375,321.59137,-27.439528,1,970.912354,398.843719
0.107666,320.724213,-27.466122,1,976.025146,403.329102
0.107422,319.846558,-27.491659,1,1051.625488,390.412659
0.108887,318.94809,-27.516253,1,1158.830322,392.241699
0.10791,318.043671,-27.539532,1,1162.713257,403.001984
0.109131,317.118774,-27.562012,1,1178.545288,435.898651
0.109131,316.180084,-27.583641,1,1197.069092,462.537354
0.106445,315.25177,-27.604021,1,1096.422607,434.695526
0.10791,314.296631,-27.623964,1,967.732849,416.408295
0.109131,313.317627,-27.643326,1,953.296631,416.096985
0.105713,312.3573,-27.661217,1,983.903015,118.130768
0.107422,311.370178,-27.678421,1,983.903015,118.130768
0.106445,310.376892,-27.69451,1,983.903015,118.130768
0.108643,309.352478,-27.709814,1,983.903015,118.130768
0.107666,308.321289,-27.723818,1,1040.784668,365.785828
0.104736,307.296326,-27.736166,1,1021.479248,439.468079
0.109619,306.179016,-27.747919,1,1001.886902,510.604279
0.110596,304.997192,-27.758373,1,991.557922,499.817047
0.108154,303.795105,-27.766991,1,988.880676,494.497498
0.111084,302.511078,-27.774027,1,970.521362,484.990601
0.11084,301.185791,-27.778818,1,972.642151,462.0177
0.122803,299.709137,-27.781248,1,975.480408,445.580231
0.115967,298.298431,-27.780687,1,980.459167,436.928131
0.108154,296.964203,-27.777603,1,945.981323,427.222382
0.108398,295.618439,-27.772043,1,914.305786,-40.546364
0.124512,294.052551,-27.762478,1,966.479004,224.979309
0.111084,292.637268,-27.751009,1,959.527649,250.427948
0.126465,291.011658,-27.734518,1,973.006958,329.168304
0.110107,289.578552,-27.717024,1,1091.961426,325.705017
0.107178,288.172119,-27.697199,1,1322.691162,346.046112
0.108154,286.740967,-27.674372,1,957.45282,393.75351
0.104736,285.341736,-27.64959,1,948.022095,436.520874
0.106934,283.899689,-27.621597,1,946.101746,446.979187
0.105957,282.459595,-27.59123,1,946.802368,463.429382
0.102783,281.052673,-27.55934,1,941.627686,456.486267
0.106445,279.584534,-27.523785,1,928.073303,446.165527
0.120117,277.91214,-27.480822,1,923.868042,446.138611
0.108154,276.39566,-27.440292,1,974.894226,454.122253
0.107422,274.876617,-27.398914,1,979.225708,452.153259
0.109863,273.312836,-27.356888,1,973.203247,442.525269
0.112549,271.699188,-27.317135,1,962.061096,445.693146
0.112793,270.072021,-27.282585,1,955.505371,454.878143
0.109131,268.487122,-27.255432,1,1370.472656,-28.385872
0.111328,266.86203,-27.234709,1,1377.532959,-65.133705
0.110107,265.243561,-27.221127,1,1384.728516,-14.552486
0.111328,263.595886,-27.213989,1,1390.189453,44.642105
0.115723,261.874756,-27.212919,1,1188.156494,124.764015
0.108398,260.25235,-27.21747,1,902.057434,468.450623
0.108887,258.611511,-27.227365,1,912.96814,484.937592
0.110352,256.944214,-27.242992,1,935.890564,477.53006
0.109863,255.271408,-27.264318,1,965.65564,459.478882
0.113037,253.5439,-27.291929,1,974.928955,453.553284
0.111328,251.832748,-27.323391,1,978.156799,454.54007
0.108154,250.181274,-27.35673,1,987.298889,444.274841
0.110352,248.508408,-27.392786,1,987.33313,451.091217
0.107666,246.885925,-27.429707,1,986.76416,428.442535
0.110107,245.244781,-27.468819,1,980.466003,403.005554
0.109863,243.627045,-27.508856,1,954.119324,-59.606964
0.109375,242.026825,-27.549572,1,956.492859,180.321426
0.110107,240.431473,-27.590569,1,942.640442,277.592285
0.111328,238.836029,-27.631569,1,947.742249,363.994324
0.107666,237.308014,-27.670561,1,956.359009,364.900574
0.106934,235.801956,-27.708679,1,955.282043,373.197693
0.103271,234.359711,-27.744991,1,951.710022,366.672455
0.108643,232.860352,-27.782703,1,899.345093,407.268463
0.109863,231.353928,-27.820686,1,888.363831,417.946503
0.105957,229.917831,-27.857037,1,888.564453,405.454681
0.120117,228.300919,-27.898083,1,892.928528,392.200592
0.112549,226.806747,-27.936045,1,894.10968,393.67572
0.113281,225.3423,-27.972967,1,902.037231,393.094177
0.111816,223.943802,-28.006899,1,895.814636,389.261169
0.10791,222.65065,-28.036119,1,907.102722,377.977997
0.109863,221.396683,-28.061941,1,905.16925,371.652527
0.11084,220.19928,-28.083857,1,898.232849,358.646088
0.106934,219.107498,-28.101694,1,886.736511,355.094025
0.108887,218.054977,-28.117052,1,889.853394,346.888245
0.111572,217.043732,-28.130514,1,892.287903,341.663849
0.106689,216.141357,-28.141619,1,888.465698,333.588776
0.105957,215.318024,-28.151066,1,883.245422,330.502472
0.101074,214.613266,-28.158649,1,879.151306,330.782532
0.103516,213.973465,-28.164988,1,857.211304,331.236359
0.111572,213.373047,-28.170376,1,825.133118,354.938416
0.105957,212.87944,-28.174387,1,826.932312,349.975433
0.107422,212.44133,-28.177666,1,819.775269,357.814392
0.10791,212.043839,-28.180468,1,828.577698,372.635376
0.10791,211.650421,-28.183157,1,840.709106,338.474731
0.109619,211.226532,-28.185966,1,859.532898,270.165405
0.108154,210.760086,-28.188917,1,795.835144,291.125763
0.108154,210.245026,-28.19194,1,793.965698,313.282562
0.10791,209.684372,-28.194927,1,791.902893,310.692413
0.108154,209.075363,-28.197855,1,802.339417,308.826202
0.10791,208.419647,-28.20067,1,762.693787,327.048218
0.108154,207.715866,-28.203327,1,727.540039,373.958282
0.108154,206.963715,-28.205772,1,765.130249,363.51889
0.106445,206.175674,-28.207886,1,784.906494,368.95575
0.105713,205.347031,-28.20961,1,772.689331,362.846405
0.105469,204.476135,-28.210838,1,814.567688,-219.113037
0.105469,203.562393,-28.211433,1,814.567688,-219.113037
0.103027,202.668213,-28.211329,1,814.567688,-219.113037
0.105713,201.791458,-28.210535,1,818.481079,354.895996
0.106689,200.935745,-28.209085,1,828.317261,397.925781
0.105225,200.087357,-28.207026,1,834.855591,393.257843
0.106201,199.24028,-28.204353,1,798.118286,431.658783
0.10498,198.426651,-28.201204,1,798.612305,430.070618
0.108398,197.598938,-28.197582,1,800.957153,410.360901
0.109131,196.767258,-28.193792,1,788.798096,415.610199
0.104736,195.985153,-28.190302,1,792.213501,414.303802
0.108643,195.194839,-28.186901,1,788.617432,407.831604
0.107178,194.422638,-28.183758,1,717.378784,403.732483
0.103271,193.685562,-28.181433,1,711.983154,407.570801
0.104736,192.952835,-28.180557,1,713.621338,412.668854
0.102783,192.247147,-28.182625,1,710.956848,394.657166
0.102051,191.554642,-28.191519,1,718.076355,404.105743
0.119629,190.754639,-28.215576,1,729.121277,393.409973
0.10791,190.047592,-28.252714,1,727.571899,382.948792
0.104736,189.376053,-28.305426,1,737.733704,363.869049
0.106689,188.70108,-28.377048,1,699.12323,363.991394
0.10498,188.051147,-28.465822,1,715.228821,373.533722
0.105713,187.411362,-28.573793,1,722.352112,352.282715
0.105957,186.784897,-28.701815,1,984.95929,479.129242
0.109375,186.152145,-28.853449,1,762.833984,428.978851
0.111084,185.523956,-29.017527,1,782.232361,361.135468
0.106445,184.93277,-29.175791,1,791.801147,368.775818
0.106689,184.346924,-29.32827,1,796.819885,345.455505
0.106445,183.770615,-29.468155,1,773.136963,321.299377
0.108643,183.190247,-29.596657,1,753.937622,320.829865
0.106689,182.626511,-29.710365,1,726.050171,320.838989
0.10791,182.06395,-29.816504,1,718.719238,320.268158
0.105713,181.520721,-29.915638,1,687.748657,316.469055
0.10791,180.97403,-30.014288,1,670.414612,304.895935
0.107178,180.439163,-30.112299,1,654.84668,271.372986
0.106689,179.917389,-30.214489,1,923.175171,357.750916
0.105713,179.410233,-30.326321,1,648.266846,239.008072
0.105713,178.916061,-30.455727,1,631.385681,205.474533
0.109619,178.421249,-30.613209,1,965.572388,371.130768
0.109863,177.945648,-30.796083,1,671.560486,202.632874
0.106445,177.504242,-30.999887,1,322.289948,122.74572
0.111084,177.066162,-31.234848,1,409.755737,132.666733
0.111084,176.64888,-31.488689,1,466.491821,147.4944
0.112305,176.246704,-31.760578,1,517.844666,154.867661
0.112061,175.864731,-32.044296,1,559.665344,169.006958
0.106934,175.518326,-32.325684,1,577.848145,145.284912
0.112305,175.17424,-32.632149,1,601.998291,138.151917
0.108643,174.861145,-32.939556,1,611.356201,118.303757
0.107422,174.571701,-33.253235,1,804.836487,72.264069
0.110107,174.296188,-33.582947,1,646.565552,300.444763
0.108887,174.043365,-33.916431,1,646.565552,300.444763
0.112793,173.800385,-34.266594,1,271.765442,189.258362
0.111084,173.578018,-34.615372,1,513.271423,346.008942
0.109619,173.374603,-34.961372,1,-103.286858,-113.888954
0.111816,173.182831,-35.315514,1,793.240234,-65.049095
0.111328,173.007629,-35.668682,1,856.060303,88.18766
0.116211,172.839432,-36.018635,1,767.827759,-11.018318
0.11792,172.68335,-36.370388,1,562.363281,27.098877
0.116943,172.557281,-36.730526,1,748.046265,97.888878
0.116455,172.450974,-37.109966,1,764.50824,184.464676
0.118164,172.345673,-37.547211,1,439.170135,120.582535
0.118164,172.236954,-38.045033,1,845.768188,146.607071
0.12085,172.120651,-38.614887,1,800.083923,53.720917
0.127441,172.014969,-39.284821,1,-69.126915,73.335266
0.11499,171.935516,-39.926559,1,746.008728,149.924957
0.118652,171.89917,-40.621574,1,697.873962,116.157593
0.115967,171.943237,-41.367432,1,801.172791,118.517921
0.116699,172.062057,-42.167065,1,476.230469,108.120255
0.118164,172.21489,-43.000816,1,562.368835,75.152359
0.114502,172.435989,-43.843338,1,977.273254,257.571808
0.11377,172.73851,-44.693539,1,485.565186,220.778412
0.114258,173.133331,-45.532734,1,790.13739,310.97467
0.112549,173.581207,-46.343159,1,708.217834,128.141342
0.111816,174.085373,-47.153603,1,914.323547,217.694046
0.108154,174.616608,-47.960041,1,1220.96521,388.407562
0.11084,175.204865,-48.803299,1,1617.325806,369.945404
0.112305,175.825867,-49.700848,1,1220.652832,250.475006
0.109863,176.432251,-50.626766,1,1313.809937,242.381592
0.11084,177.047134,-51.604301,1,1479.490845,278.877533
0.110107,177.635086,-52.622902,1,1370.964355,286.719025
0.110596,178.168503,-53.661682,1,903.134888,277.687042
0.107422,178.637497,-54.680813,1,1013.369446,241.473358
0.109863,179.074524,-55.740669,1,886.463135,178.850739
0.119873,179.491425,-56.893948,1,405.062653,240.75119
0.119141,179.845871,-58.048382,1,792.068359,138.708862
0.120361,180.14238,-59.218201,1,912.530334,152.984909
0.121582,180.380356,-60.400227,1,1156.059937,301.178406
0.12207,180.56134,-61.588566,1,1130.523071,301.045898
0.120361,180.685303,-62.750332,1,1083.507812,307.86853
0.120605,180.75856,-63.907024,1,1209.107788,329.0112
0.119873,180.782791,-65.046173,1,1160.456665,347.447571
0.121826,180.764557,-66.198845,1,1125.493652,300.33432
0.120605,180.712204,-67.343559,1,1080.448853,300.944275
0.119385,180.630783,-68.476059,1,1065.748901,330.772217
0.121338,180.520096,-69.629272,1,1028.606934,297.158936
0.120605,180.387192,-70.778923,1,990.865967,321.071991
0.119141,180.239059,-71.917694,1,1016.01416,316.565887
0.119629,180.075912,-73.075462,1,999.958557,206.030106
0.117432,179.901749,-74.239365,1,981.376404,263.15451
0.119141,179.715698,-75.454842,1,1019.091553,310.26297
0.119873,179.525833,-76.713539,1,1023.036926,342.002625
0.118652,179.337891,-77.989494,1,1017.016174,345.724792
0.119141,179.145798,-79.306618,1,1008.182312,340.329041
0.120361,178.944946,-80.666977,1,1011.100647,238.340927
0.119873,178.7332,-82.057541,1,1341.747314,31.967541
0.12085,178.506104,-83.490974,1,1346.209717,47.608315
0.129883,178.244751,-85.077873,1,871.644836,123.541794
0.12085,177.985764,-86.601944,1,874.517395,134.421616
0.12085,177.713196,-88.167458,1,918.984741,210.596359
0.11792,177.434021,-89.735237,1,947.703613,272.915009
0.119385,177.138229,-91.357742,1,1050.287231,274.931183
0.119385,176.827301,-93.019165,1,1047.56897,387.31778
0.119141,176.501053,-94.715698,1,985.976929,327.80838
0.121582,176.153381,-96.48262,1,984.953613,361.892426
0.119629,175.801895,-98.250542,1,977.406921,347.060791
0.119629,175.444702,-100.050346,1,980.161316,336.391144
0.121094,175.080902,-101.90612,1,919.933105,314.253815
0.118408,174.722672,-103.768639,1,927.868225,319.613831
0.118164,174.360992,-105.686714,1,921.737427,312.053314
0.117676,173.996475,-107.652824,1,916.725281,318.076752
0.116943,173.626724,-109.665962,1,945.393188,335.954987
0.120605,173.236221,-111.795448,1,963.658508,355.602264
0.118164,172.84671,-113.914368,1,979.015198,352.016449
0.118652,172.449295,-116.067978,1,1016.936218,388.115845
0.118164,172.046631,-118.235184,1,1016.246033,372.557373
0.118408,171.634705,-120.434982,1,1021.211182,388.772308
0.118652,171.21283,-122.667587,1,1029.562012,381.259674
0.119629,170.778061,-124.945564,1,1012.892517,375.23645
0.118164,170.339493,-127.219193,1,1012.803467,380.025269
0.11792,169.891876,-129.515228,1,1020.322083,381.142456
0.114258,169.448792,-131.763901,1,1017.027649,384.087891
0.117676,168.983887,-134.098755,1,1024.115112,369.950043
0.117676,168.50882,-136.458389,1,833.476685,107.584404
0.114502,168.036942,-138.776657,1,841.84375,133.821732
0.118164,167.539597,-141.192825,1,834.870239,133.29953
0.116455,167.039459,-143.59256,1,933.619812,281.687531
0.117188,166.522034,-146.023727,1,1021.970886,415.667023
0.119385,165.973068,-148.509644,1,1026.189209,423.859528
0.119141,165.39212,-151.002426,1,1017.635071,437.660797
0.12085,164.761261,-153.53656,1,1005.449707,442.815369
0.119873,164.089554,-156.054367,1,997.81781,433.125336
0.117188,163.393951,-158.509842,1,991.342529,411.198853
0.118896,162.667572,-160.972992,1,974.792114,403.937439
0.116211,161.951736,-163.362335,1,971.763489,405.897614
0.117188,161.237823,-165.756104,1,966.094727,398.853241
0.120361,160.52179,-168.195679,1,965.127258,410.842316
0.118408,159.833969,-170.583099,1,975.559753,420.096466
0.119629,159.151749,-172.981033,1,977.436218,413.976562
0.128174,158.429031,-175.531067,1,976.199463,411.677246
0.117676,157.767578,-177.857254,1,975.552124,422.329254
0.119141,157.100754,-180.190674,1,976.671448,422.445038
0.116943,156.447159,-182.470474,1,979.136902,428.347473
0.119873,155.782349,-184.788788,1,846.878235,112.777946
0.121094,155.116104,-187.115692,1,851.968628,149.016342
0.118408,154.471207,-189.371216,1,858.723389,168.545212
0.11792,153.830109,-191.609879,1,849.248962,181.749985
0.119629,153.180069,-193.859955,1,852.703308,180.740677
0.113525,152.55835,-195.980209,1,861.897461,176.950668
0.115967,151.917084,-198.128723,1,869.699402,172.443436
0.115723,151.270477,-200.254852,1,967.954956,351.431976
0.114746,150.622818,-202.348007,1,988.939819,428.136566
0.117676,149.954651,-204.47464,1,959.255127,367.382416
0.114746,149.299683,-206.530899,1,838.522156,147.893127
0.120117,148.609497,-208.669144,1,839.934021,144.751816
0.118652,147.92485,-210.761246,1,863.216003,147.657501
0.11377,147.264267,-212.752197,1,862.225037,149.513763
0.112549,146.6073,-214.704803,1,1007.854675,451.133331
0.112549,145.94725,-216.640411,1,1014.654907,457.31665
0.116455,145.259979,-218.629333,1,1020.159912,475.305237
0.118652,144.555923,-220.640427,1,937.916687,440.776703
0.114258,143.87645,-222.558975,1,930.338989,444.105988
0.115234,143.188751,-224.482117,1,1299.382812,170.579971
0.114746,142.504608,-226.379013,1,985.957947,280.633911
0.112061,141.835785,-228.21904,1,970.705139,393.879303
0.115967,141.142761,-230.111374,1,981.935669,443.938812
0.11499,140.456085,-231.972214,1,1056.174683,526.971924
0.116699,139.760315,-233.843597,1,1081.715332,548.718506
0.119385,139.047623,-235.746292,1,1021.566223,504.569153
0.115234,138.359467,-237.572418,1,925.494446,474.796051
0.117188,137.665283,-239.409943,1,924.039917,445.723724
0.112549,137.001541,-241.167496,1,826.066284,200.959671
0.111816,136.347672,-242.904099,1,835.560486,195.299744
0.112793,135.695648,-244.643143,1,844.040649,226.250153
0.11084,135.061157,-246.342575,1,865.307495,252.280762
0.110107,134.435944,-248.022202,1,874.225037,246.242447
0.112305,133.804688,-249.721542,1,865.270447,197.671387
0.112305,133.177261,-251.412628,1,859.060974,186.192322
0.114014,132.544067,-253.12085,1,858.864197,181.16832
0.114502,131.914062,-254.82222,1,878.677979,424.959564
0.121338,131.250839,-256.615906,1,949.823059,408.024994
0.123291,130.583633,-258.423553,1,945.640564,413.676575
0.114502,129.968216,-260.093567,1,840.260925,147.062698
0.125488,129.298965,-261.912048,1,840.267822,126.813042
0.116943,128.679428,-263.596863,1,855.307251,160.87944
0.11377,128.081131,-265.224152,1,861.491699,155.058044
0.112061,127.48893,-266.834442,1,864.119507,155.363449
0.11084,126.897934,-268.441101,1,861.701538,147.490707
0.113281,126.286697,-270.10257,1,862.709534,157.947525
0.113281,125.668228,-271.783569,1,858.959595,147.270477
0.116211,125.027489,-273.525177,1,857.529846,150.864227
0.111572,124.406494,-275.213409,1,854.704529,152.593063
0.11084,123.783318,-276.907593,1,849.07135,135.086761
0.11084,123.153915,-278.618774,1,847.782227,135.830521
0.109131,122.527313,-280.322205,1,848.657898,130.888321
0.114014,121.86853,-282.11261,1,860.012512,140.585968
0.113037,121.20694,-283.909851,1,858.054749,138.629196
0.114502,120.53096,-285.740479,1,954.121887,266.695312
0.115234,119.837776,-287.599518,1,962.680115,306.56369
0.113281,119.143417,-289.434784,1,961.708069,299.145508
0.112549,118.441353,-291.258026,1,956.997009,295.664276
0.109863,117.745407,-293.033234,1,951.462341,302.218689
0.111328,117.027946,-294.832214,1,955.095886,311.110229
0.115479,116.271614,-296.6987,1,859.402283,179.310242
0.116211,115.500832,-298.573059,1,866.485046,178.511414
0.116943,114.712105,-300.464233,1,864.646057,190.780991
0.120361,113.890335,-302.406433,1,907.368042,304.051849
0.113037,113.107208,-304.230469,1,932.320923,399.00412
0.114014,112.306145,-306.070343,1,925.270752,389.774109
0.112549,111.506775,-307.884552,1,923.438843,391.559143
0.109619,110.719986,-309.655518,1,917.575256,410.379486
0.109375,109.931908,-311.423035,1,916.121582,416.842316
0.105713,109.167,-313.138367,1,906.497681,428.576843
0.105957,108.401779,-314.857208,1,882.251221,454.072052
0.106934,107.628204,-316.598236,1,877.555786,466.377869
0.105469,106.864601,-318.319183,1,1126.192017,351.591522
0.105469,106.099968,-320.042786,1,1434.769775,234.218582
0.103027,105.352341,-321.727173,1,1441.728394,245.936417
0.105469,104.583397,-323.458099,1,1341.410034,261.279724
0.107422,103.800346,-325.219452,1,899.269836,471.144531
0.104248,103.037773,-326.934357,1,903.239807,485.298859
0.104004,102.275459,-328.648895,1,902.330261,490.459656
0.103516,101.515678,-330.358337,1,848.503845,258.560211
0.10498,100.744888,-332.09314,1,847.20282,252.865616
0.108643,99.945992,-333.891632,1,846.896973,260.549103
0.106201,99.163719,-335.652557,1,850.716797,253.41098
0.106689,98.375252,-337.427246,1,845.957458,241.567932
0.10498,97.598969,-339.174927,1,854.851807,233.923935
0.117432,96.731377,-341.130524,1,861.206604,292.908936
0.111572,95.905746,-342.9953,1,875.814514,429.810852
0.110107,95.091049,-344.840302,1,877.322021,413.249695
0.107666,94.29641,-346.645966,1,889.124756,414.492828
0.109375,93.490974,-348.483002,1,890.411682,412.275299
0.108643,92.696404,-350.302826,1,889.050903,417.692413
0.110352,91.891869,-352.153625,1,895.804626,415.867554
0.112305,91.078056,-354.034424,1,896.526306,429.819855
0.109619,90.287399,-355.8703,1,867.146179,203.458359
0.105713,89.528801,-357.639709,1,862.2005,200.350906
0.10376,88.787262,-359.376984,1,969.784912,-72.728638
0.101562,88.063156,-361.080719,1,969.784912,-72.728638
0.102783,87.335281,-362.800842,1,1186.395874,229.409058
0.132324,86.403221,-365.014374,1,1194.266235,445.861847
0.103516,85.675751,-366.75061,1,941.277771,459.640808
0.103271,84.954735,-368.479126,1,942.272888,485.607025
0.106201,84.214661,-370.261261,1,955.916748,411.65448
0.106445,83.477661,-372.044159,1,1385.305542,-15.475237
0.103027,82.765549,-373.774658,1,1644.158447,238.425293
0.101807,82.067268,-375.478973,1,1541.484131,526.826599
0.105469,81.344063,-377.252014,1,1560.422974,541.371033
0.101074,80.655289,-378.946808,1,1473.244873,497.712433
0.107178,79.924141,-380.748871,1,910.761902,393.879608
0.107178,79.194023,-382.549133,1,904.999573,434.585999
0.10498,78.480217,-384.308197,1,925.763184,471.643951
0.102783,77.77961,-386.033142,1,1007.980469,389.802277
0.102783,77.078575,-387.757965,1,1398.676758,129.761673
0.10376,76.371162,-389.497925,1,1282.185913,148.818893
0.10376,75.662163,-391.241913,1,871.086121,405.956543
0.10083,74.975731,-392.930695,1,870.611389,445.353973
0.102783,74.274521,-394.65506,1,869.645447,456.189178
0.102051,73.577972,-396.366364,1,873.302124,438.416443
0.105225,72.858879,-398.130646,1,1398.863037,137.337936
0.105713,72.135849,-399.90155,1,1385.13916,145.058914
0.103271,71.428902,-401.630219,1,895.728943,205.836029
0.10376,70.716972,-403.369049,1,890.190796,227.113129
0.104736,69.998779,-405.122345,1,848.666321,200.062698
0.104004,69.28492,-406.865051,1,846.545715,222.294098
0.104004,68.572769,-408.604004,1,820.059753,457.102234
0.107178,67.837288,-410.400452,1,817.933899,451.973267
0.104492,67.121895,-412.148193,1,814.855713,454.934113
0.105957,66.397636,-413.917633,1,817.673218,443.390137
0.103027,65.693451,-415.63797,1,606.095154,405.556458
0.107178,64.96254,-417.423248,1,365.350464,416.328003
0.104248,64.255463,-419.150238,1,362.439545,419.236176
0.101074,63.569229,-420.826111,1,351.126099,336.226166
0.102051,62.880482,-422.50827,1,312.887451,25.428736
0.112793,62.12072,-424.363892,1,1062.750244,24.6371
0.107178,61.401379,-426.120941,1,768.001038,-153.856781
0.104004,60.704082,-427.824219,1,662.26178,-70.15802
0.102051,60.022781,-429.488403,1,832.588379,23.974701
0.103516,59.33527,-431.167725,1,856.601746,191.146225
0.103516,58.651566,-432.837708,1,862.417419,325.870392
0.102295,57.979153,-434.480072,1,867.903137,339.184692
0.105225,57.291992,-436.158386,1,845.376526,51.813705
0.102783,56.625462,-437.786377,1,852.906372,20.363617
0.105469,55.945095,-439.448151,1,863.950012,69.219879
0.104248,55.27697,-441.080078,1,857.852051,38.1754
0.103271,54.618,-442.689606,1,848.956848,-164.720261
0.132568,53.776646,-444.744629,1,747.788086,326.012756
0.103516,53.121693,-446.34436,1,763.844055,347.699158
0.106201,52.453392,-447.976746,1,937.917358,323.948822
0.107178,51.781826,-449.617035,1,1182.394287,196.262177
0.106689,51.115707,-451.244049,1,1395.236328,13.426584
0.105957,50.458824,-452.848541,1,1384.114502,55.963211
0.107178,49.797592,-454.463562,1,1381.052368,51.765766
0.106201,49.145782,-456.055634,1,1328.19458,49.336723
0.107666,48.489388,-457.658936,1,819.528931,408.420593
0.106934,47.842442,-459.239075,1,822.192383,447.028015
0.102051,47.227303,-460.741608,1,828.593384,503.703003
0.109863,46.570522,-462.345764,1,824.733215,507.067505
0.10791,45.928715,-463.913422,1,824.668762,491.562286
0.108398,45.287476,-465.479645,1,813.059021,246.365311
0.104492,44.672699,-466.981293,1,817.326172,241.675827
0.102051,44.076534,-468.437439,1,824.059265,228.106796
0.106445,43.457729,-469.948883,1,819.187866,412.417511
0.107422,42.837685,-471.463287,1,823.29541,400.991638
0.108643,42.214958,-472.984375,1,818.896301,398.357697
0.108887,41.594559,-474.499664,1,825.191589,388.2565
0.106934,40.990616,-475.977264,1,826.707092,390.309021
0.105469,40.405647,-477.421417,1,826.584045,377.467804
0.10498,39.834213,-478.851959,1,834.917725,391.030701
0.104248,39.280144,-480.264343,1,1233.92688,41.460854
0.108398,38.721218,-481.718689,1,1245.401245,3.504691
0.107178,38.189106,-483.131989,1,826.774414,118.431114
0.10376,37.695557,-484.467896,1,823.198059,165.621872
0.105225,37.215179,-485.789642,1,835.394653,387.045532
0.102051,36.767128,-487.03952,1,828.407654,403.540222
0.103271,36.332664,-488.266663,1,822.680481,418.48587
0.103027,35.920204,-489.44577,1,827.09137,403.449097
0.101074,35.53495,-490.560364,1,864.96344,185.807556
0.109375,35.140697,-491.715302,1,854.978882,160.547852
0.108887,34.773148,-492.806183,1,870.682495,153.719284
0.105713,34.43541,-493.821136,1,864.568176,155.491943
0.106201,34.112156,-494.803864,1,865.897766,146.979645
0.123779,33.756161,-495.898651,1,867.360779,143.783691
0.109131,33.459805,-496.820099,1,872.242676,133.392029
0.104248,33.192249,-497.659943,1,874.316956,143.14801
0.103271,32.943409,-498.448151,1,877.385864,145.125443
0.10376,32.714096,-499.180878,1,870.16449,147.303589
0.105469,32.503258,-499.860443,1,852.644287,156.510635
0.103271,32.31612,-500.468628,1,861.230103,144.824158
0.10498,32.142223,-501.037872,1,1008.209045,121.201118
0.106201,31.982042,-501.565735,1,1306.295044,88.391937
0.106201,31.832472,-502.061432,1,1330.780151,63.420887
0.109375,31.688377,-502.541504,1,1379.552246,-7.943398
0.10498,31.561037,-502.967896,1,1385.393066,-7.337701
0.10791,31.441799,-503.368958,1,821.118469,123.340462
0.109619,31.333237,-503.735657,1,821.540344,164.521942
0.109863,31.23638,-504.064117,1,851.336853,162.715729
0.106934,31.153347,-504.346527,1,855.344055,167.93782
0.10498,31.082512,-504.587921,1,849.678467,178.929413
0.102783,31.023174,-504.790527,1,852.388,176.584427
0.10376,30.973597,-504.95993,1,855.41449,173.166977
0.100586,30.935478,-505.090454,1,859.481262,162.201035
0.104248,30.906088,-505.191132,1,863.822449,176.003876
0.105957,30.88677,-505.257416,1,862.47876,157.420929
