,0,1,2,3,4,5
0,0.0,-315.390014648438,1173.16003417969,1.0,804.9868327060034,364.5456308831167
1,0.1025390625,-315.392181396484,1173.16345214844,1.0,735.0272990145974,325.7566599358517
2,0.111328125,-315.397491455078,1173.17138671875,1.0,797.8835001864724,354.4496225823357
3,0.1083984375,-315.402191162109,1173.17810058594,1.0,1133.8783121981883,303.05272622003065
4,0.1220703125,-315.404174804688,1173.18054199219,1.0,1141.2424479403785,291.2192453850697
5,0.1123046875,-315.402465820312,1173.17724609375,1.0,1281.6167155185085,233.0986704338987
6,0.111328125,-315.399627685547,1173.17260742188,1.0,1289.1246500888183,195.5101999749137
7,0.1005859375,-315.398101806641,1173.17041015625,1.0,1344.0024577060085,191.25009865655468
8,0.1015625,-315.398376464844,1173.171875,1.0,1345.1960612216285,200.5536570061637
9,0.1005859375,-315.399780273438,1173.17492675781,1.0,1360.3542643466285,186.99658913506968
10,0.1005859375,-315.401062011719,1173.17736816406,1.0,1418.7268229403785,229.65175576104667
11,0.109375,-315.401458740234,1173.17761230469,1.0,1809.9371500888183,-158.12308554754733
12,0.1103515625,-315.401092529297,1173.17626953125,1.0,1837.5379801669383,-12.380054999451424
13,0.1123046875,-315.400543212891,1173.17504882812,1.0,1325.0979166903785,299.5313333977657
14,0.109375,-315.400451660156,1173.17504882812,1.0,1288.5676432528785,366.01425881280466
15,0.107421875,-315.400726318359,1173.17565917969,1.0,1102.0166178622485,521.0757212151486
16,0.1005859375,-315.401062011719,1173.17651367188,1.0,1105.3032389560085,514.2677378167107
17,0.1083984375,-315.401306152344,1173.17700195312,1.0,1101.0642252841285,498.07547707452267
18,0.1005859375,-315.401306152344,1173.17712402344,1.0,1110.9503336825683,477.08643288506966
19,0.1103515625,-315.401275634766,1173.17700195312,1.0,1331.7425700106883,318.70264382256966
20,0.1015625,-315.401214599609,1173.17687988281,1.0,1330.3199625888183,317.0531687249137
21,0.11328125,-315.401397705078,1173.17687988281,1.0,1424.3702555575683,309.7616343010857
22,0.1123046875,-315.401611328125,1173.17687988281,1.0,1419.6611491122485,307.5043405999137
23,0.1005859375,-315.401763916016,1173.17687988281,1.0,1417.3011637606883,302.7122721184687
24,0.1103515625,-315.401916503906,1173.17687988281,1.0,1412.5910807528785,301.9115519036247
25,0.1123046875,-315.402038574219,1173.17687988281,1.0,1415.9737711825683,303.65805764092966
26,0.11328125,-315.402038574219,1173.17687988281,1.0,1378.2273112216285,309.5061716546017
27,0.1123046875,-315.402038574219,1173.17700195312,1.0,1363.2299967685085,310.3938669671017
28,0.111328125,-315.402221679688,1173.17687988281,1.0,1407.1093912997485,308.0299753655387
29,0.111328125,-315.402374267578,1173.17687988281,1.0,1402.0335856356883,307.54038185967966
30,0.1005859375,-315.402526855469,1173.17687988281,1.0,1399.4443522372485,310.5651010979607
31,0.1123046875,-315.402709960938,1173.17687988281,1.0,1414.2317057528785,296.68477578057764
32,0.111328125,-315.402893066406,1173.17700195312,1.0,1408.9591227450683,294.1887735833127
33,0.11328125,-315.403045654297,1173.17687988281,1.0,1410.2666178622485,294.0243601311637
34,0.11328125,-315.403289794922,1173.17749023438,1.0,1407.5791178622485,292.09468788995264
35,0.11328125,-315.404022216797,1173.17895507812,1.0,1410.8219157138183,293.55416054620264
36,0.1005859375,-315.405181884766,1173.18151855469,1.0,1412.3195963778785,294.6144175042107
37,0.1103515625,-315.407348632812,1173.18591308594,1.0,1413.2826090731883,291.3634409417107
38,0.1005859375,-315.410369873047,1173.19213867188,1.0,1310.7270670810085,197.20880837335167
39,0.109375,-315.414916992188,1173.20129394531,1.0,1313.8138590731883,194.91239113702267
40,0.109375,-315.420959472656,1173.2138671875,1.0,1312.1124430575683,194.99462075128068
41,0.111328125,-315.428558349609,1173.22924804688,1.0,1311.7690592685085,112.19902367486497
42,0.1005859375,-315.436676025391,1173.24584960938,1.0,1311.7690592685085,112.19902367486497
43,0.11328125,-315.447174072266,1173.26721191406,1.0,1282.5193034091285,201.59470314874167
44,0.111328125,-315.459014892578,1173.29138183594,1.0,916.5017863192844,248.9592508782337
45,0.109375,-315.471923828125,1173.31762695312,1.0,892.8193522372534,255.20766396417167
46,0.111328125,-315.486480712891,1173.34741210938,1.0,916.6246500888163,258.8470987786247
47,0.1083984375,-315.502044677734,1173.37890625,1.0,1057.4062662997485,371.6420664299917
48,0.1083984375,-315.518951416016,1173.41333007812,1.0,1060.8816691317884,388.12793679131966
49,0.1083984375,-315.537078857422,1173.45007324219,1.0,1063.7902995028785,397.5233530510857
50,0.1103515625,-315.556884765625,1173.49047851562,1.0,1063.5677042880384,398.48340554131966
51,0.1123046875,-315.578308105469,1173.53356933594,1.0,1312.1519938388183,164.79072518243368
52,0.1083984375,-315.6005859375,1173.57885742188,1.0,1309.1314860263183,170.00285286798066
53,0.11328125,-315.625,1173.62829589844,1.0,1170.0936442294383,226.59748024835167
54,0.1025390625,-315.648345947266,1173.67565917969,1.0,964.0215006747534,316.0155710686637
55,0.1123046875,-315.675323486328,1173.73022460938,1.0,915.0278483310034,298.25685830010866
56,0.1123046875,-315.703491210938,1173.787109375,1.0,917.5349894442844,307.58594460381966
57,0.1005859375,-315.729888916016,1173.84057617188,1.0,915.6846476474094,304.5719217766717
58,0.109375,-315.759979248047,1173.90112304688,1.0,914.2133952060034,303.00221962823366
59,0.111328125,-315.791687011719,1173.96533203125,1.0,408.20665082123736,339.71176857842966
60,0.1044921875,-315.822540283203,1174.02770996094,1.0,415.5782633700664,337.2035593499137
61,0.1123046875,-315.857391357422,1174.09777832031,1.0,418.97374066498736,324.0942148674917
62,0.1123046875,-315.893585205078,1174.17102050781,1.0,724.7520914950663,349.90357155694466
63,0.1005859375,-315.927551269531,1174.2392578125,1.0,1144.2916422763183,327.4820017327267
64,0.1005859375,-315.963043212891,1174.31079101562,1.0,1144.8552409091285,326.76596779717966
65,0.109375,-316.004150390625,1174.3935546875,1.0,1144.9684000888183,329.4716257561637
66,0.1123046875,-316.049346923828,1174.484375,1.0,1025.1628580966285,421.7606577385857
67,0.1005859375,-316.092803955078,1174.57177734375,1.0,1011.2929240145974,412.6590036858517
68,0.1142578125,-316.146697998047,1174.68029785156,1.0,917.0133829989724,332.74219460381966
69,0.1044921875,-316.201538085938,1174.79077148438,1.0,918.2874918856904,332.30359597100767
70,0.11328125,-316.269134521484,1174.92749023438,1.0,912.6972208895974,313.15512795342966
71,0.111328125,-316.345489501953,1175.08190917969,1.0,913.7851725497534,313.9896921624137
72,0.1083984375,-316.431182861328,1175.255859375,1.0,914.4684000888163,314.54920143975767
73,0.1015625,-316.521667480469,1175.43969726562,1.0,915.9452067294404,309.63208718194466
74,0.1005859375,-316.620391845703,1175.64001464844,1.0,913.0728922763163,311.2702402581167
75,0.111328125,-316.743255615234,1175.88916015625,1.0,914.7129679599094,311.2761911858517
76,0.11328125,-316.880401611328,1176.16711425781,1.0,1071.9680338778785,430.21680397881966
77,0.1044921875,-317.018951416016,1176.44799804688,1.0,1080.7098551669383,440.32138771905466
78,0.1005859375,-317.162658691406,1176.73950195312,1.0,1081.1955729403785,436.28198952569466
79,0.11328125,-317.337280273438,1177.09436035156,1.0,1091.3558512606883,435.0796579827267
80,0.1044921875,-317.510894775391,1177.44860839844,1.0,933.8620158114724,405.8107676018667
81,0.1123046875,-317.707641601562,1177.85107421875,1.0,940.5364542880344,407.6805796135857
82,0.1142578125,-317.919464111328,1178.28637695312,1.0,936.8838053622534,402.4024118889767
83,0.115234375,-318.142517089844,1178.74780273438,1.0,938.3844157138163,403.6564707268667
84,0.1123046875,-318.370941162109,1179.22448730469,1.0,935.4225016513163,401.3852915276487
85,0.1103515625,-318.607818603516,1179.72326660156,1.0,1139.2712565341285,444.1472849358517
86,0.11328125,-318.861938476562,1180.26257324219,1.0,1141.0206461825683,441.0087046135857
87,0.1103515625,-319.116119384766,1180.806640625,1.0,1141.2528239169383,435.9062876213987
88,0.11328125,-319.384979248047,1181.38793945312,1.0,1063.0012370028785,363.0516733635857
89,0.111328125,-319.655181884766,1181.97839355469,1.0,1068.5508585849084,365.60117287530466
90,0.1162109375,-319.939056396484,1182.60693359375,1.0,1066.8144083895984,364.45850319756966
91,0.103515625,-320.195434570312,1183.18298339844,1.0,1069.2448893466285,367.91699929131966
92,0.115234375,-320.485321044922,1183.84448242188,1.0,1065.2781535067884,355.6644663323357
93,0.1064453125,-320.755340576172,1184.470703125,1.0,1063.6159830966285,369.04529518975767
94,0.109375,-321.033294677734,1185.12768554688,1.0,1077.2238932528785,423.95545143975767
95,0.1123046875,-321.321655273438,1185.82202148438,1.0,997.7827311435034,432.6568064202267
96,0.1083984375,-321.600158691406,1186.50671386719,1.0,998.5918131747534,426.80738015069466
97,0.1103515625,-321.881530761719,1187.21520996094,1.0,993.9024210849094,423.7472910393667
98,0.1083984375,-322.154663085938,1187.92150878906,1.0,988.0060587802224,416.0278086174917
99,0.109375,-322.431427001953,1188.65844726562,1.0,1025.1603556552222,432.24863381280466
100,0.1171875,-322.718841552734,1189.44958496094,1.0,1100.3508463778785,470.5571970452267
101,0.1123046875,-322.993560791016,1190.22998046875,1.0,1130.6323405185085,452.27722878350767
102,0.1064453125,-323.248352050781,1190.97473144531,1.0,1180.8230143466285,431.0386118401487
103,0.111328125,-323.514343261719,1191.77478027344,1.0,1186.8047037997485,432.97681374444466
104,0.1083984375,-323.767303466797,1192.55859375,1.0,1189.8490153231883,427.14478249444466
105,0.1103515625,-324.021118164062,1193.37182617188,1.0,1193.8175211825683,429.0761484612417
106,0.1025390625,-324.251708984375,1194.14074707031,1.0,1198.3137370028785,426.5860056389767
107,0.103515625,-324.476440429688,1194.92395019531,1.0,1204.0194254794383,423.68884987725767
108,0.1142578125,-324.714263916016,1195.79931640625,1.0,1212.2208414950683,430.5802988518667
109,0.107421875,-324.929260253906,1196.640625,1.0,1215.9773112216285,429.0354685296017
110,0.1083984375,-325.135772705078,1197.501953125,1.0,1215.7746745028785,435.96411843194466
111,0.107421875,-325.327209472656,1198.36047363281,1.0,1071.2024699130384,415.52231545342966
112,0.107421875,-325.508117675781,1199.23718261719,1.0,1081.4351969638183,410.4398569573357
113,0.11328125,-325.681854248047,1200.16662597656,1.0,1081.1049967685085,407.7117380608517
114,0.1064453125,-325.828582763672,1201.05627441406,1.0,1078.9178629794383,399.5166697014767
115,0.1083984375,-325.956909179688,1201.96691894531,1.0,1070.9637614169383,396.24036354913267
116,0.107421875,-326.062683105469,1202.8828125,1.0,1082.2240153231883,397.60864968194466
117,0.1083984375,-326.147125244141,1203.80810546875,1.0,1276.0870524325683,446.0800241936637
118,0.107421875,-326.211700439453,1204.74011230469,1.0,1267.0402995028785,438.7090219963987
119,0.109375,-326.258911132812,1205.69494628906,1.0,1267.7216959872485,443.40439553155466
120,0.1064453125,-326.286987304688,1206.62377929688,1.0,1233.1712809481883,439.95194191827267
121,0.1083984375,-326.296936035156,1207.57946777344,1.0,1196.0565348544383,432.4771189202267
122,0.109375,-326.286224365234,1208.55017089844,1.0,1195.6523600497485,431.7682260979607
123,0.1044921875,-326.254730224609,1209.48046875,1.0,1108.3517008700683,409.63584084405466
124,0.10546875,-326.200775146484,1210.42980957031,1.0,1097.3214274325683,403.1399607171017
125,0.107421875,-326.123687744141,1211.38806152344,1.0,1094.4600993075683,405.4270700921017
126,0.107421875,-326.022644042969,1212.35754394531,1.0,1056.4497843661584,409.34751076592966
127,0.1064453125,-325.900604248047,1213.31787109375,1.0,1016.7073527255344,409.34180397881966
128,0.10546875,-325.758422851562,1214.27429199219,1.0,1018.0866251864724,407.9444956292107
129,0.111328125,-325.586242675781,1215.28942871094,1.0,1008.4142008700663,401.66971535577267
130,0.1044921875,-325.407104492188,1216.23803710938,1.0,1171.1156168856883,427.8730234612417
131,0.1064453125,-325.206726074219,1217.20568847656,1.0,1163.0022135653785,420.6521677483517
132,0.107421875,-324.985809326172,1218.18420410156,1.0,1152.3734293856883,414.4155039299917
133,0.1044921875,-324.750610351562,1219.1435546875,1.0,1154.0979166903785,411.7178415764767
134,0.11328125,-324.477416992188,1220.16784667969,1.0,1156.9780436435085,412.7898630608517
135,0.1064453125,-324.195465087891,1221.13757324219,1.0,1033.0587321200665,397.51734108819466
136,0.1083984375,-323.885284423828,1222.12023925781,1.0,1034.0113078036593,387.64902443780466
137,0.1103515625,-323.545867919922,1223.11145019531,1.0,1032.4680338778785,396.52686257256966
138,0.1103515625,-323.181884765625,1224.09912109375,1.0,1033.9124918856905,390.8639597405387
139,0.1044921875,-322.812683105469,1225.04113769531,1.0,1191.4225016513183,430.02475685967966
140,0.1064453125,-322.408905029297,1226.02380371094,1.0,1182.5343180575683,419.2611460198357
141,0.1044921875,-321.982482910156,1227.02709960938,1.0,1187.7364664950683,414.1948923577267
142,0.103515625,-321.533447265625,1228.06164550781,1.0,1140.3491373935085,107.28998894586107
143,0.1044921875,-321.06005859375,1229.13623046875,1.0,1140.3491373935085,107.28998894586107
144,0.1044921875,-320.568664550781,1230.23315429688,1.0,1140.3491373935085,107.28998894586107
145,0.103515625,-320.078857421875,1231.30004882812,1.0,1140.3491373935085,107.28998894586107
146,0.10546875,-319.561279296875,1232.38537597656,1.0,1140.3491373935085,107.28998894586107
147,0.1103515625,-318.993743896484,1233.51342773438,0.0,50.22242840912838,49.52652687921068
148,0.103515625,-318.430236816406,1234.56433105469,0.0,50.22242840912838,49.52652687921068
149,0.1025390625,-317.841918945312,1235.59240722656,0.0,50.22242840912838,49.52652687921068
150,0.1015625,-317.227081298828,1236.60205078125,1.0,1018.7853556552224,421.3303904046017
151,0.1015625,-316.581665039062,1237.60510253906,1.0,1024.9029704013165,427.1060251702267
152,0.10546875,-315.892150878906,1238.626953125,1.0,1185.4538737216285,463.7106089104607
153,0.107421875,-315.167877197266,1239.66040039062,1.0,1172.0156412997485,461.97376198663267
154,0.1015625,-314.463500976562,1240.63452148438,1.0,1150.1958170810085,467.71167702569466
155,0.1015625,-313.746704101562,1241.59851074219,1.0,1113.7122965731883,465.30432839288267
156,0.103515625,-313.009094238281,1242.56872558594,1.0,1123.8412028231883,466.7018503655387
157,0.103515625,-312.248931884766,1243.54736328125,1.0,1118.1982584872485,469.74573464288267
158,0.1025390625,-311.492431640625,1244.49792480469,1.0,1088.3227702060085,463.11255593194466
159,0.115234375,-310.616119384766,1245.56628417969,1.0,1054.3294840731883,460.8477243889767
160,0.1015625,-309.832427978516,1246.48950195312,1.0,1044.0200358310035,458.8267282952267
161,0.1005859375,-309.033538818359,1247.39978027344,1.0,1068.4206705966285,473.79862160577267
162,0.103515625,-308.198181152344,1248.32104492188,1.0,1160.2937174716285,504.24521584405466
163,0.1015625,-307.355072021484,1249.22448730469,1.0,1156.4727946200683,503.9943003167107
164,0.10546875,-306.479949951172,1250.14050292969,1.0,1149.8480387606883,500.8068613518667
165,0.11328125,-305.515319824219,1251.13195800781,1.0,1110.6980143466285,465.1703562249137
166,0.1015625,-304.646850585938,1252.01135253906,1.0,1106.8709879794383,461.2963327874137
167,0.10546875,-303.734832763672,1252.92260742188,1.0,1109.0517741122485,459.2481150139767
168,0.1044921875,-302.833404541016,1253.81079101562,1.0,1112.0488444247485,457.39072365655466
169,0.1064453125,-301.890441894531,1254.72534179688,1.0,1009.1672526278784,454.4630808342887
170,0.10546875,-300.959869384766,1255.61291503906,1.0,1011.0032511630344,450.0622324456167
171,0.10546875,-300.012512207031,1256.49938964844,1.0,1006.1203776278784,455.04087014092966
172,0.109375,-299.020965576172,1257.40856933594,1.0,1004.4340983310034,449.48462624444466
173,0.10546875,-298.057739257812,1258.27209472656,1.0,1136.8534098544383,490.42685646905466
174,0.10546875,-297.076324462891,1259.13244628906,1.0,1135.2793131747485,494.49011940850767
175,0.103515625,-296.104797363281,1259.96484375,1.0,1168.7961588778785,503.25574440850767
176,0.10546875,-295.110321044922,1260.79821777344,1.0,1181.1605387606883,501.6732859124137
177,0.1044921875,-294.110321044922,1261.61779785156,1.0,1173.1526041903785,512.0484079827268
178,0.1025390625,-293.122650146484,1262.41040039062,1.0,1167.8877116122485,514.0398630608518
179,0.1044921875,-292.100128173828,1263.21423339844,1.0,1163.6454020419383,513.0064768303827
180,0.1064453125,-291.064025878906,1264.01196289062,1.0,1126.5306559481883,383.87235207452267
181,0.103515625,-290.036010742188,1264.78662109375,1.0,1112.8990641513183,484.60330910577267
182,0.10546875,-288.985870361328,1265.56164550781,1.0,1108.4442301669383,486.5742563713987
183,0.103515625,-287.947265625,1266.31164550781,1.0,1098.5616618075683,483.48206276788267
184,0.1025390625,-286.91162109375,1267.04357910156,1.0,1068.8340617099084,481.84326882256966
185,0.1005859375,-285.892150878906,1267.74780273438,1.0,1061.2036295810085,480.2936167229607
186,0.1015625,-284.852630615234,1268.44995117188,1.0,1059.5816813388183,476.8262094963987
187,0.1025390625,-283.801849365234,1269.1435546875,1.0,1057.6365519442884,483.2143015374137
188,0.1015625,-282.748077392578,1269.82287597656,1.0,1119.0051432528785,486.3110727776487
189,0.1015625,-281.694580078125,1270.48681640625,1.0,1115.6892252841285,480.4881052483517
190,0.1015625,-280.639801025391,1271.13830566406,1.0,1110.9464274325683,474.0162729729607
191,0.1015625,-279.578918457031,1271.78112792969,1.0,1042.6622477450665,454.4804148186637
192,0.103515625,-278.501281738281,1272.42321777344,1.0,1030.9195109286593,459.2070688713987
193,0.103515625,-277.425811767578,1273.05444335938,1.0,1018.6071329989724,457.3588022698357
194,0.1025390625,-276.358520507812,1273.67163085938,1.0,979.0219279208474,330.7965464104607
195,0.107421875,-275.240783691406,1274.30798339844,1.0,970.2185221591284,327.29566140069466
196,0.109375,-274.119567871094,1274.93505859375,1.0,975.3725138583474,325.1931833733517
197,0.1015625,-273.075531005859,1275.5107421875,1.0,1021.7046671786594,451.87329811944466
198,0.1025390625,-272.033264160156,1276.07849121094,1.0,1017.4019938388163,456.84986061944466
199,0.1005859375,-271.011962890625,1276.62939453125,1.0,1008.2118693270974,459.01035256280466
200,0.1025390625,-269.979827880859,1277.18151855469,1.0,1008.0769816317844,459.0251230706167
201,0.1025390625,-268.96484375,1277.72058105469,1.0,1010.8630534091284,456.9384226311637
202,0.1015625,-267.952087402344,1278.25476074219,1.0,1014.9197550692844,459.68485207452267
203,0.1044921875,-266.930389404297,1278.78894042969,1.0,1008.4088297763163,449.19812722100767
204,0.1025390625,-265.935577392578,1279.30090332031,1.0,1009.7772379794404,439.4730600823357
205,0.1005859375,-264.977661132812,1279.7802734375,1.0,1010.9875040927224,438.7466196526487
206,0.107421875,-263.999664306641,1280.25,1.0,1007.1897746005344,440.78476662530466
207,0.1044921875,-263.100280761719,1280.66040039062,1.0,1000.5677653231904,437.05835671319466
208,0.1025390625,-262.277984619141,1281.01770019531,1.0,1044.9217081942843,459.81250710381966
209,0.1015625,-261.529022216797,1281.32873535156,1.0,1092.6927653231883,479.3688425530387
210,0.1015625,-260.861480712891,1281.59802246094,1.0,1091.4301920810085,480.6767343987417
211,0.103515625,-260.260101318359,1281.83605957031,1.0,942.5692912020974,370.87314553155466
212,0.1015625,-259.746063232422,1282.03723144531,1.0,927.7705241122534,364.26035256280466
213,0.1015625,-259.313415527344,1282.20593261719,1.0,928.1125040927224,358.3745798577267
214,0.1025390625,-258.960021972656,1282.34399414062,1.0,934.4083414950663,356.08289284600767
215,0.1025390625,-258.684844970703,1282.45031738281,1.0,948.9199381747534,353.51102394952267
216,0.1015625,-258.493225097656,1282.52392578125,1.0,943.1341715731904,344.6303171624137
217,0.1142578125,-258.369232177734,1282.57153320312,1.0,934.1344767489724,337.1955332268667
218,0.1005859375,-258.336822509766,1282.58288574219,1.0,933.7032023349094,336.2460093010857
219,0.1025390625,-258.340148925781,1282.58117675781,1.0,898.7011271395974,441.3455271233517
220,0.1025390625,-258.349609375,1282.57824707031,1.0,899.3115397372534,443.4153513421017
221,0.1025390625,-258.355773925781,1282.5771484375,1.0,1010.4280558505344,453.9955515374137
222,0.1005859375,-258.356384277344,1282.57800292969,1.0,1110.3265543856883,457.0482553948357
223,0.1005859375,-258.353851318359,1282.57971191406,1.0,1104.3650065341285,460.37207741631966
224,0.1005859375,-258.350067138672,1282.58166503906,1.0,1204.8315592685085,-91.22310690985131
225,0.1015625,-258.345672607422,1282.5830078125,1.0,1105.6786051669383,344.49317116631966
226,0.1142578125,-258.339630126953,1282.58483886719,1.0,1095.9126139560085,353.1864695061637
227,0.1142578125,-258.331634521484,1282.58776855469,1.0,1139.3949137606883,468.94852394952267
228,0.1142578125,-258.321472167969,1282.59204101562,1.0,1153.3777018466285,475.9650339592887
229,0.115234375,-258.309020996094,1282.59753417969,1.0,1155.6118327060085,470.93515725030466
230,0.1015625,-258.296630859375,1282.60290527344,1.0,1155.9171305575683,466.58408303155466
231,0.1005859375,-258.283203125,1282.60900878906,1.0,1150.3291178622485,206.36704201592968
232,0.1005859375,-258.268280029297,1282.61535644531,1.0,1150.3291178622485,206.36704201592968
233,0.1025390625,-258.251708984375,1282.62231445312,1.0,1150.3291178622485,206.36704201592968
234,0.1015625,-258.233825683594,1282.62963867188,1.0,1150.3291178622485,206.36704201592968
235,0.1005859375,-258.214660644531,1282.6376953125,1.0,1150.3291178622485,206.36704201592968
236,0.11328125,-258.191619873047,1282.64733886719,0.0,50.22242840912838,49.52652687921068
237,0.1142578125,-258.166625976562,1282.65808105469,0.0,50.22242840912838,49.52652687921068
238,0.1005859375,-258.143371582031,1282.66784667969,0.0,50.22242840912838,49.52652687921068
239,0.115234375,-258.115173339844,1282.67980957031,0.0,50.22242840912838,49.52652687921068
240,0.1005859375,-258.089294433594,1282.69067382812,0.0,50.22242840912838,49.52652687921068
241,0.1142578125,-258.058197021484,1282.70397949219,0.0,50.22242840912838,49.52652687921068
242,0.103515625,-258.028717041016,1282.71630859375,0.0,50.22242840912838,49.52652687921068
243,0.1064453125,-257.995758056641,1282.73034667969,0.0,50.22242840912838,49.52652687921068
244,0.1044921875,-257.956390380859,1282.74719238281,1.0,884.6818400302224,296.7184519280387
245,0.1025390625,-257.899749755859,1282.77136230469,1.0,884.5429240145974,342.20069069756966
246,0.1005859375,-257.808776855469,1282.80969238281,1.0,951.9535685458474,452.09241433038267
247,0.1015625,-257.679870605469,1282.86437988281,1.0,958.3688517489724,441.3258738030387
248,0.1015625,-257.510498046875,1282.93579101562,1.0,964.1826334872534,435.0830454338987
249,0.1015625,-257.303009033203,1283.02270507812,1.0,1019.9998331942844,428.0879282463987
250,0.107421875,-257.042114257812,1283.13232421875,1.0,1026.9157267489722,429.03296608819466
251,0.1015625,-256.754699707031,1283.25341796875,1.0,1034.4339762606905,431.29590554131966
252,0.107421875,-256.407836914062,1283.40075683594,1.0,1039.0829020419405,444.00537819756966
253,0.1123046875,-256.004211425781,1283.57312011719,1.0,680.7784586825663,362.8827585686637
254,0.109375,-255.561401367188,1283.76550292969,1.0,685.2550822177224,359.70029396905466
255,0.1123046875,-255.068069458008,1283.98486328125,1.0,675.8656779208474,353.8613962639767
256,0.111328125,-254.540542602539,1284.23120117188,1.0,505.6484232821754,376.1621469963987
257,0.1103515625,-253.994415283203,1284.49768066406,1.0,500.4941264071754,379.51673073663267
258,0.11328125,-253.393051147461,1284.78466796875,1.0,486.6784830966284,384.9861521233517
259,0.11328125,-252.7568359375,1285.07348632812,1.0,473.81514081147236,390.56616921319466
260,0.1044921875,-252.171524047852,1285.33508300781,1.0,455.15059003022236,391.4485544671017
261,0.1083984375,-251.571807861328,1285.61206054688,1.0,440.32823285248736,391.9437937249137
262,0.107421875,-250.966171264648,1285.89270019531,1.0,999.0072794833474,428.1273569573357
263,0.109375,-250.318298339844,1286.18786621094,1.0,1025.7508097567843,425.97205300225767
264,0.1083984375,-249.663238525391,1286.48388671875,1.0,1031.2798014560035,427.09921975030466
265,0.1103515625,-248.970626831055,1286.79663085938,1.0,1038.7362223544405,415.5820993889767
266,0.1005859375,-248.320220947266,1287.08923339844,1.0,1033.7793131747535,419.90784401788267
267,0.1064453125,-247.593444824219,1287.41552734375,1.0,1056.6018839755384,432.14292092217966
268,0.103515625,-246.864013671875,1287.744140625,1.0,1061.9936076083484,430.6881479729607
269,0.1005859375,-246.128158569336,1288.07641601562,1.0,1060.1290446200683,430.9391550530387
270,0.1025390625,-245.342880249023,1288.4287109375,1.0,1064.0608073153785,436.58606667413267
271,0.103515625,-244.52783203125,1288.78833007812,1.0,1070.5603800692884,437.44824929131966
272,0.1025390625,-243.689437866211,1289.14794921875,1.0,1065.1046305575683,445.63452858819466
273,0.103515625,-242.811416625977,1289.50927734375,1.0,1154.5156412997485,444.37940163506966
274,0.103515625,-241.908294677734,1289.86181640625,1.0,1322.3575602450683,468.5517343987417
275,0.1044921875,-240.95751953125,1290.21118164062,1.0,1328.8296061435085,473.3939890374137
276,0.1044921875,-239.966583251953,1290.55310058594,1.0,1181.4315348544383,440.72324318780466
277,0.109375,-238.88850402832,1290.90173339844,1.0,1187.7783366122485,428.18274636163267
278,0.1044921875,-237.796600341797,1291.23205566406,1.0,1182.1755534091285,427.46314186944466
279,0.1044921875,-236.656372070312,1291.55358886719,1.0,1191.5742350497485,424.6229929436637
280,0.10546875,-235.448165893555,1291.86706542969,1.0,1186.3504801669383,425.19531960381966
281,0.1044921875,-234.216796875,1292.15197753906,1.0,1193.3984537997485,422.89682717217966
282,0.103515625,-232.953720092773,1292.40405273438,1.0,1184.8999186435085,416.8685984124137
283,0.1025390625,-231.666915893555,1292.61401367188,1.0,1246.8335123935085,448.3249277581167
284,0.1064453125,-230.318145751953,1292.78076171875,1.0,1295.0957194247485,471.42969460381966
285,0.1044921875,-228.957107543945,1292.89270019531,1.0,1271.5241862216285,456.8681406487417
286,0.103515625,-227.574340820312,1292.95129394531,1.0,1262.2472086825683,444.8151621331167
287,0.103515625,-226.172348022461,1292.95849609375,1.0,1231.7723551669383,447.38242287530466
288,0.107421875,-224.70295715332,1292.91735839844,1.0,1198.1534586825683,440.1841501702267
289,0.1044921875,-223.243957519531,1292.83666992188,1.0,1274.4460612216285,474.3927988518667
290,0.107421875,-221.730316162109,1292.71948242188,1.0,1259.2778483310085,484.3397898186637
291,0.109375,-220.172836303711,1292.56970214844,1.0,1247.6842204013183,481.1787485588987
292,0.103515625,-218.681488037109,1292.40100097656,1.0,1237.9516764560085,482.3434519280387
293,0.1025390625,-217.184448242188,1292.20715332031,1.0,1223.0003825106883,468.65244240655466
294,0.103515625,-215.652725219727,1291.98291015625,1.0,1203.3259440341285,470.0199961174917
295,0.10546875,-214.099578857422,1291.72644042969,1.0,1192.4012614169383,454.03723854913267
296,0.1044921875,-212.52912902832,1291.435546875,1.0,1147.3443766513183,431.28101296319466
297,0.1064453125,-210.939971923828,1291.10620117188,1.0,1140.3070231356883,431.02210183038267
298,0.1025390625,-209.389236450195,1290.74609375,1.0,1151.0048991122485,437.43973488702267
299,0.10546875,-207.79753112793,1290.33190917969,1.0,1144.4323893466285,431.9037851799917
300,0.1083984375,-206.17887878418,1289.85925292969,1.0,1159.3484049716285,442.4211191643667
301,0.11328125,-204.519500732422,1289.32006835938,1.0,1157.7688151278785,460.67505593194466
302,0.115234375,-202.85905456543,1288.72729492188,1.0,1175.2173014560085,468.51981301202267
303,0.115234375,-201.236221313477,1288.09265136719,1.0,1132.5193034091285,458.96912331475767
304,0.1015625,-199.832946777344,1287.49340820312,1.0,1128.1729899325683,461.9188608635857
305,0.1015625,-198.459533691406,1286.85571289062,1.0,1104.6384440341285,464.72278542413267
306,0.1064453125,-197.069900512695,1286.15197753906,1.0,958.9353190341284,292.05025429620264
307,0.1142578125,-195.609161376953,1285.34240722656,1.0,1011.5135050692844,315.20322365655466
308,0.1162109375,-194.166854858398,1284.470703125,1.0,1037.8601237216285,330.9389109124137
309,0.115234375,-192.787658691406,1283.58483886719,1.0,1040.0799723544405,317.55527443780466
310,0.11328125,-191.441299438477,1282.69836425781,1.0,931.2490397372534,330.65967507256966
311,0.1162109375,-190.083724975586,1281.8154296875,1.0,917.8871622958474,289.23949379815565
312,0.1015625,-188.885391235352,1281.06701660156,1.0,936.1923991122534,328.51245827569466
313,0.115234375,-187.517654418945,1280.26538085938,1.0,1009.6824503817844,465.4817575921017
314,0.1005859375,-186.311416625977,1279.60998535156,1.0,1018.9904337802224,464.5989450921017
315,0.1171875,-184.90446472168,1278.8955078125,1.0,1045.2580729403785,472.34946389092966
316,0.1162109375,-183.508087158203,1278.21752929688,1.0,1044.2909708895972,470.6295542229607
317,0.1005859375,-182.297180175781,1277.64147949219,1.0,1056.3014689364684,473.4108347405387
318,0.1005859375,-181.112060546875,1277.0771484375,1.0,1230.3150797763183,303.15311379327267
319,0.1162109375,-179.747802734375,1276.4130859375,1.0,1329.0006266513183,229.99146218194468
320,0.1162109375,-178.40803527832,1275.73791503906,1.0,1129.5921793856883,424.6406931389767
321,0.1171875,-177.085327148438,1275.0478515625,1.0,1052.1195841708484,465.46543068780466
322,0.1162109375,-175.794937133789,1274.35205078125,1.0,1140.1312418856883,388.3539194573357
323,0.10546875,-174.641052246094,1273.71069335938,1.0,1055.7070475497485,461.5936960686637
324,0.1025390625,-173.538635253906,1273.07543945312,1.0,1056.6635294833484,469.3684763421017
325,0.1005859375,-172.48258972168,1272.44067382812,1.0,1053.0298014560085,467.3281931389767
326,0.1025390625,-171.423950195312,1271.77307128906,1.0,1053.1315470614684,446.6964792717887
327,0.1025390625,-170.390808105469,1271.08752441406,1.0,1100.5053873935085,400.45069069756966
328,0.10546875,-169.356369018555,1270.36694335938,1.0,1089.4214030185085,399.07520241631966
329,0.103515625,-168.366683959961,1269.64660644531,1.0,1078.2303629794383,392.0588144768667
330,0.109375,-167.339599609375,1268.86791992188,1.0,1009.8997355380344,409.07776589288267
331,0.1064453125,-166.363967895508,1268.10241699219,1.0,986.3642130770974,412.90702004327267
332,0.10546875,-165.416961669922,1267.33935546875,1.0,977.6057291903784,412.5875925530387
333,0.1103515625,-164.444564819336,1266.53820800781,1.0,964.4605875888163,412.38407082452267
334,0.1015625,-163.557525634766,1265.796875,1.0,959.1874552645974,408.6867441643667
335,0.1103515625,-162.611434936523,1265.0048828125,1.0,958.0050822177224,404.30448098077267
336,0.10546875,-161.704971313477,1264.25317382812,1.0,942.6112833895974,402.0333933342887
337,0.109375,-160.765151977539,1263.48510742188,1.0,938.4490519442844,407.1548532952267
338,0.1044921875,-159.876419067383,1262.77172851562,1.0,940.0326701083474,401.1200327385857
339,0.1044921875,-158.987747192383,1262.07104492188,1.0,942.7344523349094,429.8349375237417
340,0.1083984375,-158.066177368164,1261.35974121094,1.0,940.2418375888163,434.7999643792107
341,0.10546875,-157.170272827148,1260.68420410156,1.0,939.0788126864724,431.01352639092966
342,0.10546875,-156.270309448242,1260.02514648438,1.0,942.0482340731904,428.06922097100767
343,0.1142578125,-155.295364379883,1259.3369140625,1.0,941.6296549716284,422.72327370538267
344,0.1083984375,-154.366348266602,1258.70971679688,1.0,943.9643107333474,425.77454323663267
345,0.10546875,-153.456924438477,1258.12231445312,1.0,845.0468302645974,461.94385476006966
346,0.1025390625,-152.572463989258,1257.57421875,1.0,852.1148234286594,464.1498484124137
347,0.1142578125,-151.588485717773,1256.9873046875,1.0,875.6475382724094,462.4666208733517
348,0.1044921875,-150.682418823242,1256.46435546875,1.0,869.5587931552224,460.6739878167107
349,0.111328125,-149.727600097656,1255.92761230469,1.0,882.1178141513163,465.95691628350767
350,0.1083984375,-148.796325683594,1255.41809082031,1.0,883.7809611239724,465.3989634026487
351,0.109375,-147.858642578125,1254.91931152344,1.0,883.2389689364724,465.87110085381966
352,0.103515625,-146.973861694336,1254.46337890625,1.0,894.3070841708474,467.6976999749137
353,0.111328125,-146.021453857422,1253.98937988281,1.0,893.6007853427224,463.0348276604607
354,0.1005859375,-145.163391113281,1253.57800292969,1.0,894.2313395419404,466.6260141838987
355,0.103515625,-144.288223266602,1253.17321777344,1.0,901.1961832919404,469.6222605217887
356,0.1025390625,-143.417999267578,1252.78430175781,1.0,903.1143351474094,462.8071970452267
357,0.107421875,-142.517074584961,1252.39501953125,1.0,905.6035929599094,462.08447976006966
358,0.1015625,-141.660049438477,1252.0361328125,1.0,910.3376017489724,461.7223581780387
359,0.1025390625,-140.802703857422,1251.68725585938,1.0,920.1205607333474,464.42075295342966
360,0.1162109375,-139.839233398438,1251.30700683594,1.0,923.4508829989724,465.35483498467966
361,0.1005859375,-139.018890380859,1250.99255371094,1.0,932.7695475497534,464.4848398674917
362,0.1015625,-138.198837280273,1250.68676757812,1.0,932.8869791903784,465.9482187737417
363,0.115234375,-137.276092529297,1250.35229492188,1.0,924.0109415927224,413.6586679924917
364,0.115234375,-136.399612426758,1250.04370117188,1.0,940.2036295810034,408.75171608819466
365,0.1005859375,-135.687133789062,1249.79968261719,1.0,932.1616984286594,385.8198008049917
366,0.1171875,-134.925003051758,1249.54431152344,1.0,924.1706705966284,333.97592873467966
367,0.1171875,-134.217163085938,1249.31237792969,1.0,918.1880656161594,326.9292368401487
368,0.115234375,-133.587631225586,1249.109375,1.0,926.2772990145974,463.0739511956167
369,0.115234375,-133.02001953125,1248.92907714844,1.0,925.2811442294404,456.8478159417107
370,0.1005859375,-132.552200317383,1248.78173828125,1.0,929.3367472567844,456.92417092217966
371,0.1171875,-132.062637329102,1248.62939453125,1.0,932.0904093661594,454.0764841546017
372,0.115234375,-131.639877319336,1248.49951171875,1.0,1265.4583903231883,260.14504189385866
373,0.1162109375,-131.28678894043,1248.39245605469,1.0,1308.8233805575683,234.88841957940568
374,0.1162109375,-131.002288818359,1248.30725097656,1.0,1179.3979655185085,303.65686745538267
375,0.1123046875,-130.745452880859,1248.23083496094,1.0,922.5261393466284,427.23514504327267
376,0.1103515625,-130.488418579102,1248.15466308594,1.0,928.6545573153784,414.8342051018667
377,0.111328125,-130.223205566406,1248.07678222656,1.0,922.7453165927224,410.0048288811637
378,0.1015625,-129.977340698242,1248.00463867188,1.0,918.1655436435034,422.19174904717966
379,0.1162109375,-129.695083618164,1247.92236328125,1.0,922.5594035067844,430.17725319756966
380,0.115234375,-129.418792724609,1247.84301757812,1.0,918.8588419833474,430.8668894280387
381,0.1142578125,-129.146331787109,1247.76586914062,1.0,924.9450236239724,429.9115976799917
382,0.11328125,-128.875442504883,1247.6904296875,1.0,922.2802897372534,426.58570046319466
383,0.1142578125,-128.599899291992,1247.61450195312,1.0,922.6142741122534,429.5585398186637
384,0.1005859375,-128.359420776367,1247.54919433594,1.0,921.5684367099094,435.4404062737417
385,0.1142578125,-128.08708190918,1247.4755859375,1.0,926.0964518466284,390.31064553155466
386,0.1123046875,-127.819404602051,1247.40356445312,1.0,925.2709513583474,393.60868019952267
387,0.115234375,-127.546699523926,1247.32995605469,1.0,920.3325358310034,319.3124765862417
388,0.1142578125,-127.274322509766,1247.25646972656,1.0,925.6654826083474,325.80527443780466
389,0.1005859375,-127.038192749023,1247.19287109375,1.0,921.8502970614724,320.7428965081167
390,0.1015625,-126.814247131348,1247.13269042969,1.0,929.5966349520974,323.6933359612417
391,0.1171875,-126.589324951172,1247.07287597656,1.0,926.2839518466284,324.6599802483517
392,0.115234375,-126.441772460938,1247.03369140625,1.0,927.4102335849094,325.2060923088987
393,0.1142578125,-126.376983642578,1247.0166015625,1.0,923.2700358310034,317.60083718194466
394,0.111328125,-126.351936340332,1247.01025390625,1.0,920.7057658114724,324.36307473077267
395,0.1123046875,-126.336517333984,1247.00622558594,1.0,909.2159586825663,322.67871804131966
396,0.1142578125,-126.317268371582,1247.0009765625,1.0,920.3626871981904,325.3759531487417
397,0.1162109375,-126.291351318359,1246.99401855469,1.0,898.6231242099094,400.19296975030466
398,0.103515625,-126.265647888184,1246.98706054688,1.0,903.4776774325663,425.4379038323357
399,0.1142578125,-126.236236572266,1246.9794921875,1.0,913.0776530185034,427.17801613702267
400,0.115234375,-126.205551147461,1246.97155761719,1.0,894.3196574130344,416.47925515069466
401,0.1142578125,-126.173187255859,1246.96325683594,1.0,883.2657023349094,400.52811379327267
402,0.1123046875,-126.138793945312,1246.95446777344,1.0,882.1814127841284,401.3219370354607
403,0.111328125,-126.101974487305,1246.94482421875,1.0,876.7900553622534,396.2988657463987
404,0.1123046875,-126.062576293945,1246.93481445312,1.0,964.2407389560034,411.7809519280387
405,0.1015625,-126.024375915527,1246.92504882812,1.0,980.0649577060034,423.8722605217887
406,0.1171875,-125.976997375488,1246.91284179688,1.0,982.0626994052224,421.3551706780387
407,0.1162109375,-125.924385070801,1246.8994140625,1.0,979.9470377841284,421.6603464592887
408,0.1025390625,-125.870407104492,1246.88562011719,1.0,980.8381510653784,421.20703835381966
409,0.11328125,-125.797264099121,1246.86682128906,1.0,904.2299967685034,419.1127695549917
410,0.1103515625,-125.70719909668,1246.84399414062,1.0,902.8481608310034,414.05664772881966
411,0.1083984375,-125.594039916992,1246.8154296875,1.0,909.2838908114724,410.7072214592887
412,0.115234375,-125.442672729492,1246.77722167969,1.0,896.8101359286594,341.19226784600767
413,0.1142578125,-125.256118774414,1246.73071289062,1.0,889.4083414950663,310.3670114983517
414,0.111328125,-125.042022705078,1246.67749023438,1.0,894.7394572177224,310.2489389885857
415,0.111328125,-124.792518615723,1246.61608886719,1.0,963.9219523349094,176.75063271417167
416,0.109375,-124.512992858887,1246.54797363281,1.0,927.3243571200663,168.81211037530468
417,0.107421875,-124.207290649414,1246.47436523438,1.0,892.3495036044404,390.4662241448357
418,0.1103515625,-123.858596801758,1246.39135742188,1.0,875.5630656161594,390.38574929131966
419,0.1083984375,-123.485382080078,1246.30395507812,1.0,900.3592692294404,344.4478220452267
420,0.1103515625,-123.076240539551,1246.20947265625,1.0,914.7839518466284,332.72315163506966
421,0.1064453125,-122.660636901855,1246.11547851562,1.0,907.4714518466284,328.20191140069466
422,0.1103515625,-122.222373962402,1246.01843261719,1.0,910.3708659091284,337.5989450921017
423,0.1064453125,-121.800025939941,1245.92639160156,1.0,898.8570109286594,383.5409616936637
424,0.1083984375,-121.367828369141,1245.83435058594,1.0,896.2921305575663,378.25452370538267
425,0.1103515625,-120.931327819824,1245.74353027344,1.0,895.6757975497534,365.0192026604607
426,0.1064453125,-120.516471862793,1245.65905761719,1.0,993.3395548739724,401.9906687249137
427,0.107421875,-120.100997924805,1245.57641601562,1.0,985.9824992099094,398.3247446526487
428,0.1123046875,-119.671432495117,1245.49291992188,1.0,992.7201090731904,404.47608132256966
429,0.109375,-119.261100769043,1245.41540527344,1.0,996.3061076083474,405.95215554131966
430,0.1064453125,-118.863288879395,1245.34313964844,1.0,996.0185099520974,409.8731150139767
431,0.107421875,-118.470916748047,1245.27416992188,1.0,999.1856852450663,401.77637429131966
432,0.1083984375,-118.078063964844,1245.20861816406,1.0,933.0808268466284,336.0470957268667
433,0.107421875,-117.694129943848,1245.14770507812,1.0,918.1444865145974,318.33777565850767
434,0.1103515625,-117.33309173584,1245.09326171875,1.0,917.2566080966284,314.2316355217887
435,0.1005859375,-117.064147949219,1245.05480957031,1.0,917.9736491122534,316.40659279717966
436,0.103515625,-116.878692626953,1245.02941894531,1.0,916.8860636630344,313.7739634026487
437,0.103515625,-116.800537109375,1245.01916503906,1.0,1004.9462443270974,408.0663523186637
438,0.107421875,-116.799468994141,1245.01928710938,1.0,1009.0505534091284,427.30161232842966
439,0.10546875,-116.81657409668,1245.02099609375,1.0,1007.9874430575663,418.32187600030466
440,0.111328125,-116.829925537109,1245.02160644531,1.0,1009.6579752841284,417.8537363518667
441,0.1103515625,-116.83122253418,1245.02062988281,1.0,1009.6621867099094,414.9019236077267
442,0.109375,-116.825370788574,1245.01928710938,1.0,860.4539347567844,469.5795053948357
443,0.1142578125,-116.819892883301,1245.01879882812,1.0,850.9824381747534,465.71982521905466
444,0.1123046875,-116.818824768066,1245.01928710938,1.0,959.9151163974094,415.17761940850767
445,0.1083984375,-116.818946838379,1245.01965332031,1.0,1021.1263590731904,388.9859079827267
446,0.1083984375,-116.816635131836,1245.01953125,1.0,1011.3678141513163,399.9476999749137
447,0.10546875,-116.811088562012,1245.01892089844,1.0,1019.2262125888163,398.9108042229607
448,0.1064453125,-116.802627563477,1245.01745605469,1.0,1021.5612345614724,396.8537058342887
449,0.1064453125,-116.791946411133,1245.01586914062,1.0,1031.4313517489722,393.5484079827267
450,0.1044921875,-116.779647827148,1245.0146484375,1.0,1028.7344523349093,390.3867868889767
451,0.10546875,-116.76545715332,1245.01330566406,1.0,977.5295573153784,336.7772898186637
452,0.1044921875,-116.749366760254,1245.01159667969,1.0,975.9869547763163,334.65271706475767
453,0.107421875,-116.730438232422,1245.00952148438,1.0,971.7123576083474,345.33362526788267
454,0.1064453125,-116.709602355957,1245.00769042969,1.0,979.6414957919404,343.2637094963987
455,0.10546875,-116.686798095703,1245.00512695312,1.0,1013.6077433505344,351.75904030694466
456,0.1015625,-116.662704467773,1245.00268554688,1.0,1029.3256998935035,366.8483652581167
457,0.1044921875,-116.636024475098,1245.0,1.0,1020.2449503817844,362.1019968499137
458,0.1123046875,-116.604072570801,1244.99645996094,1.0,1054.6441203036584,413.66294045342966
459,0.107421875,-116.569694519043,1244.9931640625,1.0,1047.8079386630343,408.2460093010857
460,0.1064453125,-116.529510498047,1244.98913574219,1.0,1052.7080851474084,408.73325295342966
461,0.111328125,-116.477027893066,1244.98400878906,1.0,1046.7950602450665,398.7587046135857
462,0.1123046875,-116.40788269043,1244.97741699219,1.0,857.1534586825663,455.96924538506966
463,0.10546875,-116.322731018066,1244.9697265625,1.0,819.8817301669404,467.5649179924917
464,0.107421875,-116.210823059082,1244.95983886719,1.0,821.4313517489724,465.1706003655387
465,0.1044921875,-116.071472167969,1244.9482421875,1.0,816.4373331942844,472.8154673088987
466,0.111328125,-115.884796142578,1244.93371582031,1.0,827.0285197177224,468.1278452385857
467,0.107421875,-115.662658691406,1244.91796875,1.0,826.1289835849094,467.46057839288267
468,0.111328125,-115.388473510742,1244.90100097656,1.0,843.8620768466284,458.9722361077267
469,0.10546875,-115.085586547852,1244.88549804688,1.0,1175.2472086825683,429.3211130608517
470,0.107421875,-114.73477935791,1244.87109375,1.0,1175.6877604403785,418.54260964288267
471,0.1064453125,-114.349418640137,1244.859375,1.0,1189.8448649325683,415.5856699456167
472,0.1064453125,-113.930740356445,1244.8505859375,1.0,1210.6366129794383,421.41724343194466
473,0.107421875,-113.471801757812,1244.84387207031,1.0,1236.7585612216285,412.92880959405466
474,0.111328125,-112.965614318848,1244.83666992188,1.0,1373.7937174716285,382.74964089288267
475,0.109375,-112.435348510742,1244.82604980469,1.0,1427.9544840731883,365.8740610588987
476,0.10546875,-111.887893676758,1244.8095703125,1.0,1398.3186198153785,383.24854226006966
477,0.109375,-111.295364379883,1244.78503417969,1.0,1370.4898844638183,383.05274147881966
478,0.1064453125,-110.695999145508,1244.75268554688,1.0,1348.7086344638183,376.3102182854607
479,0.1142578125,-110.029670715332,1244.70446777344,1.0,1353.1644450106883,370.2401499260857
480,0.111328125,-109.36353302002,1244.63842773438,1.0,1368.1222086825683,377.09827370538267
481,0.109375,-108.70255279541,1244.54760742188,1.0,1367.2800455966285,367.39099831475767
482,0.1044921875,-108.056137084961,1244.42956542969,1.0,1133.4328776278785,710.4704966057727
483,0.10546875,-107.401557922363,1244.27697753906,1.0,1354.1934977450683,383.37647194756966
484,0.1025390625,-106.764495849609,1244.09313964844,1.0,1471.1109782138183,392.91004128350767
485,0.1064453125,-106.105209350586,1243.86315917969,1.0,1523.2924967685085,395.08524269952267
486,0.1083984375,-105.434356689453,1243.58435058594,1.0,1495.4974528231883,391.6139597405387
487,0.1015625,-104.816223144531,1243.28369140625,1.0,1480.4987955966285,400.5698008049917
488,0.1005859375,-104.206932067871,1242.94226074219,1.0,1672.8056803622485,587.3113169182727
489,0.111328125,-103.546478271484,1242.51416015625,1.0,1699.1391764560085,603.4632944573357
490,0.1083984375,-102.92293548584,1242.04541015625,1.0,1695.1710368075683,610.7380136956167
491,0.1103515625,-102.314476013184,1241.51513671875,1.0,1310.1250162997485,588.2421030510857
492,0.103515625,-101.768424987793,1240.96423339844,1.0,1601.5891276278785,434.8721384514767
493,0.103515625,-101.254707336426,1240.36401367188,1.0,1566.9142008700683,433.9253305901487
494,0.1025390625,-100.782341003418,1239.72155761719,1.0,1296.7111979403785,310.9968027581167
495,0.107421875,-100.335723876953,1239.00561523438,1.0,1448.3656168856883,436.8729624260857
496,0.1044921875,-99.9451675415039,1238.25390625,1.0,1095.8204508700683,569.1883310784297
497,0.103515625,-99.6135482788086,1237.47229003906,1.0,1316.3208170810085,449.36597390069466
498,0.109375,-99.3264083862305,1236.609375,1.0,1245.3210612216285,450.5514597405387
499,0.10546875,-99.1147537231445,1235.74182128906,1.0,1008.6489420810034,568.0801767815547
500,0.103515625,-98.9726104736328,1234.86218261719,1.0,1181.0958414950683,453.4418100823357
501,0.1083984375,-98.8958511352539,1233.92211914062,1.0,1191.3335123935085,447.88904518975767
502,0.1083984375,-98.8919448852539,1232.96044921875,1.0,1200.9768229403785,447.03198952569466
503,0.11328125,-98.9604263305664,1231.95178222656,1.0,1149.0916911044383,433.8234629143667
504,0.1162109375,-99.0991134643555,1230.90209960938,1.0,1068.0375529208484,434.56821389092966
505,0.11328125,-99.2869338989258,1229.87561035156,1.0,993.6052409091284,408.7042612542107
506,0.1142578125,-99.5146560668945,1228.83642578125,1.0,964.7262736239724,413.0524057854607
507,0.1162109375,-99.7670211791992,1227.7783203125,1.0,946.1923380770974,402.6050486077267
508,0.1015625,-99.9891815185547,1226.84326171875,1.0,925.1212321200663,411.47864479913267
509,0.1123046875,-100.220352172852,1225.80419921875,1.0,923.8797770419404,412.75012917413267
510,0.1123046875,-100.430847167969,1224.74072265625,1.0,909.6634684481904,399.53601784600767
511,0.115234375,-100.61937713623,1223.62768554688,1.0,889.5934000888163,421.7664255608517
512,0.1171875,-100.784523010254,1222.44311523438,1.0,802.6995402255344,417.3073191155387
513,0.1162109375,-100.919143676758,1221.21057128906,1.0,789.6930094638163,492.0936655510857
514,0.1162109375,-101.022323608398,1219.92614746094,1.0,797.4943400302224,485.86890358819466
515,0.115234375,-101.091171264648,1218.61120605469,1.0,839.8908854403784,497.07593483819466
516,0.1181640625,-101.127403259277,1217.2548828125,1.0,825.5620890536594,456.92102761163267
517,0.1162109375,-101.133811950684,1215.91625976562,1.0,876.7384196200663,444.04724831475767
518,0.1162109375,-101.119194030762,1214.56616210938,1.0,1076.0628825106883,425.7093882073357
519,0.115234375,-101.090835571289,1213.22338867188,1.0,1086.0446940341285,425.97049660577267
520,0.1044921875,-101.056495666504,1211.99450683594,1.0,1098.7569743075683,415.3121714104607
521,0.1181640625,-101.008506774902,1210.58862304688,1.0,1096.1145182528785,410.5358652581167
522,0.1181640625,-100.950912475586,1209.18432617188,1.0,980.7588053622534,342.9022898186637
523,0.1005859375,-100.893196105957,1207.9736328125,1.0,931.4292155185034,352.14392800225767
524,0.1142578125,-100.817649841309,1206.5869140625,1.0,929.5674601474094,446.9047617424917
525,0.1162109375,-100.733215332031,1205.17297363281,1.0,934.3094035067844,447.6103891838987
526,0.1142578125,-100.648124694824,1203.76989746094,1.0,924.2379313388163,402.1944956292107
527,0.1044921875,-100.573547363281,1202.48400878906,1.0,929.6555949130344,329.87085671319466
528,0.11328125,-100.499137878418,1201.08813476562,1.0,916.6964274325663,312.7558969963987
529,0.11328125,-100.429428100586,1199.67211914062,1.0,927.8504801669404,317.7209238518667
530,0.1123046875,-100.362648010254,1198.25671386719,1.0,920.0984660067844,315.5824655999137
531,0.1123046875,-100.295227050781,1196.84594726562,1.0,918.3448649325663,307.82358498467966
532,0.11328125,-100.21858215332,1195.40710449219,1.0,934.4422160067844,323.15711159600767
533,0.1142578125,-100.126976013184,1193.94897460938,1.0,913.9176798739724,314.0083384026487
534,0.115234375,-100.018463134766,1192.49450683594,1.0,924.8673869052224,399.4266733635857
535,0.1025390625,-99.9080352783203,1191.21435546875,1.0,941.5871745028784,435.7511972893667
536,0.1142578125,-99.767936706543,1189.7802734375,1.0,943.1978922763163,432.2698435296017
537,0.11328125,-99.6157379150391,1188.37854003906,1.0,914.4232340731904,328.8346323479607
538,0.115234375,-99.4514999389648,1186.97424316406,1.0,913.1413126864724,326.70813698663267
539,0.11328125,-99.2836837768555,1185.59155273438,1.0,928.6645670810034,337.9911264885857
540,0.111328125,-99.1193618774414,1184.25036621094,1.0,978.1117106356904,479.64185280694466
541,0.1142578125,-98.9533538818359,1182.88598632812,1.0,979.0331583895974,480.92758889092966
542,0.1142578125,-98.79052734375,1181.52416992188,1.0,973.6778117099094,481.47644753350767
543,0.11328125,-98.6356506347656,1180.20300292969,1.0,974.3499918856904,481.56275124444466
544,0.1171875,-98.4775772094727,1178.83386230469,1.0,992.8041544833474,501.3895945061637
545,0.1083984375,-98.3336486816406,1177.58178710938,1.0,1000.4078532138163,504.6495737542107
546,0.1171875,-98.1802368164062,1176.25036621094,1.0,1006.2818156161594,522.0003427971797
547,0.1162109375,-98.0273818969727,1174.93225097656,1.0,1001.5986491122534,522.9309153069446
548,0.115234375,-97.8759307861328,1173.64086914062,1.0,1005.2010661044404,519.2974924553827
549,0.1142578125,-97.724479675293,1172.37084960938,1.0,999.9102946200663,519.6572947014768
550,0.1181640625,-97.5671234130859,1171.08044433594,1.0,887.1313639560034,314.3735727776487
551,0.1162109375,-97.4087295532227,1169.81518554688,1.0,899.3390665927224,317.7339548577267
552,0.1181640625,-97.2451324462891,1168.54174804688,1.0,910.6395426669404,322.4918589104607
553,0.115234375,-97.0848770141602,1167.31433105469,1.0,1074.9206705966285,418.64780373467966
554,0.1171875,-96.9232864379883,1166.07934570312,1.0,1027.7716837802222,524.0851206292107
555,0.1162109375,-96.7649307250977,1164.85437011719,1.0,1027.9383707919405,528.0600656975696
556,0.1171875,-96.6092224121094,1163.62634277344,1.0,951.3771525302224,316.20731301202267
557,0.1171875,-96.4576873779297,1162.4052734375,1.0,938.8151408114724,322.8574594963987
558,0.1181640625,-96.3079147338867,1161.17431640625,1.0,916.9760294833474,323.1638864983517
559,0.1171875,-96.1630554199219,1159.96496582031,1.0,917.5631876864724,318.0329355706167
560,0.1181640625,-96.0196762084961,1158.75219726562,1.0,914.7216349520974,312.35584206475767
561,0.1025390625,-95.897331237793,1157.70751953125,1.0,1027.2052775302222,489.0444101799917
562,0.12109375,-95.7525405883789,1156.46630859375,1.0,1026.7000895419405,489.61292214288267
563,0.1171875,-95.6131362915039,1155.27758789062,1.0,1364.5405436435085,297.5427011956167
564,0.103515625,-95.4879302978516,1154.22790527344,1.0,1364.4954996981883,284.0078958977657
565,0.1015625,-95.3634719848633,1153.20629882812,1.0,1242.0998698153785,362.0090097893667
566,0.1171875,-95.2168350219727,1152.03234863281,1.0,997.8429728427224,483.35575051202267
567,0.1025390625,-95.0861434936523,1151.01257324219,1.0,1000.7577067294404,481.83212990655466
568,0.109375,-94.9445419311523,1149.93273925781,1.0,996.5021525302224,483.4298471917107
569,0.1044921875,-94.8054428100586,1148.89465332031,1.0,1033.4057169833472,485.6345896233517
570,0.111328125,-94.6558227539062,1147.798828125,1.0,1032.3162394442843,484.91724343194466
571,0.107421875,-94.5104827880859,1146.74780273438,1.0,989.4905558505344,477.46689553155466
572,0.1044921875,-94.3687515258789,1145.72631835938,1.0,983.3261881747534,481.9235605706167
573,0.1083984375,-94.2221450805664,1144.66711425781,1.0,993.0835123935034,476.37390847100767
574,0.103515625,-94.0852737426758,1143.66772460938,1.0,1055.8244181552184,478.99097390069466
575,0.103515625,-93.9504165649414,1142.66735839844,1.0,1055.5896159091285,478.0766062249137
576,0.1083984375,-93.8116455078125,1141.61938476562,1.0,1060.0841837802184,479.4523386467887
577,0.1044921875,-93.6806030273438,1140.61401367188,1.0,935.6920939364724,330.6570505608517
578,0.103515625,-93.5517578125,1139.61743164062,1.0,931.9506388583474,328.70835060967966
579,0.107421875,-93.4189605712891,1138.58581542969,1.0,922.8450480380344,309.73560280694466
580,0.109375,-93.2836456298828,1137.53564453125,1.0,920.0137492099094,302.6973795403437
581,0.107421875,-93.1502380371094,1136.50415039062,1.0,918.4158488192844,298.8950266350697
582,0.1044921875,-93.0203628540039,1135.50390625,1.0,917.3199625888163,299.4676889885857
583,0.103515625,-92.8909759521484,1134.51000976562,1.0,919.9160929599094,304.80736489190565
584,0.1083984375,-92.7555923461914,1133.47155761719,1.0,915.1164103427224,304.3665079583127
585,0.1064453125,-92.6214752197266,1132.44323730469,1.0,910.9950724520974,305.3578562249137
586,0.103515625,-92.4902496337891,1131.4375,1.0,913.1248942294404,308.2268747796017
587,0.107421875,-92.3545532226562,1130.39807128906,1.0,915.1341105380344,309.7667612542107
588,0.103515625,-92.2212829589844,1129.37829589844,1.0,919.0621500888163,308.45911354913267
589,0.1083984375,-92.081901550293,1128.31372070312,1.0,914.5709391513163,305.03961892022664
590,0.1064453125,-91.9443054199219,1127.26452636719,1.0,913.9334879794404,301.3309549797967
591,0.103515625,-91.8080368041992,1126.22607421875,1.0,914.9152995028784,302.2299875725697
592,0.10546875,-91.6703033447266,1125.17639160156,1.0,904.5415202060034,306.1528696526487
593,0.1064453125,-91.5280380249023,1124.09191894531,1.0,907.0995036044404,309.2607798088987
594,0.10546875,-91.3875885009766,1123.02075195312,1.0,900.7798624911594,306.27905983819466
595,0.1044921875,-91.2471466064453,1121.94909667969,1.0,904.1961832919404,308.9675058831167
596,0.1064453125,-91.1019439697266,1120.84094238281,1.0,908.3761759677224,308.68054909600767
597,0.107421875,-90.9538726806641,1119.71105957031,1.0,912.7569132724094,307.1810678948357
598,0.1064453125,-90.8062210083008,1118.58459472656,1.0,904.5429240145974,303.2821726311637
599,0.1064453125,-90.6575012207031,1117.4501953125,1.0,905.7506876864724,304.5965189446407
600,0.10546875,-90.5082321166992,1116.31176757812,1.0,906.3565836825663,304.3532480706167
601,0.1044921875,-90.3578796386719,1115.1650390625,1.0,910.4710856356904,302.18212075128065
602,0.1064453125,-90.2048873901367,1113.9951171875,1.0,912.6379557528784,304.32689614190565
603,0.1044921875,-90.05322265625,1112.82958984375,1.0,913.3333903231904,307.87363381280466
604,0.1025390625,-89.9030456542969,1111.66577148438,1.0,903.1926432528784,301.01740212335164
605,0.109375,-89.7430648803711,1110.41247558594,1.0,915.4427042880344,299.1655802239377
606,0.1044921875,-89.5904769897461,1109.19860839844,1.0,911.7030802645974,294.6868814934687
607,0.103515625,-89.4374847412109,1107.96179199219,1.0,911.2147990145974,298.60877175225767
608,0.111328125,-89.2735824584961,1106.61291503906,1.0,915.1367350497534,301.5672220696407
609,0.1044921875,-89.1197052001953,1105.32373046875,1.0,914.7831583895974,301.11379189385866
610,0.1083984375,-88.9596252441406,1103.96130371094,1.0,922.6890421786594,305.2669291008907
611,0.111328125,-88.7961349487305,1102.55029296875,1.0,919.1848917880344,302.4783853997187
612,0.109375,-88.633186340332,1101.13024902344,1.0,913.0636759677224,301.54299111260866
613,0.10546875,-88.4748992919922,1099.748046875,1.0,990.0557413974094,428.3588633049917
614,0.1083984375,-88.3101348876953,1098.310546875,1.0,1002.9813395419404,448.08768410577267
615,0.10546875,-88.1472473144531,1096.89331054688,1.0,996.2500162997534,446.41345925225767
616,0.1103515625,-87.9739990234375,1095.38708496094,1.0,907.4566203036594,308.5995554436637
617,0.1064453125,-87.8049621582031,1093.91174316406,1.0,912.8818522372534,306.25907082452267
618,0.1201171875,-87.6138610839844,1092.22900390625,1.0,917.8870402255344,311.13037819756966
619,0.1171875,-87.4261245727539,1090.55505371094,1.0,924.9859782138163,312.60999245538267
620,0.115234375,-87.2425384521484,1088.89477539062,1.0,945.0533610263163,403.1979135979607
621,0.1162109375,-87.0571594238281,1087.19201660156,1.0,965.4832926669404,475.90259499444466
622,0.115234375,-86.8763122558594,1085.501953125,1.0,967.1697550692844,476.8218454827267
623,0.1142578125,-86.6978225708008,1083.80285644531,1.0,932.2121745028784,475.22153420342966
624,0.119140625,-86.5153579711914,1082.03002929688,1.0,929.4129801669404,472.9325632561637
625,0.12109375,-86.3331909179688,1080.21789550781,1.0,923.9185343661594,472.59754128350767
626,0.115234375,-86.1630401611328,1078.48742675781,1.0,926.3709269442844,468.6081308831167
627,0.1171875,-85.9952850341797,1076.75146484375,1.0,918.0011149325663,432.5318979729607
628,0.1142578125,-85.8352737426758,1075.07922363281,1.0,884.7699137606904,323.41977639092966
629,0.1142578125,-85.6757888793945,1073.40710449219,1.0,897.8654948153784,321.06235451592966
630,0.115234375,-85.5180511474609,1071.75317382812,1.0,949.4843912997534,354.93848366631966
631,0.1162109375,-85.3608551025391,1070.10949707031,1.0,1021.3282633700663,492.9115976799917
632,0.1171875,-85.2046127319336,1068.47863769531,1.0,1017.2938395419404,496.1457285393667
633,0.1171875,-85.057243347168,1066.94116210938,1.0,1053.6699992099084,478.8788828362417
634,0.11328125,-84.9227828979492,1065.53625488281,1.0,1059.8548746981883,487.29822487725767
635,0.11328125,-84.8016204833984,1064.25366210938,1.0,1062.0805827060085,480.13608498467966
636,0.1123046875,-84.6953964233398,1063.08251953125,1.0,1053.8116618075683,491.1274179924917
637,0.115234375,-84.6036071777344,1061.98681640625,1.0,1047.5249796786593,512.4963449944446
638,0.1123046875,-84.5313873291016,1061.01953125,1.0,1045.0718546786593,513.0510324944446
639,0.1142578125,-84.4743728637695,1060.14685058594,1.0,967.4517374911594,394.9071726311637
640,0.115234375,-84.4314880371094,1059.39575195312,1.0,902.4822550692844,312.3183054436637
641,0.1142578125,-84.3993606567383,1058.77258300781,1.0,903.7894450106904,301.70290322198366
642,0.1171875,-84.3741683959961,1058.26538085938,1.0,952.5121012606904,477.8479685296017
643,0.11328125,-84.3555679321289,1057.90368652344,1.0,932.5843668856904,482.71170754327267
644,0.11328125,-84.3420715332031,1057.66296386719,1.0,924.2868204989724,489.7217173088987
645,0.1171875,-84.3343811035156,1057.54309082031,1.0,948.2809611239724,490.03006691827267
646,0.1142578125,-84.3326568603516,1057.5302734375,1.0,1514.5236979403785,306.4351267327267
647,0.11328125,-84.3329849243164,1057.54382324219,1.0,1429.4098063388183,477.1150583733517
648,0.1162109375,-84.3338165283203,1057.55529785156,1.0,1477.3061686435085,490.0342478264767
649,0.11328125,-84.3344116210938,1057.55688476562,1.0,1503.9620524325683,477.11280007256966
650,0.11328125,-84.334602355957,1057.55224609375,1.0,1186.2750407138183,449.6481699456167
651,0.115234375,-84.3345108032227,1057.54711914062,1.0,998.5463419833474,447.5436777581167
652,0.11328125,-84.3341598510742,1057.5419921875,1.0,990.9958659091284,461.37088723077267
653,0.1162109375,-84.3335647583008,1057.53515625,1.0,993.7212077060034,457.2524790276487
654,0.115234375,-84.3327941894531,1057.52526855469,1.0,997.0420084872534,450.96219582452267
655,0.1171875,-84.3319244384766,1057.51159667969,1.0,1414.4740153231883,467.93076271905466
656,0.1162109375,-84.3309707641602,1057.49523925781,1.0,1404.6026774325683,464.17713112725767
657,0.1123046875,-84.329948425293,1057.47729492188,1.0,1398.9288493075683,458.34302468194466
658,0.111328125,-84.3287353515625,1057.45715332031,1.0,1012.0318156161594,464.49198098077267
659,0.1142578125,-84.3271789550781,1057.43249511719,1.0,997.2697916903784,465.3594126213987
660,0.1181640625,-84.3245239257812,1057.392578125,1.0,1002.3587809481904,466.3069529046017
661,0.12109375,-84.3187866210938,1057.306640625,1.0,917.3875895419404,467.1085886467887
662,0.1005859375,-84.310791015625,1057.18896484375,1.0,917.2497721591284,469.3317331780387
663,0.1015625,-84.2996597290039,1057.02880859375,1.0,934.2428141513163,467.1149057854607
664,0.1123046875,-84.2835006713867,1056.80224609375,1.0,917.7468424716284,460.9355234612417
665,0.1103515625,-84.2635040283203,1056.52954101562,1.0,910.6887980380344,459.16043801202267
666,0.1171875,-84.2375411987305,1056.18627929688,1.0,902.6459513583474,458.2409433831167
667,0.1142578125,-84.2072296142578,1055.79663085938,1.0,904.3251505770974,461.69467873467966
668,0.1171875,-84.1708679199219,1055.34130859375,1.0,928.7270670810034,457.4174570549917
669,0.119140625,-84.1283187866211,1054.82312011719,1.0,917.3102579989724,461.0163340081167
670,0.119140625,-84.079833984375,1054.24768066406,1.0,908.8568888583474,461.8040232171017
671,0.1181640625,-84.0254669189453,1053.61926269531,1.0,1018.5199137606904,435.6899179924917
672,0.115234375,-83.9665679931641,1052.95446777344,1.0,1031.7719889560035,443.8307260979607
673,0.11328125,-83.9028701782227,1052.24340820312,1.0,997.3058634677224,433.40552468194466
674,0.1171875,-83.8335266113281,1051.45922851562,1.0,978.8728800692844,430.4723581780387
675,0.1162109375,-83.7622833251953,1050.61987304688,1.0,978.9181071200663,429.38855690850767
676,0.1171875,-83.6910629272461,1049.724609375,1.0,1147.3031168856883,472.1414255608517
677,0.1162109375,-83.6214599609375,1048.77575683594,1.0,1159.9981852450683,471.07691140069466
678,0.1162109375,-83.5534820556641,1047.7666015625,1.0,1153.8838053622485,470.22852272881966
679,0.1201171875,-83.4866180419922,1046.67822265625,1.0,1029.7954264560035,432.88855690850767
680,0.1123046875,-83.4262161254883,1045.59777832031,1.0,1026.6721964755343,431.85059304131966
681,0.115234375,-83.3675308227539,1044.443359375,1.0,1015.2752238192844,421.7710337151487
682,0.1181640625,-83.310188293457,1043.21228027344,1.0,966.8663493075663,426.51428933038267
683,0.1171875,-83.2547836303711,1041.91748046875,1.0,970.3706217685034,432.9614023674917
684,0.1171875,-83.2020797729492,1040.57299804688,1.0,979.6195841708474,442.27930397881966
685,0.115234375,-83.153190612793,1039.1923828125,1.0,952.3862467685034,380.6525339592887
686,0.1181640625,-83.1078186035156,1037.72692871094,1.0,917.5220499911594,330.4060739983517
687,0.115234375,-83.0702972412109,1036.27392578125,1.0,936.7715617099094,448.00037331475767
688,0.1103515625,-83.042610168457,1034.86743164062,1.0,936.0029459872534,478.0140757073357
689,0.1083984375,-83.0241088867188,1033.44958496094,1.0,936.2965861239724,473.91727394952267
690,0.115234375,-83.0139770507812,1031.93237304688,1.0,894.8193522372534,459.62940163506966
691,0.109375,-83.0112915039062,1030.47766113281,1.0,890.6261759677224,460.8044199456167
692,0.1142578125,-83.0135650634766,1028.93811035156,1.0,876.9370890536594,459.64121193780466
693,0.1123046875,-83.0178604125977,1027.40930175781,1.0,893.2006388583474,430.84729714288267
694,0.1103515625,-83.0212936401367,1025.90832519531,1.0,902.2132731356904,295.7955698479607
695,0.119140625,-83.0219192504883,1024.27111816406,1.0,911.6105509677224,291.5349192131947
696,0.1123046875,-83.0188217163086,1022.72222900391,1.0,919.1341105380344,307.4423593987417
697,0.1103515625,-83.0121688842773,1021.18621826172,1.0,914.3428507724094,307.11048073663267
698,0.1162109375,-83.0013580322266,1019.56329345703,1.0,909.2512370028784,299.6601938713987
699,0.11328125,-82.9858932495117,1017.96038818359,1.0,912.0334025302224,304.58768410577267
700,0.1142578125,-82.9646835327148,1016.34100341797,1.0,915.4643717685034,327.7905954827267
701,0.109375,-82.937873840332,1014.78656005859,1.0,915.7762003817844,447.48255104913267
702,0.1103515625,-82.9031448364258,1013.20050048828,1.0,926.8179484286594,448.3793711174917
703,0.11328125,-82.8591690063477,1011.57269287109,1.0,930.8338786044404,451.0123972405387
704,0.1142578125,-82.8058319091797,1009.92028808594,1.0,932.1860514560034,455.91565651788267
705,0.1142578125,-82.7433547973633,1008.25561523438,1.0,922.9445963778784,316.5757517327267
706,0.1171875,-82.6696166992188,1006.53509521484,1.0,924.7835246005344,305.49147744073366
707,0.109375,-82.5922317504883,1004.92492675781,1.0,917.5428629794404,302.81992287530466
708,0.11328125,-82.5037231445312,1003.25988769531,1.0,921.4012003817844,303.94657082452267
709,0.1123046875,-82.4062652587891,1001.59100341797,1.0,923.7797404208474,308.3268808831167
710,0.1103515625,-82.3018341064453,999.948669433594,1.0,926.8059245028784,300.1198801506947
711,0.115234375,-82.1830444335938,998.222961425781,1.0,923.2045451083474,303.79379982842966
712,0.119140625,-82.0507125854492,996.442199707031,1.0,936.0361491122534,442.03867287530466
713,0.125,-81.8993988037109,994.553161621094,1.0,940.7155924716284,457.82508034600767
714,0.1064453125,-81.7618713378906,992.948852539062,1.0,947.1616373935034,462.79480690850767
715,0.103515625,-81.6205673217773,991.384338378906,1.0,1161.6877604403785,469.8976816643667
716,0.10546875,-81.469596862793,989.778686523438,1.0,1156.5755778231883,466.25888771905466
717,0.1015625,-81.3201904296875,988.230895996094,1.0,1161.1439371981883,467.20984597100767
718,0.1025390625,-81.1669464111328,986.66455078125,1.0,1205.2542887606883,501.8122324456167
719,0.1025390625,-81.0138854980469,985.112670898438,1.0,1121.9757243075683,440.6752390374137
720,0.1005859375,-80.8632965087891,983.601318359375,1.0,1107.8139811435085,443.3302378167107
721,0.1005859375,-80.7145233154297,982.129089355469,1.0,1117.8390055575683,448.98496193780466
722,0.103515625,-80.5655059814453,980.683166503906,1.0,1104.4918375888183,443.9648203362417
723,0.103515625,-80.4235992431641,979.343688964844,1.0,1085.7329264560085,444.57446999444466
724,0.1015625,-80.2896499633789,978.119201660156,1.0,1079.6196452060085,443.3438181389767
725,0.1005859375,-80.1625747680664,977.0087890625,1.0,1073.2210246005384,443.1520456780387
726,0.1240234375,-80.0109481811523,975.751098632812,1.0,1046.0463419833472,437.16760964288267
727,0.1005859375,-79.8943328857422,974.829467773438,1.0,1026.2030192294405,446.3432383049917
728,0.103515625,-79.781852722168,973.973327636719,1.0,1079.3842936435085,458.94272560967966
729,0.1025390625,-79.6793060302734,973.214477539062,1.0,1058.4093180575683,452.0221933831167
730,0.103515625,-79.5878295898438,972.550415039062,1.0,1034.2890177645972,444.7087168206167
731,0.1025390625,-79.5103454589844,971.994873046875,1.0,1025.1593180575665,442.6612009514767
732,0.10546875,-79.4447784423828,971.52783203125,1.0,994.5013590731904,453.82446999444466
733,0.1015625,-79.3955688476562,971.178955078125,1.0,973.3381510653784,463.3771128167107
734,0.1044921875,-79.3589706420898,970.921081542969,1.0,974.4124308505344,473.5746836174917
735,0.1005859375,-79.3338394165039,970.746215820312,1.0,981.2030192294404,476.15073342217966
736,0.103515625,-79.3122177124023,970.597839355469,1.0,979.7892008700663,501.9738230217887
737,0.1240234375,-79.2858123779297,970.418823242188,1.0,986.5410319247534,493.63852639092966
738,0.1015625,-79.2633590698242,970.266662597656,1.0,974.0740519442844,491.4894785393667
739,0.125,-79.2349624633789,970.072875976562,1.0,965.6213541903784,419.70313210381966
740,0.1005859375,-79.2122344970703,969.916687011719,1.0,970.7174845614724,412.05087990655466
741,0.1015625,-79.189582824707,969.760192871094,1.0,1007.6397868075663,432.83692116631966
742,0.1044921875,-79.1664886474609,969.601013183594,1.0,968.0883341708474,480.3434824456167
743,0.125,-79.1381988525391,969.407165527344,1.0,960.9154215731904,476.4972605217887
744,0.1259765625,-79.1091690063477,969.208984375,1.0,943.9066325106904,390.32691140069466
745,0.1064453125,-79.0831298828125,969.030151367188,1.0,941.6574870028784,395.64536232842966
746,0.1015625,-79.0547714233398,968.832641601562,1.0,954.0912638583474,424.2865366448357
747,0.1025390625,-79.020881652832,968.592163085938,1.0,1007.4697428622534,356.3478159417107
748,0.1005859375,-78.9825439453125,968.315551757812,1.0,960.3461466708474,482.2094492424917
749,0.1044921875,-78.937255859375,967.984497070312,1.0,960.7920084872534,471.9370798577267
750,0.1259765625,-78.8749618530273,967.523498535156,1.0,955.4414835849094,480.30078835381966
751,0.1044921875,-78.8172912597656,967.092102050781,1.0,954.3816691317844,480.1129831780387
752,0.103515625,-78.7549362182617,966.62109375,1.0,944.3436442294404,475.3480905999137
753,0.1064453125,-78.6853637695312,966.091064453125,1.0,948.8250285067844,481.6978220452267
754,0.1025390625,-78.6128005981445,965.536743164062,1.0,1007.8936320224094,457.52402443780466
755,0.1064453125,-78.5316009521484,964.915710449219,1.0,999.9339152255344,453.37342018975767
756,0.103515625,-78.4472198486328,964.270874023438,1.0,955.4271403231904,469.63916726006966
757,0.1064453125,-78.3539962768555,963.559753417969,1.0,957.9380656161594,475.1904978264767
758,0.103515625,-78.2574310302734,962.824768066406,1.0,953.6417399325663,462.9291147698357
759,0.107421875,-78.1516723632812,962.020874023438,1.0,951.3352824130344,465.1300425042107
760,0.1044921875,-78.0416793823242,961.186706542969,1.0,942.1303263583474,385.93213601006966
761,0.1103515625,-77.919075012207,960.26123046875,1.0,948.8238078036594,408.7990183342887
762,0.1064453125,-77.7942810058594,959.3251953125,1.0,952.2598429599094,448.9337534417107
763,0.10546875,-77.662727355957,958.343383789062,1.0,975.1245890536594,537.2524179924917
764,0.103515625,-77.5274963378906,957.338928222656,1.0,957.4111491122534,508.7831797112417
765,0.107421875,-77.3814468383789,956.257629394531,1.0,956.9270792880344,499.6497263421017
766,0.1025390625,-77.2340316772461,955.168762207031,1.0,966.6989298739724,528.3544687737417
767,0.107421875,-77.0740585327148,953.989074707031,1.0,972.5587931552224,514.0645822991327
768,0.107421875,-76.908576965332,952.770629882812,1.0,978.2576456942844,538.2858042229607
769,0.10546875,-76.73828125,951.516784667969,1.0,958.7631998935034,530.1351999749137
770,0.10546875,-76.5627593994141,950.221496582031,1.0,964.9176188388163,545.6803965081167
771,0.1064453125,-76.3813781738281,948.870544433594,1.0,961.7641764560034,521.5192636956167
772,0.1025390625,-76.2014083862305,947.51171875,1.0,961.1355753817844,516.2316660393667
773,0.1064453125,-76.0139465332031,946.068908691406,1.0,763.5751505770974,23.61814064874188
774,0.1064453125,-75.8247375488281,944.579956054688,1.0,837.8170939364724,-99.82877402410932
775,0.107421875,-75.6306762695312,943.020629882812,1.0,1344.7070475497485,305.79080910577267
776,0.1044921875,-75.4382934570312,941.456298828125,1.0,1563.6646891513183,307.9006113518667
777,0.109375,-75.2320861816406,939.784118652344,1.0,1446.6003580966285,312.9408945549917
778,0.1083984375,-75.0179901123047,938.075866699219,1.0,1293.9487467685085,294.8963541497187
779,0.109375,-74.7900390625,936.29833984375,1.0,1154.2389079013183,379.9971384514767
780,0.107421875,-74.5550384521484,934.518249511719,1.0,971.4801188388163,484.29578347100767
781,0.1083984375,-74.3016815185547,932.659118652344,1.0,961.3557291903784,489.3199839104607
782,0.10546875,-74.042366027832,930.815124511719,1.0,984.1526041903784,477.83106179131966
783,0.107421875,-73.7619094848633,928.889465332031,1.0,993.6439982333474,477.45975441827267
784,0.1025390625,-73.4789581298828,927.020446777344,1.0,990.6068888583474,480.1155466546017
785,0.1064453125,-73.1714859008789,925.070129394531,1.0,990.4361124911594,486.5135874260857
786,0.103515625,-72.8593292236328,923.167907714844,1.0,989.7265787997534,488.11133522881966
787,0.1083984375,-72.518669128418,921.165405273438,1.0,977.1601115145974,468.48902077569466
788,0.103515625,-72.1808471679688,919.232421875,1.0,953.7378703036594,411.6782907952267
789,0.109375,-71.8154449462891,917.161987304688,1.0,950.9178629794404,401.8397593010857
790,0.103515625,-71.4721374511719,915.197448730469,1.0,918.6399699130344,311.9457773674917
791,0.10546875,-71.1317443847656,913.190063476562,1.0,910.6444254794404,329.10694069756966
792,0.1103515625,-70.7892227172852,911.070129394531,1.0,913.1168986239724,334.05847878350767
793,0.1083984375,-70.4679946899414,908.955505371094,1.0,918.6120158114724,332.43827004327267
794,0.1064453125,-70.1757736206055,906.896240234375,1.0,934.3595133700663,334.95081276788267
795,0.10546875,-69.90283203125,904.838989257812,1.0,919.1314249911594,323.46717018975767
796,0.1044921875,-69.6513137817383,902.818725585938,1.0,918.5083781161594,322.88700051202267
797,0.1064453125,-69.4080810546875,900.751159667969,1.0,916.0277262606904,322.4866404046017
798,0.10546875,-69.1797409057617,898.736633300781,1.0,984.0644694247534,466.25977272881966
799,0.1103515625,-68.9414367675781,896.643798828125,1.0,984.4592448153784,467.52817482842966
800,0.1064453125,-68.6971435546875,894.642028808594,1.0,986.8243571200663,462.8473886956167
801,0.1064453125,-68.4242935180664,892.642578125,1.0,968.6139689364724,385.72202248467966
802,0.1064453125,-68.1188354492188,890.668395996094,1.0,908.9417277255344,353.15906472100767
803,0.109375,-67.7769470214844,888.685913085938,1.0,945.9329996981904,327.60327858819466
804,0.1064453125,-67.4291229248047,886.79345703125,1.0,937.9377604403784,324.08325905694466
805,0.10546875,-67.098747253418,884.995544433594,1.0,928.7977457919404,342.68860573663267
806,0.103515625,-66.8024749755859,883.282287597656,1.0,935.8638468661594,333.37830300225767
807,0.1083984375,-66.5344009399414,881.551452636719,1.0,928.5212565341284,335.72547097100767
808,0.10546875,-66.3157348632812,879.921142578125,1.0,934.6446696200663,339.99008889092966
809,0.109375,-66.1274185180664,878.293029785156,1.0,929.4448405185034,329.2173532952267
810,0.103515625,-65.9721221923828,876.822692871094,1.0,938.6862345614724,185.58084816827267
811,0.107421875,-65.8137817382812,875.318176269531,1.0,1006.1454630770974,190.4721140374137
812,0.103515625,-65.6529846191406,873.881896972656,1.0,947.1891032138163,292.79456276788267
813,0.1064453125,-65.4740905761719,872.409423828125,1.0,955.8538371005344,321.88941140069466
814,0.103515625,-65.2900085449219,870.996032714844,1.0,930.0935221591284,361.0366892327267
815,0.1044921875,-65.0938949584961,869.56640625,1.0,1083.7848063388183,527.2158579338986
816,0.1044921875,-64.8943710327148,868.155517578125,1.0,1097.3557291903785,521.0554575432727
817,0.10546875,-64.6930465698242,866.733764648438,1.0,1163.2418375888183,546.0722422112417
818,0.107421875,-64.4974060058594,865.302429199219,1.0,1174.8460856356883,536.7790903557727
819,0.107421875,-64.3137588500977,863.862854003906,1.0,1178.4249430575683,537.3223337639768
820,0.1044921875,-64.1534042358398,862.486755371094,1.0,1102.4001627841285,512.1488718499137
821,0.1064453125,-64.0055236816406,861.078491210938,1.0,1105.6389323153785,519.6811594475696
822,0.10546875,-63.8741569519043,859.676818847656,1.0,1100.1746989169383,521.5553049553827
823,0.111328125,-63.7532920837402,858.217407226562,1.0,917.0133829989724,352.3766245354607
824,0.10546875,-63.6512489318848,856.831848144531,1.0,916.6443644442844,354.8297495354607
825,0.1064453125,-63.5570602416992,855.424926757812,1.0,915.9044352450663,341.7394480217887
826,0.1044921875,-63.4725456237793,854.056823730469,1.0,915.8620158114724,318.9598764885857
827,0.1083984375,-63.3921890258789,852.654907226562,1.0,921.8405314364724,321.97251076592966
828,0.1025390625,-63.3215675354004,851.330322265625,1.0,916.5188761630344,317.0788034905387
829,0.1044921875,-63.255313873291,849.997863769531,1.0,1135.0754557528785,279.0987467278437
830,0.103515625,-63.1960105895996,848.713134765625,1.0,1319.0232096591285,229.36742348565568
831,0.1044921875,-63.142032623291,847.443420410156,1.0,1337.8145914950683,217.54407448663267
832,0.1005859375,-63.0953598022461,846.2451171875,1.0,1246.4223795810085,347.49399514092966
833,0.1025390625,-63.052978515625,845.051147460938,1.0,1090.5206461825683,497.1347422112417
834,0.1005859375,-63.0153732299805,843.880981445312,1.0,1089.9671793856883,491.61063332452267
835,0.103515625,-62.9810905456543,842.694946289062,1.0,1032.8424235263165,482.1479258049917
836,0.1025390625,-62.9509811401367,841.524047851562,1.0,1025.0498820224093,478.4076609124137
837,0.1064453125,-62.9237976074219,840.315307617188,1.0,1042.9566813388165,509.7179941643667
838,0.103515625,-62.9014587402344,839.155700683594,1.0,1052.9131632724084,529.1863474358518
839,0.109375,-62.8820533752441,837.94287109375,1.0,1051.7558146395984,523.5181040276486
840,0.103515625,-62.8679275512695,836.80517578125,1.0,999.6394205966284,451.5885385979607
841,0.1044921875,-62.8580932617188,835.662963867188,1.0,994.4690104403784,449.98123879327267
842,0.1025390625,-62.8529663085938,834.556701660156,1.0,993.8148356356904,448.5502390374137
843,0.1005859375,-62.8525085449219,833.47216796875,1.0,981.3991862216284,433.8616404046017
844,0.1005859375,-62.8566741943359,832.402587890625,1.0,941.2504435458474,373.8017954338987
845,0.1025390625,-62.8656005859375,831.322875976562,1.0,905.8827677645974,321.7175974358517
846,0.103515625,-62.8793563842773,830.236267089844,1.0,911.3397379794404,344.7863230217887
847,0.1044921875,-62.897834777832,829.152038574219,1.0,1008.6214152255344,481.61121315850767
848,0.1005859375,-62.9196243286133,828.12744140625,1.0,1008.2886515536594,484.8797068108517
849,0.1005859375,-62.9456901550293,827.101013183594,1.0,1009.8900919833474,482.43637795342966
850,0.12109375,-62.9824066162109,825.874450683594,1.0,1003.8144694247534,481.3825144280387
851,0.1240234375,-63.0253982543945,824.642272949219,1.0,1033.8299723544405,475.24927468194466
852,0.1015625,-63.0650405883789,823.635864257812,1.0,1034.8259440341285,476.4531931389767
853,0.1220703125,-63.1170959472656,822.447448730469,1.0,1156.5189371981883,329.1173777092887
854,0.1220703125,-63.1744842529297,821.265075683594,1.0,999.0754557528784,415.6582712639767
855,0.12109375,-63.2365188598633,820.099426269531,1.0,979.7218790927224,463.78891701592966
856,0.123046875,-63.3038291931152,818.9345703125,1.0,978.6315470614724,460.02518410577267
857,0.1015625,-63.362419128418,817.988159179688,1.0,957.3092814364724,435.2684702385857
858,0.119140625,-63.4355964660645,816.876770019531,1.0,911.1521159091284,315.63379616631966
859,0.12109375,-63.5136795043945,815.761901855469,1.0,906.6918497958474,317.4101938713987
860,0.1171875,-63.5925598144531,814.697265625,1.0,923.2188883700663,310.87879128350767
861,0.12109375,-63.6770706176758,813.608215332031,1.0,918.9752970614724,306.1442331780387
862,0.1220703125,-63.7636680603027,812.525146484375,1.0,981.1270304599094,429.99588723077267
863,0.12109375,-63.8498191833496,811.452270507812,1.0,981.0091715731904,437.88709206475767
864,0.1240234375,-63.9354858398438,810.377990722656,1.0,983.5413981356904,433.96689553155466
865,0.1220703125,-64.0185012817383,809.324890136719,1.0,981.8047037997534,437.5058359612417
866,0.1220703125,-64.099983215332,808.283203125,1.0,990.4854899325663,438.28443093194466
867,0.1259765625,-64.1841354370117,807.220153808594,1.0,990.5975504794404,442.8647226799917
868,0.12109375,-64.2684783935547,806.213562011719,1.0,988.3255778231904,443.7006601799917
869,0.123046875,-64.3553314208984,805.261108398438,1.0,987.8700724520974,444.5309214104607
870,0.1201171875,-64.4401168823242,804.409484863281,1.0,986.9447184481904,437.3193125237417
871,0.1171875,-64.5220489501953,803.647583007812,1.0,981.7366496005344,440.4957651604607
872,0.1162109375,-64.6003875732422,802.95947265625,1.0,979.1029826083474,444.8080515374137
873,0.1181640625,-64.6758193969727,802.319213867188,1.0,974.4965983310034,449.23935646905466
874,0.1142578125,-64.7464447021484,801.728942871094,1.0,974.2922526278784,443.1979135979607
875,0.1103515625,-64.809928894043,801.203674316406,1.0,923.9129191317844,347.78452248467966
876,0.10546875,-64.864875793457,800.753295898438,1.0,925.0802775302224,343.4127878655387
877,0.1064453125,-64.9147567749023,800.349182128906,1.0,918.0419474520974,313.7960581292107
878,0.1083984375,-64.9599838256836,799.986999511719,1.0,920.3291788974094,315.48902077569466
879,0.1044921875,-64.9978408813477,799.68603515625,1.0,910.8932658114724,304.8143686760857
880,0.103515625,-65.0300521850586,799.430358886719,1.0,908.6344157138163,302.9749979485467
881,0.103515625,-65.0564041137695,799.220336914062,1.0,917.2830973544404,312.13147683038267
882,0.1103515625,-65.0780181884766,799.046752929688,1.0,904.8379679599094,310.8923105706167
883,0.11328125,-65.093505859375,798.920837402344,1.0,922.6989909091284,312.7540659417107
884,0.109375,-65.1018829345703,798.851440429688,1.0,914.4224406161594,316.3913340081167
885,0.1083984375,-65.1040649414062,798.832397460938,1.0,965.2599650302224,436.9004282463987
886,0.1083984375,-65.1035537719727,798.835876464844,1.0,961.3162394442844,438.2381968010857
887,0.1103515625,-65.1027755737305,798.842407226562,1.0,988.0190592685034,556.5743784417107
888,0.111328125,-65.1024703979492,798.845397949219,1.0,987.3244181552224,548.5950998772577
889,0.111328125,-65.1026611328125,798.844299316406,1.0,951.6853800692844,498.5648874749137
890,0.11328125,-65.1031799316406,798.840393066406,1.0,929.0987711825663,474.8511118401487
891,0.115234375,-65.1038818359375,798.834777832031,1.0,921.0916911044404,473.2085642327267
892,0.11328125,-65.1047439575195,798.827453613281,1.0,947.9533244052224,434.74195046319466
893,0.1083984375,-65.105842590332,798.818115234375,1.0,738.9852457919404,354.69519753350767
894,0.1142578125,-65.1073532104492,798.805480957031,1.0,868.8523722567844,438.2224802483517
895,0.111328125,-65.1092071533203,798.790222167969,1.0,853.6141520419404,453.97635598077267
896,0.109375,-65.1117477416992,798.769287109375,1.0,872.7530070224094,375.3148569573357
897,0.11328125,-65.1160736083984,798.733642578125,1.0,885.2871867099094,310.7353281487417
898,0.1123046875,-65.1239471435547,798.668579101562,1.0,978.5387125888163,452.4091562737417
899,0.107421875,-65.1362838745117,798.566650390625,1.0,975.6386881747534,453.3914255608517
900,0.1083984375,-65.1545333862305,798.416809082031,1.0,977.7871867099094,447.2305063713987
901,0.1083984375,-65.1786270141602,798.219665527344,1.0,1005.8739787020974,451.7448191155387
902,0.115234375,-65.2105407714844,797.959106445312,1.0,1037.1140299716285,455.56894631280466
903,0.107421875,-65.24658203125,797.665283203125,1.0,1041.7179728427222,460.13489479913267
904,0.1064453125,-65.287841796875,797.329223632812,1.0,969.4837199130344,450.24805397881966
905,0.1083984375,-65.3355941772461,796.940246582031,1.0,973.1483927645974,444.2676157463987
906,0.107421875,-65.3888854980469,796.507873535156,1.0,981.2511759677224,441.3134226311637
907,0.107421875,-65.4481964111328,796.02978515625,1.0,985.2787638583474,441.7099070061637
908,0.107421875,-65.5142974853516,795.502868652344,1.0,981.2583170810034,441.8053354729607
909,0.10546875,-65.585075378418,794.945617675781,1.0,982.6223307528784,439.42124123467966
910,0.109375,-65.666633605957,794.312744140625,1.0,985.1886149325663,440.1588510979607
911,0.111328125,-65.7570648193359,793.623291015625,1.0,985.0337077060034,442.6014780510857
912,0.1123046875,-65.8564300537109,792.879821777344,1.0,980.4646159091284,441.6166452874137
913,0.111328125,-65.9642944335938,792.088928222656,1.0,981.5023966708474,442.3111032952267
914,0.107421875,-66.076286315918,791.284118652344,1.0,999.7744913974094,462.34989113702267
915,0.1123046875,-66.2040023803711,790.385192871094,1.0,998.6060343661594,469.9067759026487
916,0.109375,-66.3381576538086,789.461120605469,1.0,1002.0082560458474,494.57385964288267
917,0.1083984375,-66.4793319702148,788.509216308594,1.0,1002.8756266513163,495.74317116631966
918,0.111328125,-66.6357498168945,787.476318359375,1.0,998.3647013583474,495.5573191155387
919,0.109375,-66.798210144043,786.425720214844,1.0,998.6637736239724,496.3547129143667
920,0.1123046875,-66.97509765625,785.304809570312,1.0,956.6597453036594,436.42066140069466
921,0.1103515625,-67.1601867675781,784.153747558594,1.0,912.4341593661594,321.54331154717966
922,0.11328125,-67.363166809082,782.912780761719,1.0,917.7285319247534,300.8991159905387
923,0.11328125,-67.5768203735352,781.627136230469,1.0,936.8199015536594,349.89844460381966
924,0.107421875,-67.7909545898438,780.358093261719,1.0,989.9674845614724,459.44394631280466
925,0.10546875,-68.0093536376953,779.078063964844,1.0,988.5914469638163,469.1641306389767
926,0.1044921875,-68.2342224121094,777.76953125,1.0,987.7304850497534,470.7915415276487
927,0.1083984375,-68.4721527099609,776.392700195312,1.0,979.0258341708474,469.74622292413267
928,0.10546875,-68.7069091796875,775.040222167969,1.0,976.7052164950663,467.5177683342887
929,0.1142578125,-68.9644241333008,773.562377929688,1.0,973.2496500888163,468.3628611077267
930,0.10546875,-69.2069931030273,772.175659179688,1.0,974.5677042880344,470.50476784600767
931,0.1103515625,-69.459228515625,770.739624023438,1.0,976.6750651278784,457.8393930901487
932,0.1064453125,-69.7023696899414,769.361267089844,1.0,975.0091105380344,464.16712136163267
933,0.109375,-69.9525833129883,767.94921875,1.0,972.2821207919404,473.7113718499137
934,0.107421875,-70.1968536376953,766.576599121094,1.0,974.7885294833474,481.4831003655387
935,0.10546875,-70.4342041015625,765.246215820312,1.0,974.6677409091284,472.04227394952267
936,0.10546875,-70.6714477539062,763.917297363281,1.0,973.6648112216284,474.7921518792107
937,0.1044921875,-70.9046859741211,762.6103515625,1.0,940.3851481356904,300.4921335686637
938,0.1064453125,-71.1407165527344,761.286682128906,1.0,939.8305216708474,300.7030405510857
939,0.1220703125,-71.415153503418,759.746215820312,1.0,926.7107096591284,304.96076149835164
940,0.1171875,-71.680778503418,758.254272460938,1.0,944.0808878817844,413.89856667413267
941,0.1162109375,-71.9441070556641,756.772583007812,1.0,958.6197672763163,460.8717722405387
942,0.1181640625,-72.2143859863281,755.241333007812,1.0,961.1345988192844,457.85974831475767
943,0.1171875,-72.4800415039062,753.714538574219,1.0,954.0727091708474,453.9529489983517
944,0.1171875,-72.7401962280273,752.188781738281,1.0,958.6844645419404,455.4757456292107
945,0.1181640625,-72.9952850341797,750.647033691406,1.0,961.3764201083474,456.1571726311637
946,0.1162109375,-73.2387771606445,749.117736816406,1.0,963.0706339755344,456.49390358819466
947,0.1259765625,-73.4892578125,747.472595214844,1.0,934.4588175692844,417.4598764885857
948,0.1171875,-73.7124862670898,745.934997558594,1.0,915.2815104403784,363.1542429436637
949,0.1201171875,-73.9297103881836,744.366882324219,1.0,930.3534708895974,425.10752053155466
950,0.1220703125,-74.1394195556641,742.778869628906,1.0,949.0780192294404,463.5839304436637
951,0.1220703125,-74.3393630981445,741.183288574219,1.0,987.1260538974094,457.01697487725767
952,0.1015625,-74.4948120117188,739.867858886719,1.0,992.9481364169404,454.7186655510857
953,0.1005859375,-74.6394119262695,738.562622070312,1.0,993.9862223544404,453.47193093194466
954,0.123046875,-74.8012390136719,736.965759277344,1.0,998.1427775302224,438.1214060296017
955,0.1005859375,-74.919563293457,735.664916992188,1.0,1002.2665568270974,440.27713723077267
956,0.123046875,-75.0464782714844,734.079345703125,1.0,1013.6152506747534,438.38162941827267
957,0.103515625,-75.1376113891602,732.749938964844,1.0,1020.2486735263163,474.1471323479607
958,0.125,-75.2274932861328,731.14599609375,1.0,1040.1355143466285,476.5351328362417
959,0.1220703125,-75.2925415039062,729.586608886719,1.0,1053.4348917880384,478.59598488702267
960,0.1240234375,-75.3348846435547,728.013793945312,1.0,920.0238200106904,427.0073923577267
961,0.1220703125,-75.3531265258789,726.463500976562,1.0,915.7681437411594,386.8391794671017
962,0.125,-75.3483581542969,724.882385253906,1.0,915.8905192294404,303.2457499016717
963,0.1005859375,-75.3291854858398,723.615173339844,1.0,925.4571085849094,304.0858835686637
964,0.1240234375,-75.288948059082,722.048156738281,1.0,931.1295329013163,308.4933542717887
965,0.125,-75.2331848144531,720.482116699219,1.0,927.8306437411594,313.20004982842966
966,0.123046875,-75.165771484375,718.945556640625,1.0,929.9034586825663,316.08896584405466
967,0.1025390625,-75.1030197143555,717.674865722656,1.0,929.0014201083474,314.6731638421017
968,0.125,-75.0214385986328,716.1181640625,1.0,926.1497355380344,319.2311777581167
969,0.1240234375,-74.9398727416992,714.58349609375,1.0,890.9549113192844,453.1625742424917
970,0.125,-74.8591766357422,713.042114257812,1.0,894.6338053622534,460.85193581475767
971,0.123046875,-74.7812042236328,711.518432617188,1.0,891.1194621005344,403.50595803155466
972,0.103515625,-74.7164154052734,710.231872558594,1.0,910.3083659091284,300.03664345635866
973,0.1083984375,-74.6481094360352,708.895629882812,1.0,913.0953532138163,303.1022409905387
974,0.1044921875,-74.5769882202148,707.597900390625,1.0,925.6913004794404,312.7999643792107
975,0.1015625,-74.5000534057617,706.337036132812,1.0,919.7823038974094,309.4622263421017
976,0.1015625,-74.4134216308594,705.07861328125,1.0,921.2977457919404,305.29689736260866
977,0.1240234375,-74.2909545898438,703.520080566406,1.0,920.4464884677224,307.31970925225767
978,0.1015625,-74.1778869628906,702.243469238281,1.0,915.3344889560034,311.08286232842966
979,0.1240234375,-74.0237503051758,700.673828125,1.0,915.3727579989724,305.6391062249137
980,0.1044921875,-73.8820571899414,699.356018066406,1.0,900.3680582919404,366.8500742424917
981,0.103515625,-73.7286758422852,698.032409667969,1.0,842.3177042880344,467.7426523674917
982,0.1025390625,-73.5658645629883,696.723388671875,1.0,844.2316447177224,470.8725046624137
983,0.1240234375,-73.354606628418,695.147644042969,1.0,802.3830729403784,453.34217018975767
984,0.1015625,-73.1685562133789,693.855285644531,1.0,812.0067912020974,435.81473488702267
985,0.1259765625,-72.9208908081055,692.2490234375,1.0,924.5890055575663,328.2236093987417
986,0.1015625,-72.7077331542969,690.952697753906,1.0,924.1647501864724,300.89612526788267
987,0.1044921875,-72.4762649536133,689.619567871094,1.0,924.0225382724094,306.1645273674917
988,0.1259765625,-72.177848815918,687.997131347656,1.0,929.4126749911594,300.61780495538267
989,0.103515625,-71.9210510253906,686.67626953125,1.0,926.0665446200663,302.72516579522664
990,0.1015625,-71.6529693603516,685.361999511719,1.0,925.7662516513163,306.4570993889767
991,0.103515625,-71.3664779663086,684.022094726562,1.0,922.9077311435034,308.08084816827267
992,0.10546875,-71.0573883056641,682.642211914062,1.0,920.0361491122534,341.26230568780466
993,0.1103515625,-70.7169036865234,681.19189453125,1.0,925.8041544833474,305.1297983635857
994,0.11328125,-70.3502883911133,679.700073242188,1.0,930.5095377841284,304.8465952385857
995,0.1123046875,-69.9675521850586,678.208068847656,1.0,926.3021403231904,306.69397683038267
996,0.11328125,-69.5666198730469,676.7060546875,1.0,924.5772257724094,310.8941111077267
997,0.111328125,-69.1532287597656,675.213806152344,1.0,870.7642985263163,467.37265725030466
998,0.1103515625,-68.7237777709961,673.717041015625,1.0,866.0332194247534,470.69519753350767
999,0.11328125,-68.2699813842773,672.1875,1.0,873.1541911044404,468.9948496331167
1000,0.109375,-67.8153762817383,670.700805664062,1.0,913.8316203036594,425.8366159905387
1001,0.11328125,-67.329704284668,669.149780273438,1.0,912.8680582919404,426.00928444756966
1002,0.1123046875,-66.8414535522461,667.607482910156,1.0,912.4918375888163,358.2235483635857
1003,0.1142578125,-66.3437347412109,666.031494140625,1.0,922.8661051669404,322.4934763421017
1004,0.1220703125,-65.8167266845703,664.344970703125,1.0,921.6578532138163,314.43027443780466
1005,0.1201171875,-65.2972717285156,662.666259765625,1.0,928.8524332919404,309.1847910393667
1006,0.11328125,-64.8028717041016,661.068786621094,1.0,932.8340006747534,304.9179453362417
1007,0.115234375,-64.2923812866211,659.443298339844,1.0,925.1086588778784,303.34412331475767
1008,0.1142578125,-63.7732696533203,657.834899902344,1.0,808.1467448153784,451.95590920342966
1009,0.1162109375,-63.2214050292969,656.181396484375,1.0,806.9427042880344,451.43860573663267
1010,0.11328125,-62.6658515930176,654.573486328125,1.0,803.3413859286594,452.76151223077267
1011,0.1162109375,-62.0779876708984,652.925720214844,1.0,896.6145182528784,391.8932871331167
1012,0.1142578125,-61.4819946289062,651.304626464844,1.0,896.4002238192844,397.6336130608517
1013,0.1142578125,-60.8712615966797,649.690734863281,1.0,929.3781290927224,313.7266306389767
1014,0.12109375,-60.200366973877,647.970886230469,1.0,931.4037028231904,311.9591745842887
1015,0.126953125,-59.4696578979492,646.160949707031,1.0,935.6266032138163,312.13648171319466
1016,0.1162109375,-58.7855262756348,644.525695800781,1.0,932.3371745028784,318.8655466546017
1017,0.119140625,-58.0582962036133,642.847900390625,1.0,884.6684733310034,404.79233498467966
1018,0.1171875,-57.3140640258789,641.19140625,1.0,885.4507609286594,406.0453562249137
1019,0.1171875,-56.5478935241699,639.54541015625,1.0,908.1574259677224,365.3360056389767
1020,0.1142578125,-55.7778282165527,637.946350097656,1.0,926.1845866122534,306.5042185296017
1021,0.1171875,-54.964729309082,636.313537597656,1.0,926.7058878817844,310.91776223077267
1022,0.1142578125,-54.1427345275879,634.716369628906,1.0,921.6545573153784,312.9022898186637
1023,0.1181640625,-53.262279510498,633.058410644531,1.0,929.5451823153784,310.3525766838987
1024,0.11328125,-52.3720550537109,631.428344726562,1.0,929.1982584872534,309.24268288506966
1025,0.1123046875,-51.464714050293,629.802795410156,1.0,913.3038493075663,373.2812876213987
1026,0.109375,-50.5582809448242,628.198913574219,1.0,881.3778239169404,459.7320932854607
1027,0.11328125,-49.6075820922852,626.524047851562,1.0,887.1536417880344,454.7748178948357
1028,0.107421875,-48.7055320739746,624.934814453125,1.0,882.1300822177224,469.4939646233517
1029,0.111328125,-47.7695922851562,623.282104492188,1.0,861.2057047763163,467.91443581475767
1030,0.1083984375,-46.8532638549805,621.664733886719,1.0,843.6856242099094,417.50400490655466
1031,0.111328125,-45.9064064025879,620.010131835938,1.0,918.2639323153784,251.13043923272667
1032,0.1123046875,-44.9312286376953,618.343078613281,1.0,917.4859782138163,320.4943308342887
1033,0.1142578125,-43.9079246520996,616.64599609375,1.0,913.7293864169404,324.94422097100767
1034,0.111328125,-42.8882484436035,615.012145996094,1.0,918.0328532138163,316.70194191827267
1035,0.11328125,-41.8270645141602,613.369140625,1.0,920.4486246981904,312.6921152581167
1036,0.1142578125,-40.7250709533691,611.717590332031,1.0,917.4135905185034,313.7416758049917
1037,0.11328125,-39.6107902526855,610.096984863281,1.0,914.2698527255344,314.3854135979607
1038,0.107421875,-38.5392303466797,608.580627441406,1.0,915.8290568270974,309.27353615655466
1039,0.111328125,-37.4186325073242,607.036743164062,1.0,919.9560709872534,315.57923073663267
1040,0.107421875,-36.3244094848633,605.569641113281,1.0,922.2832804599094,337.50513405694466
1041,0.1103515625,-35.1847343444824,604.083618164062,1.0,915.2055216708474,484.5617136467887
1042,0.1123046875,-34.0192108154297,602.606628417969,1.0,928.9196940341284,486.7736277092887
1043,0.1103515625,-32.8491859436035,601.165588378906,1.0,941.8963786044404,483.72470803155466
1044,0.1083984375,-31.6977863311768,599.785766601562,1.0,946.9196940341284,479.51254982842966
1045,0.109375,-30.5266990661621,598.418640136719,1.0,955.5833903231904,480.1708750237417
1046,0.1064453125,-29.3653831481934,597.097045898438,1.0,959.4322062411594,482.75012917413267
1047,0.1083984375,-28.1843700408936,595.786865234375,1.0,964.7397623935034,485.58997292413267
1048,0.109375,-26.9808216094971,594.484008789062,1.0,975.7798624911594,488.0465464104607
1049,0.111328125,-25.7450885772705,593.178527832031,1.0,988.4056559481904,485.3991465081167
1050,0.107421875,-24.5478000640869,591.942687988281,1.0,986.9586954989724,486.21631569756966
1051,0.107421875,-23.3427715301514,590.726257324219,1.0,1003.5449381747534,490.8514780510857
1052,0.109375,-22.1137466430664,589.5126953125,1.0,1008.4294596591284,485.01526589288267
1053,0.119140625,-20.7645893096924,588.210876464844,1.0,961.6294718661594,354.3205027092887
1054,0.1201171875,-19.402759552002,586.928039550781,1.0,926.1309977450663,315.7300486077267
1055,0.119140625,-18.0385704040527,585.67333984375,1.0,928.4935465731904,305.9083628167107
1056,0.1181640625,-16.6874542236328,584.459106445312,1.0,927.0856486239724,303.0136789788197
1057,0.12109375,-15.292459487915,583.232360839844,1.0,925.8703776278784,310.9415659417107
1058,0.1162109375,-13.9523868560791,582.075256347656,1.0,914.5786295810034,317.1678843010857
1059,0.115234375,-12.6283359527588,580.9462890625,1.0,930.1268473544404,427.3082956780387
1060,0.111328125,-11.3571481704712,579.867431640625,1.0,922.2431803622534,458.7262339104607
1061,0.1142578125,-10.0616331100464,578.764709472656,1.0,913.5847330966284,456.8536753167107
1062,0.123046875,-8.67855834960938,577.575500488281,1.0,915.5191203036594,304.0457071770627
1063,0.11328125,-7.42336702346802,576.480834960938,1.0,922.3495036044404,301.3431620110467
1064,0.1103515625,-6.215407371521,575.414916992188,1.0,917.8413859286594,298.5628275383907
1065,0.11328125,-4.97400426864624,574.314636230469,1.0,920.2071085849094,298.1303019036247
1066,0.1103515625,-3.77597332000732,573.259704589844,1.0,920.8076945224094,292.8548960198357
1067,0.111328125,-2.56922721862793,572.213928222656,1.0,851.2547770419404,453.4354929436637
1068,0.11328125,-1.34170067310333,571.172790527344,1.0,855.1413126864724,453.29331154717966
1069,0.115234375,-0.0790804624557495,570.126647949219,1.0,896.1927042880344,433.4943308342887
1070,0.1103515625,1.12184751033783,569.1513671875,1.0,897.2824259677224,431.0190195549917
1071,0.1123046875,2.35232019424438,568.167236328125,1.0,898.2143717685034,436.36597390069466
1072,0.1103515625,3.55707144737244,567.215515136719,1.0,909.9830485263163,433.33035988702267
1073,0.1103515625,4.76370286941528,566.272644042969,1.0,914.8826456942844,434.69238991631966
1074,0.1123046875,5.98810577392578,565.327575683594,1.0,910.7363444247534,425.99228615655466
1075,0.111328125,7.19018459320068,564.413330078125,1.0,965.4091959872534,425.74317116631966
1076,0.109375,8.38549518585205,563.519592285156,1.0,969.7220621981904,428.8522715081167
1077,0.115234375,9.63748168945312,562.601196289062,1.0,923.7873698153784,386.9191660393667
1078,0.115234375,10.8992795944214,561.694702148438,1.0,927.0543986239724,390.71030373467966
1079,0.1181640625,12.1788063049316,560.794677734375,1.0,924.1475382724094,417.64112038506966
1080,0.1142578125,13.4254083633423,559.936462402344,1.0,927.0822916903784,425.75662941827267
1081,0.1142578125,14.6800289154053,559.091796875,1.0,867.1296549716284,485.2105173577267
1082,0.1142578125,15.9236793518066,558.273803710938,1.0,863.8243571200663,485.1616587151487
1083,0.115234375,17.1874523162842,557.462463378906,1.0,869.6102457919404,482.28394265069466
1084,0.111328125,18.3968925476074,556.704956054688,1.0,837.4679118075663,548.5248789299917
1085,0.11328125,19.6089153289795,555.963500976562,1.0,852.7172404208474,556.4559092034297
1086,0.115234375,20.8149242401123,555.242980957031,1.0,847.8517619052224,557.6739878167107
1087,0.115234375,22.0112190246582,554.544311523438,1.0,815.7649088778784,489.0654978264767
1088,0.115234375,23.1700248718262,553.882446289062,1.0,823.1323405185034,490.84046120538267
1089,0.1142578125,24.3279552459717,553.235168457031,1.0,907.8911906161594,456.0884165276487
1090,0.1123046875,25.4548511505127,552.618225097656,1.0,842.7506266513163,469.67224831475767
1091,0.1142578125,26.6049575805664,552.001770019531,1.0,851.4566813388163,466.7085642327267
1092,0.1142578125,27.7413578033447,551.405517578125,1.0,868.4199381747534,451.02466530694466
1093,0.1171875,28.8998966217041,550.810668945312,1.0,897.0824137606904,443.21851296319466
1094,0.1162109375,30.0482387542725,550.233947753906,1.0,893.4071207919404,436.89807839288267
1095,0.1171875,31.2016315460205,549.667419433594,1.0,899.8681803622534,435.5796579827267
1096,0.1162109375,32.3295059204102,549.124572753906,1.0,912.6739054599094,361.02304787530466
1097,0.119140625,33.4816818237305,548.577392578125,1.0,923.5778361239724,308.7536386956167
1098,0.11328125,34.572093963623,548.060485839844,1.0,933.0233927645974,303.05272622003065
1099,0.115234375,35.6593894958496,547.540649414062,1.0,839.3625040927224,500.07556862725767
1100,0.11328125,36.728515625,547.021179199219,1.0,840.4597941317844,493.21494240655466
1101,0.1171875,37.8075714111328,546.487548828125,1.0,816.2664347567844,481.38001198663267
1102,0.1123046875,38.8440933227539,545.967102050781,1.0,811.2188883700663,478.4485544671017
1103,0.1171875,39.9030990600586,545.431579589844,1.0,811.6600504794404,482.37967629327267
1104,0.11328125,40.9239273071289,544.917053222656,1.0,805.6569376864724,473.9589609612417
1105,0.1142578125,41.9435157775879,544.409790039062,1.0,807.3508463778784,478.9140390862417
1106,0.1171875,42.9868392944336,543.899475097656,1.0,809.2016154208474,480.84241433038267
1107,0.1181640625,44.0282363891602,543.399230957031,1.0,814.3703776278784,480.8926157463987
1108,0.1123046875,45.0138092041016,542.932861328125,1.0,814.9385538974094,477.1391977776487
1109,0.1142578125,46.0136566162109,542.465454101562,1.0,882.7188883700663,364.39453835381966
1110,0.1123046875,46.9883995056152,542.014587402344,1.0,906.2994547763163,329.3703073967887
1111,0.115234375,47.9875526428223,541.557312011719,1.0,933.6909953036594,301.6868814934687
1112,0.11328125,48.9684982299805,541.113647460938,1.0,932.8789835849094,304.0420755852657
1113,0.115234375,49.9596557617188,540.672058105469,1.0,931.0587931552224,296.7164530266717
1114,0.111328125,50.9284362792969,540.247924804688,1.0,933.1883707919404,305.73837990655466
1115,0.115234375,51.9145278930664,539.824768066406,1.0,929.9635172763163,306.23767800225767
1116,0.109375,52.8657379150391,539.425231933594,1.0,931.0075236239724,310.4455027092887
1117,0.111328125,53.8250274658203,539.030944824219,1.0,926.9981242099094,307.9501718987417
1118,0.111328125,54.7838363647461,538.645324707031,1.0,932.9718790927224,350.3296579827267
1119,0.111328125,55.7501487731934,538.264953613281,1.0,939.4577189364724,466.73889870538267
1120,0.1103515625,56.7058486938477,537.896728515625,1.0,1061.2329264560085,314.34680886163267
1121,0.115234375,57.6992797851562,537.522155761719,1.0,1223.4629069247485,52.306547116179665
1122,0.115234375,58.7032051086426,537.151794433594,1.0,1313.3725748935085,-30.980660010437717
1123,0.115234375,59.7109413146973,536.787780761719,1.0,1280.3701334872485,14.93624062432788
1124,0.111328125,60.6831703186035,536.443786621094,1.0,907.0571452060034,443.53955788506966
1125,0.1103515625,61.6529579162598,536.10791015625,1.0,909.3867960849094,446.22339577569466
1126,0.1123046875,62.638599395752,535.774353027344,1.0,927.4663248935034,332.0137094963987
1127,0.1123046875,63.6247444152832,535.449096679688,1.0,927.3512125888163,323.22022194756966
1128,0.109375,64.5917892456055,535.138732910156,1.0,938.2746134677224,310.5597300042107
1129,0.1162109375,65.6108016967773,534.821044921875,1.0,966.3560954013163,386.8612741936637
1130,0.115234375,66.6282196044922,534.513732910156,1.0,1038.5670939364722,500.8287729729607
1131,0.119140625,67.6844253540039,534.204772949219,1.0,1046.3307658114722,498.17749733819466
1132,0.12109375,68.7590942382812,533.900512695312,1.0,1032.6533976474093,487.9375376213987
1133,0.12109375,69.8449554443359,533.602844238281,1.0,1042.6634684481905,484.8024057854607
1134,0.1201171875,70.928092956543,533.315551757812,1.0,934.4082804599094,281.6202311028437
1135,0.1220703125,72.0377731323242,533.031066894531,1.0,938.5658732333474,339.65222878350767
1136,0.12109375,73.1544723510742,532.755187988281,1.0,917.0546427645974,311.93396706475767
1137,0.123046875,74.2945709228516,532.484069824219,1.0,921.0658732333474,310.2028574456167
1138,0.1201171875,75.4258117675781,532.2255859375,1.0,920.7954874911594,311.8915171135857
1139,0.1201171875,76.5845260620117,531.971618652344,1.0,929.3793497958474,321.2250742424917
1140,0.119140625,77.7328338623047,531.730651855469,1.0,928.1689005770974,333.28348488702267
1141,0.123046875,78.9481582641602,531.487060546875,1.0,882.0168009677224,489.73877663506966
1142,0.1201171875,80.1413192749023,531.259094238281,1.0,887.0633707919404,489.8388132561637
1143,0.123046875,81.3763961791992,531.034118652344,1.0,904.8331461825663,381.6463083733517
1144,0.1220703125,82.6188278198242,530.817810058594,1.0,917.3886881747534,318.55921120538267
1145,0.1220703125,83.876106262207,530.60791015625,1.0,920.5236979403784,313.96070046319466
1146,0.1171875,85.0911331176758,530.412231445312,1.0,930.8010416903784,316.4240488518667
1147,0.1201171875,86.3412399291992,530.217102050781,1.0,925.4718180575663,317.0537790764767
1148,0.119140625,87.6027450561523,530.026245117188,1.0,923.9439860263163,312.85477394952267
1149,0.1259765625,88.9343566894531,529.83154296875,1.0,892.7765055575663,477.5045847405387
1150,0.119140625,90.2080535888672,529.651794433594,1.0,893.9153605380344,345.9450144280387
1151,0.12109375,91.5157241821289,529.473876953125,1.0,779.4347086825663,415.9191660393667
1152,0.11328125,92.7463302612305,529.311218261719,1.0,894.9632731356904,472.1953806389767
1153,0.115234375,94.0026702880859,529.14892578125,1.0,894.0025797763163,477.85410256280466
1154,0.1142578125,95.2634429931641,528.989990234375,1.0,904.1322794833474,483.84897560967966
1155,0.115234375,96.5408554077148,528.833679199219,1.0,905.7449503817844,482.0037302483517
1156,0.1171875,97.8478775024414,528.680480957031,1.0,909.3045817294404,298.32575173272664
1157,0.1142578125,99.1362686157227,528.537780761719,1.0,909.5274821200663,298.1650461663197
1158,0.111328125,100.39705657959,528.407165527344,1.0,921.1136027255344,314.65360207452267
1159,0.11328125,101.699729919434,528.281677246094,1.0,1299.4372721591285,211.71298928155468
1160,0.1142578125,103.029693603516,528.162902832031,1.0,1323.7669840731883,204.02367348565568
1161,0.11328125,104.363784790039,528.052795410156,1.0,1153.1889811435085,332.4772104729607
1162,0.1123046875,105.70711517334,527.950622558594,1.0,945.8312540927224,462.85413308038267
1163,0.115234375,107.093185424805,527.854187011719,1.0,948.6390543856904,468.18018288506966
1164,0.1103515625,108.44612121582,527.768493652344,1.0,951.1659098544404,466.21106667413267
1165,0.1162109375,109.874099731445,527.686096191406,1.0,953.9706583895974,467.2261423577267
1166,0.1162109375,111.311988830566,527.610656738281,1.0,958.8022623935034,467.8536753167107
1167,0.1123046875,112.726303100586,527.543212890625,1.0,893.5394450106904,323.37354226006966
1168,0.1123046875,114.127052307129,527.483459472656,1.0,898.1471720614724,320.48450417413267
1169,0.111328125,115.517471313477,527.431335449219,1.0,921.8769694247534,482.4018320549917
1170,0.1123046875,116.914611816406,527.38671875,1.0,927.8614664950663,473.24936623467966
1171,0.11328125,118.302040100098,527.350463867188,1.0,928.3263102450663,458.5338510979607
1172,0.1064453125,119.60425567627,527.323547363281,1.0,928.7608805575663,458.78699440850767
1173,0.1103515625,120.937934875488,527.30322265625,1.0,929.1439982333474,463.41321511163267
1174,0.1103515625,122.261375427246,527.289489746094,1.0,1014.5996256747534,481.3748239983517
1175,0.1123046875,123.589790344238,527.282104492188,1.0,1020.8751994052224,482.4343943108517
1176,0.11328125,124.918045043945,527.280944824219,1.0,906.6163493075663,303.97742409600767
1177,0.1123046875,126.228462219238,527.28564453125,1.0,906.8714152255344,305.2863230217887
1178,0.1142578125,127.538986206055,527.295471191406,1.0,949.2206583895974,429.5189890374137
1179,0.1142578125,128.842529296875,527.307739257812,1.0,959.8860026278784,471.5939402092887
1180,0.1123046875,130.118667602539,527.319885253906,1.0,964.7902384677224,460.79102272881966
1181,0.1142578125,131.388748168945,527.330810546875,1.0,968.8894205966284,453.67362160577267
1182,0.1103515625,132.61491394043,527.339233398438,1.0,966.3592081942844,450.60459084405466
1183,0.111328125,133.81787109375,527.345275878906,1.0,966.3494425692844,457.3820261467887
1184,0.109375,134.982467651367,527.349975585938,1.0,966.9000407138163,461.2129282463987
1185,0.107421875,136.083023071289,527.354248046875,1.0,963.6349650302224,455.80908913506966
1186,0.1064453125,137.152236938477,527.359130859375,1.0,961.4228068270974,454.04087014092966
1187,0.107421875,138.185241699219,527.364990234375,1.0,962.7652140536594,453.6122812737417
1188,0.10546875,139.162490844727,527.372009277344,1.0,964.5262003817844,457.06153054131966
1189,0.107421875,140.104721069336,527.380310058594,1.0,963.4580241122534,453.04038185967966
1190,0.1083984375,141.020736694336,527.389831542969,1.0,969.6886149325663,453.6347116936637
1191,0.111328125,141.896926879883,527.400329589844,1.0,973.9178629794404,456.81018776788267
1192,0.1083984375,142.678588867188,527.410705566406,1.0,974.0396891513163,457.1786875237417
1193,0.109375,143.396820068359,527.421325683594,1.0,978.0043497958474,458.02808327569466
1194,0.109375,144.045043945312,527.431701660156,1.0,977.4317179599094,448.4701303948357
1195,0.109375,144.639663696289,527.441833496094,1.0,979.0009318270974,444.67899269952267
1196,0.109375,145.186462402344,527.451721191406,1.0,982.4130412020974,452.2698435296017
1197,0.109375,145.709716796875,527.461242675781,1.0,988.7213297763163,445.8707956780387
1198,0.1103515625,146.23567199707,527.470520019531,1.0,961.3595133700663,431.1262888421017
1199,0.1083984375,146.747802734375,527.479248046875,1.0,943.5565348544404,420.03589577569466
1200,0.109375,147.255722045898,527.487854003906,1.0,934.8816691317844,328.81992287530466
1201,0.1142578125,147.78076171875,527.496459960938,1.0,930.1868449130344,321.64844460381966
1202,0.1142578125,148.296966552734,527.505126953125,1.0,932.5410929599094,321.77942604913267
1203,0.1123046875,148.792861938477,527.513488769531,1.0,937.4743204989724,373.34717507256966
1204,0.107421875,149.275177001953,527.521728515625,1.0,961.6083537020974,433.5102915276487
1205,0.10546875,149.761932373047,527.529968261719,1.0,960.0151530185034,437.28101296319466
1206,0.109375,150.305114746094,527.539184570312,1.0,965.1906901278784,435.5785898674917
1207,0.1103515625,150.899429321289,527.549133300781,1.0,966.1161662020974,431.01572365655466
1208,0.107421875,151.528533935547,527.559326171875,1.0,958.2633829989724,432.7106394280387
1209,0.107421875,152.19792175293,527.570068359375,1.0,962.9871378817844,434.48511452569466
1210,0.107421875,152.880187988281,527.580749511719,1.0,957.2407389560034,426.9610971917107
1211,0.1044921875,153.558334350586,527.591186523438,1.0,962.0832682528784,431.53153176202267
1212,0.1044921875,154.227737426758,527.601379394531,1.0,964.2578287997534,429.81772560967966
1213,0.107421875,154.919036865234,527.611633300781,1.0,926.0220499911594,334.41651101006966
1214,0.1064453125,155.602920532227,527.621704101562,1.0,925.9490519442844,333.9184030999137
1215,0.1103515625,156.30403137207,527.6318359375,1.0,967.5567179599094,422.87085671319466
1216,0.1064453125,156.977645874023,527.641296386719,1.0,971.7840128817844,432.6384043206167
1217,0.111328125,157.655014038086,527.650390625,1.0,973.8472453036594,428.5524363030387
1218,0.1064453125,158.274856567383,527.658325195312,1.0,971.4274454989724,428.6266550530387
1219,0.1083984375,158.869079589844,527.665405273438,1.0,984.1269694247534,427.9596933831167
1220,0.107421875,159.41667175293,527.671630859375,1.0,929.8767252841284,451.40503640069466
1221,0.1083984375,159.90739440918,527.676940917969,1.0,864.4351359286594,485.59961647881966
1222,0.107421875,160.321258544922,527.68115234375,1.0,856.7708292880344,489.41529030694466
1223,0.107421875,160.657623291016,527.684753417969,1.0,858.5881510653784,475.0791697014767
1224,0.1083984375,160.912231445312,527.687438964844,1.0,863.7071696200663,476.57801003350767
1225,0.111328125,161.079833984375,527.689392089844,1.0,872.3619547763163,471.37137551202267
1226,0.107421875,161.150909423828,527.690246582031,1.0,882.4806071200663,469.67050881280466
1227,0.1083984375,161.154266357422,527.690307617188,1.0,835.2142496981904,474.26035256280466
1228,0.107421875,161.143218994141,527.690246582031,1.0,784.1157389560034,475.73059792413267
1229,0.1064453125,161.134353637695,527.690246582031,1.0,789.4658976474094,476.93579811944466
1230,0.107421875,161.132873535156,527.690185546875,1.0,782.2700358310034,468.4166941155387
1231,0.107421875,161.136413574219,527.690185546875,1.0,785.1401530185034,458.17603249444466
1232,0.107421875,161.141647338867,527.690246582031,1.0,784.8092204013163,461.09863991631966
1233,0.1064453125,161.147430419922,527.690246582031,1.0,786.6076823153784,459.3471445549917
1234,0.1044921875,161.154296875,527.690185546875,1.0,997.0359049716284,440.19434304131966
1235,0.1064453125,161.16357421875,527.690185546875,1.0,999.0215617099094,442.8112558831167
1236,0.107421875,161.175704956055,527.6904296875,1.0,1005.2882853427224,442.78574318780466
1237,0.1083984375,161.190826416016,527.690795898438,1.0,1006.0685587802224,446.38562722100767
1238,0.1044921875,161.209091186523,527.691101074219,1.0,1013.0639201083474,446.4413218010857
1239,0.1123046875,161.239395141602,527.691589355469,1.0,1094.3172770419383,421.7606577385857
1240,0.1083984375,161.298095703125,527.692626953125,1.0,1091.8554850497485,416.97397560967966
1241,0.109375,161.404998779297,527.694519042969,1.0,1094.2848063388183,418.8517832268667
1242,0.1044921875,161.554382324219,527.697326660156,1.0,1084.0106364169383,408.1480173577267
1243,0.1044921875,161.749557495117,527.701110839844,1.0,1085.7663737216285,402.6107553948357
1244,0.107421875,161.997863769531,527.706176757812,1.0,1091.7153483310085,396.30017800225767
1245,0.1064453125,162.289733886719,527.712341308594,1.0,1093.5273600497485,403.4491953362417
1246,0.10546875,162.623992919922,527.719848632812,1.0,1094.4135905185085,426.4806284417107
1247,0.1064453125,163.01042175293,527.72900390625,1.0,1097.3722086825683,426.2963633049917
1248,0.109375,163.451797485352,527.740051269531,1.0,1103.0040446200683,425.2891306389767
1249,0.1064453125,163.930541992188,527.752868652344,1.0,1109.0321207919383,420.8770212639767
1250,0.10546875,164.448822021484,527.767578125,1.0,1276.4819498935085,433.8908457268667
1251,0.1064453125,165.022094726562,527.784790039062,1.0,1286.9655924716285,431.58435768975767
1252,0.1025390625,165.610473632812,527.802551269531,1.0,1298.3615885653785,429.0468515862417
1253,0.1015625,166.244125366211,527.820495605469,1.0,1319.6100016513183,229.14531655206267
1254,0.1044921875,166.933410644531,527.836791992188,1.0,1467.2518473544383,367.03720803155466
1255,0.1044921875,167.668762207031,527.848510742188,1.0,1483.9066325106883,398.97388405694466
1256,0.1005859375,168.424255371094,527.851196289062,1.0,1464.2237711825683,402.7614511956167
1257,0.103515625,169.225830078125,527.8388671875,1.0,1560.4588786044383,441.1339487542107
1258,0.1259765625,170.188812255859,527.794921875,1.0,1531.2912760653785,390.73496193780466
1259,0.1064453125,170.954864501953,527.728088378906,1.0,1464.8603678622485,362.0881113518667
1260,0.10546875,171.697906494141,527.628234863281,1.0,1545.3032389560085,506.0133738030387
1261,0.109375,172.460540771484,527.484375,1.0,1519.9474039950683,380.5427011956167
1262,0.1064453125,173.181762695312,527.304260253906,1.0,1540.0352946200683,380.5751108635857
1263,0.1083984375,173.882720947266,527.083068847656,1.0,1528.6125651278785,373.4906992424917
1264,0.107421875,174.556304931641,526.822937011719,1.0,1508.1766520419383,386.4315561760857
1265,0.111328125,175.230682373047,526.511047363281,1.0,1634.8491373935085,403.92053933038267
1266,0.1103515625,175.854568481445,526.168395996094,1.0,1600.0576334872485,396.1741404046017
1267,0.111328125,176.442977905273,525.787658691406,1.0,1538.9232340731883,467.4970468987417
1268,0.1103515625,176.99201965332,525.374389648438,1.0,1505.4044352450683,473.3245310296017
1269,0.1181640625,177.541198730469,524.895263671875,1.0,1633.1079264560085,401.8881601799917
1270,0.1142578125,178.020202636719,524.412658691406,1.0,1598.5638590731883,414.1062693108517
1271,0.1171875,178.471420288086,523.890563964844,1.0,1563.0778971591285,417.88758034600767
1272,0.1171875,178.881866455078,523.3447265625,1.0,1553.1114664950683,532.2655405510857
1273,0.119140625,179.251831054688,522.777099609375,1.0,1509.6772623935085,424.60526223077267
1274,0.1162109375,179.573089599609,522.204406738281,1.0,1532.4085856356883,435.61682839288267
1275,0.1162109375,179.858947753906,521.605285644531,1.0,1497.2037516513183,443.9998239983517
1276,0.115234375,180.099594116211,521.000183105469,1.0,1453.4062662997485,450.19116921319466
1277,0.115234375,180.297409057617,520.382934570312,1.0,1416.2744303622485,456.4502634514767
1278,0.1083984375,180.444686889648,519.791320800781,1.0,972.0459757724094,470.02942604913267
1279,0.1083984375,180.554107666016,519.188232421875,1.0,1231.3081217685085,438.9677500237417
1280,0.10546875,180.622451782227,518.609313964844,1.0,1207.8230143466285,439.2531198967887
1281,0.109375,180.657196044922,518.002685546875,1.0,1164.5920573153785,438.5872263421017
1282,0.107421875,180.65869140625,517.405029296875,1.0,911.2741862216284,659.6528696526486
1283,0.1064453125,180.633834838867,516.808471679688,1.0,1139.8805094638183,430.3540720452267
1284,0.1025390625,180.590637207031,516.226196289062,1.0,1004.8778239169404,420.9583200921017
1285,0.1083984375,180.531234741211,515.60546875,1.0,1045.3289957919405,425.5542368401487
1286,0.10546875,180.466323852539,514.994384765625,1.0,1054.0862589755384,404.7230600823357
1287,0.1044921875,180.399642944336,514.372619628906,1.0,1032.4403849520972,406.1005320061637
1288,0.103515625,180.335021972656,513.743103027344,1.0,1016.9988566317844,406.3540720452267
1289,0.103515625,180.272079467773,513.0859375,1.0,998.0340128817844,422.7320932854607
1290,0.1025390625,180.209884643555,512.403625488281,1.0,1010.4663248935034,415.2413706292107
1291,0.10546875,180.144515991211,511.665618896484,1.0,969.4300700106904,449.7992624749137
1292,0.1025390625,180.079711914062,510.914642333984,1.0,967.0839396395974,452.67835183038267
1293,0.103515625,180.012969970703,510.122009277344,1.0,967.2310954013163,454.0771250237417
1294,0.103515625,179.946212768555,509.305572509766,1.0,964.6355753817844,458.2997812737417
1295,0.10546875,179.876602172852,508.435089111328,1.0,964.2544108310034,455.9177927483517
1296,0.1044921875,179.805145263672,507.539031982422,1.0,973.0402384677224,446.27954811944466
1297,0.1044921875,179.729263305664,506.608917236328,1.0,968.4940958895974,448.72391457452267
1298,0.1015625,179.649307250977,505.675354003906,1.0,960.2950602450663,296.7425455559687
1299,0.10546875,179.559234619141,504.681915283203,1.0,985.9012614169404,317.2017282952267
1300,0.119140625,179.446762084961,503.517364501953,1.0,987.2633219638163,461.0617136467887
1301,0.109375,179.334320068359,502.408172607422,1.0,1016.2711954989724,478.0629648674917
1302,0.10546875,179.217712402344,501.284210205078,1.0,1025.8406535067843,475.8843149651487
1303,0.10546875,179.096832275391,500.116424560547,1.0,1024.4369669833472,477.8452829827267
1304,0.1025390625,178.976486206055,498.924896240234,1.0,995.1192789950663,434.49060768975767
1305,0.1064453125,178.854644775391,497.655151367188,1.0,966.5365153231904,385.9042124260857
1306,0.103515625,178.742050170898,496.388854980469,1.0,1324.3772135653785,248.08643288506968
1307,0.103515625,178.636932373047,495.086120605469,1.0,1320.6228190341285,238.41350502862468
1308,0.1064453125,178.540008544922,493.737915039062,1.0,1229.7297526278785,295.96361489190565
1309,0.1064453125,178.45361328125,492.35791015625,1.0,965.9152995028784,430.06604714288267
1310,0.10546875,178.380172729492,490.964965820312,1.0,970.2322550692844,434.20679421319466
1311,0.1201171875,178.312454223633,489.353363037109,1.0,968.3136149325663,420.1330027092887
1312,0.119140625,178.260955810547,487.723236083984,1.0,928.7143107333474,313.74735207452267
1313,0.1201171875,178.223419189453,486.056976318359,1.0,1128.9503336825683,252.44991249932767
1314,0.119140625,178.197692871094,484.381713867188,1.0,1316.5123454013183,201.74295754327267
1315,0.119140625,178.182052612305,482.710357666016,1.0,1310.9013834872485,194.90581459893767
1316,0.1171875,178.175598144531,481.083374023438,1.0,1315.9763346591285,195.12636513604667
1317,0.1201171875,178.175369262695,479.440521240234,1.0,1317.7459879794383,195.78099770440568
1318,0.115234375,178.176406860352,477.879333496094,1.0,1316.9882975497485,196.07427163018767
1319,0.1181640625,178.173782348633,476.292999267578,1.0,985.8360148349094,280.59157509698366
1320,0.115234375,178.164520263672,474.756561279297,1.0,990.7674723544404,290.32059426202267
1321,0.1162109375,178.147521972656,473.221862792969,1.0,952.8808756747534,361.1713022698357
1322,0.1162109375,178.125717163086,471.705963134766,1.0,938.1892863192844,418.4455332268667
1323,0.1181640625,178.102310180664,470.182159423828,1.0,928.7302409091284,413.3047556389767
1324,0.115234375,178.080795288086,468.702697753906,1.0,933.4734660067844,282.4975351799917
1325,0.1171875,178.062850952148,467.223419189453,1.0,933.1909953036594,344.4322885979607
1326,0.1162109375,178.05046081543,465.768646240234,1.0,927.0633097567844,341.30799050225767
1327,0.1181640625,178.043640136719,464.293640136719,1.0,928.5315104403784,339.36560768975767
1328,0.1181640625,178.042327880859,462.842559814453,1.0,924.7274332919404,346.73291726006966
1329,0.1181640625,178.046142578125,461.406188964844,1.0,811.2036906161594,311.32840676202267
1330,0.1162109375,178.054656982422,460.011901855469,1.0,499.1388407626444,334.46802468194466
1331,0.1015625,178.065994262695,458.792816162109,1.0,498.10517987397236,334.2512888421017
1332,0.12890625,178.084396362305,457.267333984375,1.0,756.5282145419404,-183.74033408270333
1333,0.12890625,178.105926513672,455.753509521484,1.0,878.9763956942844,300.31294960870264
1334,0.1240234375,178.12858581543,454.316772460938,1.0,883.0507975497534,299.99152321710164
1335,0.125,178.153015136719,452.869140625,1.0,915.9796305575663,279.9872049797967
1336,0.125,178.178619384766,451.446868896484,1.0,920.6298380770974,285.9020304192497
1337,0.1279296875,178.206527709961,450.000610351562,1.0,521.5401774325665,336.78247780694466
1338,0.1279296875,178.236206054688,448.568054199219,1.0,554.2518778720193,340.80429787530466
1339,0.1171875,178.264831542969,447.26416015625,1.0,553.9341593661594,338.0204538811637
1340,0.1015625,178.289581298828,446.154541015625,1.0,742.1062785067844,372.20926613702267
1341,0.1328125,178.321685791016,444.696746826172,1.0,888.1653605380344,404.52259011163267
1342,0.1015625,178.344985961914,443.597717285156,1.0,665.3570109286594,395.5912241448357
1343,0.1318359375,178.373352050781,442.184295654297,1.0,683.0888834872534,398.25122780694466
1344,0.1005859375,178.393585205078,441.109466552734,1.0,672.7651530185034,387.9274668206167
1345,0.103515625,178.413223266602,440.013244628906,1.0,680.9633341708474,396.29236550225767
1346,0.1064453125,178.432205200195,438.902404785156,1.0,938.9713297763163,442.79761452569466
1347,0.1025390625,178.449859619141,437.825805664062,1.0,938.1679240145974,442.7463144768667
1348,0.1015625,178.466400146484,436.775848388672,1.0,936.1461344638163,444.7970346917107
1349,0.103515625,178.482452392578,435.712738037109,1.0,909.1173258700663,316.7964243401487
1350,0.126953125,178.501266479492,434.413208007812,1.0,921.1665202060034,310.6933969963987
1351,0.12890625,178.520080566406,433.104919433594,1.0,914.7511149325663,313.34375710381966
1352,0.126953125,178.539764404297,431.825805664062,1.0,911.1154337802224,313.32654518975767
1353,0.12890625,178.56201171875,430.539245605469,1.0,920.6443034091284,453.6647409905387
1354,0.1259765625,178.587142944336,429.289855957031,1.0,918.8465739169404,460.94956154717966
1355,0.1328125,178.619064331055,427.984130859375,1.0,941.3845377841284,438.9927134026487
1356,0.126953125,178.656707763672,426.744384765625,1.0,941.4945841708474,435.93445534600767
1357,0.1279296875,178.703460693359,425.498016357422,1.0,920.5827799716284,376.90488381280466
1358,0.1279296875,178.759704589844,424.258636474609,1.0,896.8802653231904,307.42322487725767
1359,0.1328125,178.827941894531,422.986328125,1.0,898.7288371005344,310.4049448479607
1360,0.12890625,178.904373168945,421.743957519531,1.0,940.7998209872534,437.31714577569466
1361,0.1298828125,178.989532470703,420.498474121094,1.0,948.3316203036594,438.1542734612417
1362,0.1279296875,179.081039428711,419.268463134766,1.0,985.1363688388163,454.02222390069466
1363,0.1298828125,179.180786132812,418.018646240234,1.0,993.1187907138163,453.50220436944466
1364,0.126953125,179.283111572266,416.802093505859,1.0,986.7378092685034,457.0864939202267
1365,0.1279296875,179.39030456543,415.575042724609,1.0,911.1552897372534,318.1493296135857
1366,0.1279296875,179.500747680664,414.343597412109,1.0,906.8164225497534,317.6708750237417
1367,0.1279296875,179.611968994141,413.117767333984,1.0,918.7392741122534,306.0956186760857
1368,0.1259765625,179.720428466797,411.910339355469,1.0,1002.4112711825663,443.3428110588987
1369,0.1328125,179.831207275391,410.630462646484,1.0,1008.1510783114724,451.7482065667107
1370,0.126953125,179.930999755859,409.410430908203,1.0,911.1500407138163,284.4175180901487
1371,0.1279296875,180.025619506836,408.179168701172,1.0,907.8465128817844,280.38912148370264
1372,0.1015625,180.097030639648,407.194519042969,1.0,944.9008952060034,367.4412302483517
1373,0.1279296875,180.181427001953,405.966278076172,1.0,989.1145182528784,453.49243874444466
1374,0.1240234375,180.259231567383,404.764862060547,1.0,986.3507853427224,450.4190134514767
1375,0.12890625,180.33447265625,403.5283203125,1.0,984.4287882724094,446.04138893975767
1376,0.130859375,180.406372070312,402.258728027344,1.0,980.4538126864724,437.2979197014767
1377,0.1005859375,180.457550048828,401.291198730469,1.0,991.0378580966284,475.4999765862417
1378,0.12890625,180.51953125,400.036346435547,1.0,984.0775309481904,475.6086191643667
1379,0.125,180.574569702148,398.830261230469,1.0,988.1267252841284,471.27613015069466
1380,0.1279296875,180.627349853516,397.575469970703,1.0,1022.5072184481904,480.60791726006966
1381,0.126953125,180.675308227539,396.335601806641,1.0,1063.4809733310085,487.0898203362417
1382,0.126953125,180.719757080078,395.080718994141,1.0,1064.7986002841285,487.4567636956167
1383,0.125,180.759872436523,393.835296630859,1.0,1254.0035563388183,31.193538140196978
1384,0.12890625,180.797576904297,392.541351318359,1.0,984.4693156161594,448.1203379143667
1385,0.12890625,180.831726074219,391.235992431641,1.0,986.4431925692844,482.08948464288267
1386,0.1318359375,180.864181518555,389.900512695312,1.0,975.3603068270974,428.24170632256966
1387,0.1240234375,180.893997192383,388.630187988281,1.0,988.0950480380344,352.57068581475767
1388,0.12890625,180.924514770508,387.311981201172,1.0,976.6361246981904,479.07227272881966
1389,0.1259765625,180.954315185547,386.005523681641,1.0,985.2972575106904,479.17078347100767
1390,0.12890625,180.983612060547,384.663360595703,1.0,983.7083292880344,480.8455271233517
1391,0.126953125,181.010513305664,383.335815429688,1.0,982.4192667880344,481.3190073479607
1392,0.130859375,181.035705566406,381.957977294922,1.0,547.0579691806124,366.26572365655466
1393,0.1279296875,181.057678222656,380.606201171875,1.0,555.0014201083474,375.8199839104607
1394,0.1298828125,181.077621459961,379.220733642578,1.0,558.9094401278784,364.8370737542107
1395,0.1279296875,181.094863891602,377.861236572266,1.0,758.8629313388163,398.7456430901487
1396,0.130859375,181.110382080078,376.444488525391,1.0,996.7533121981904,462.1747812737417
1397,0.1279296875,181.122894287109,375.066833496094,1.0,997.6016398349094,463.29785866631966
1398,0.1259765625,181.132766723633,373.686584472656,1.0,966.2954874911594,459.31128640069466
1399,0.1298828125,181.139984130859,372.268280029297,1.0,967.5911417880344,459.67359108819466
1400,0.130859375,181.14436340332,370.826385498047,1.0,948.5351115145974,397.2892221917107
1401,0.126953125,181.14631652832,369.413909912109,1.0,935.2815104403784,326.1642527092887
1402,0.103515625,181.147155761719,368.266571044922,1.0,932.4655314364724,327.0432810296017
1403,0.1279296875,181.148208618164,366.829925537109,1.0,903.1610880770974,295.06915993585164
1404,0.1279296875,181.149780273438,365.375,1.0,899.6757365145974,294.00595803155466
1405,0.1279296875,181.152099609375,363.918304443359,1.0,992.7530070224094,467.38172097100767
1406,0.1279296875,181.154800415039,362.445983886719,1.0,997.7794962802224,463.7764048088987
1407,0.1259765625,181.157684326172,360.984649658203,1.0,1098.2312174716285,480.87869973077267
1408,0.123046875,181.160614013672,359.542816162109,1.0,1102.1153727450683,483.55591530694466
1409,0.126953125,181.163604736328,358.056213378906,1.0,1105.2967692294383,480.2927927483517
1410,0.126953125,181.166763305664,356.549468994141,1.0,1109.6345377841285,478.9191050042107
1411,0.1259765625,181.170013427734,355.057556152344,1.0,920.0104533114724,293.0365213860467
1412,0.1015625,181.172897338867,353.851379394531,1.0,922.1541300692844,295.11791176690565
1413,0.126953125,181.176742553711,352.336486816406,1.0,1307.3972330966285,181.44693703546068
1414,0.126953125,181.180969238281,350.812774658203,1.0,1302.4842692294383,179.32843727960167
1415,0.1259765625,181.185272216797,349.304077148438,1.0,986.3135538974094,343.64710183038267
1416,0.1259765625,181.189682006836,347.787322998047,1.0,988.7492228427224,384.76493019952267
1417,0.1259765625,181.194229125977,346.264556884766,1.0,998.4655314364724,447.84046120538267
1418,0.130859375,181.199005126953,344.678009033203,1.0,969.3999186435034,462.9242929924917
1419,0.12890625,181.203720092773,343.116302490234,1.0,962.9305582919404,460.75586647881966
1420,0.12890625,181.208419799805,341.553405761719,1.0,964.4150553622534,465.3383249749137
1421,0.126953125,181.212677001953,340.024261474609,1.0,960.5626383700663,449.0924753655387
1422,0.125,181.215637207031,338.512054443359,1.0,952.0011149325663,283.4965891350697
1423,0.1240234375,181.21630859375,337.020385742188,1.0,973.3243571200663,472.36508889092966
1424,0.1279296875,181.21403503418,335.486083984375,1.0,968.8639689364724,466.6926035393667
1425,0.12890625,181.208435058594,333.944732666016,1.0,955.7752238192844,460.2479929436637
1426,0.1015625,181.201797485352,332.737670898438,1.0,944.9765787997534,457.37754006280466
1427,0.1298828125,181.190475463867,331.190155029297,1.0,938.7887125888163,455.0495066155387
1428,0.1318359375,181.175964355469,329.622009277344,1.0,928.5562907138163,456.9213327874137
1429,0.1318359375,181.158630371094,328.060882568359,1.0,938.8867350497534,459.3707956780387
1430,0.1259765625,181.139602661133,326.563293457031,1.0,938.2485514560034,463.7203745354607
1431,0.1279296875,181.118133544922,325.047210693359,1.0,935.5501871981904,458.1510691155387
1432,0.130859375,181.09504699707,323.488739013672,1.0,962.7068034091284,457.84571022881966
1433,0.1318359375,181.071716308594,321.917175292969,1.0,893.0153971591284,290.0696939934687
1434,0.126953125,181.04948425293,320.388244628906,1.0,895.4203654208474,285.10594887628065
1435,0.1240234375,181.028121948242,318.891723632812,1.0,944.6017008700663,449.1347116936637
1436,0.126953125,181.00634765625,317.351013183594,1.0,947.1980143466284,456.5987925042107
1437,0.1240234375,180.984970092773,315.841949462891,1.0,933.2918253817844,462.4865183342887
1438,0.1279296875,180.962417602539,314.266510009766,1.0,932.5512247958474,460.57105202569466
1439,0.12890625,180.939819335938,312.687133789062,1.0,931.8947306552224,460.81836647881966
1440,0.12890625,180.917358398438,311.109893798828,1.0,931.0253458895974,459.9722361077267
1441,0.1279296875,180.895446777344,309.55908203125,1.0,954.4830485263163,464.1890024651487
1442,0.1279296875,180.873931884766,308.027313232422,1.0,945.4859782138163,469.1852793206167
1443,0.1259765625,180.852798461914,306.522186279297,1.0,931.3989420810034,470.99668068780466
1444,0.130859375,180.830978393555,304.970520019531,1.0,934.1443034091284,470.64820046319466
1445,0.1259765625,180.810165405273,303.495483398438,1.0,932.8761759677224,469.01599831475767
1446,0.126953125,180.789215087891,302.013549804688,1.0,924.6455851474094,460.41602272881966
1447,0.1279296875,180.768280029297,300.531768798828,1.0,925.0755167880344,453.31751198663267
1448,0.126953125,180.747665405273,299.070404052734,1.0,911.1832438388163,428.6085581292107
1449,0.1318359375,180.7265625,297.574127197266,1.0,901.4052897372534,401.02246804131966
1450,0.1064453125,180.709686279297,296.377075195312,1.0,898.5463419833474,398.23413796319466
1451,0.1064453125,180.693130493164,295.185699462891,1.0,892.7769938388163,394.26981301202267
1452,0.11328125,180.676727294922,293.944396972656,1.0,917.2732096591284,309.2554087151487
1453,0.1064453125,180.664642333984,292.774291992188,1.0,916.9947672763163,275.51032204522664
1454,0.1064453125,180.659133911133,291.620971679688,1.0,919.9142008700663,274.78664345635866
1455,0.1044921875,180.661911010742,290.501647949219,1.0,666.2299967685034,411.71289772881966
1456,0.1025390625,180.675872802734,289.401214599609,1.0,654.9993449130344,415.4966501702267
1457,0.1015625,180.703323364258,288.326904296875,1.0,642.7843790927224,412.3575815667107
1458,0.1015625,180.747161865234,287.266723632812,1.0,620.9782877841284,430.97733254327267
1459,0.1015625,180.810119628906,286.211883544922,1.0,536.7662821688943,533.9300302971797
1460,0.1025390625,180.894927978516,285.168731689453,1.0,535.9372416415504,531.3880381096797
1461,0.1064453125,181.010650634766,284.088470458984,1.0,528.1510783114724,539.1153635491327
1462,0.1064453125,181.156356811523,283.0166015625,1.0,688.6095744052224,406.0331491936637
1463,0.10546875,181.328567504883,281.983917236328,1.0,698.5686808505344,405.3642343987417
1464,0.103515625,181.528671264648,280.975189208984,1.0,713.0896769442844,405.8868784417107
1465,0.1025390625,181.756286621094,279.989196777344,1.0,719.7371378817844,404.04550881280466
1466,0.1044921875,182.014999389648,279.009216308594,1.0,627.6035929599094,385.29444069756966
1467,0.1025390625,182.297622680664,278.061401367188,1.0,638.9425211825663,377.3545603264767
1468,0.103515625,182.612380981445,277.117553710938,1.0,649.1557169833474,378.86304421319466
1469,0.109375,182.972091674805,276.147674560547,1.0,663.7277384677224,379.8618845452267
1470,0.1064453125,183.348876953125,275.226715087891,1.0,662.4084635653784,381.04932351006966
1471,0.10546875,183.748229980469,274.334381103516,1.0,625.4301920810034,403.51209206475767
1472,0.107421875,184.183792114258,273.440338134766,1.0,631.8622599520974,400.1128611077267
1473,0.1044921875,184.629013061523,272.596069335938,1.0,642.6865397372534,399.42468972100767
1474,0.10546875,185.101928710938,271.764923095703,1.0,650.0301066317844,396.4386972893667
1475,0.107421875,185.608001708984,270.940277099609,1.0,650.8667155185034,392.5571054924917
1476,0.1044921875,186.130569458008,270.148681640625,1.0,660.4110270419404,389.63388771905466
1477,0.1064453125,186.693206787109,269.358032226562,1.0,665.3255778231904,390.0001596917107
1478,0.1044921875,187.26904296875,268.609802246094,1.0,651.1793986239724,389.76013893975767
1479,0.1337890625,188.048934936523,267.683807373047,1.0,619.0103922763163,392.0415415276487
1480,0.1025390625,188.685668945312,266.993743896484,1.0,620.1443034091284,393.1004099358517
1481,0.103515625,189.350631713867,266.329132080078,1.0,637.5756388583474,390.5392527092887
1482,0.1044921875,190.049926757812,265.684326171875,1.0,642.6526041903784,383.9808725823357
1483,0.1025390625,190.768814086914,265.072784423828,1.0,661.5777140536594,380.65540261163267
1484,0.10546875,191.524444580078,264.480010986328,1.0,665.9143229403784,385.0573191155387
1485,0.1064453125,192.314407348633,263.910064697266,1.0,851.4254923739724,404.5147165764767
1486,0.103515625,193.109634399414,263.383697509766,1.0,865.8944254794404,406.77796120538267
1487,0.103515625,193.917053222656,262.894073486328,1.0,719.5022746005344,390.50208229913267
1488,0.1025390625,194.735641479492,262.440765380859,1.0,727.2447062411594,379.5992807854607
1489,0.1337890625,195.829574584961,261.898406982422,1.0,743.5777750888163,378.67322487725767
1490,0.1015625,196.679412841797,261.525421142578,1.0,773.2346964755344,403.4549021233517
1491,0.1005859375,197.52799987793,261.193206787109,1.0,786.5807047763163,403.83179421319466
1492,0.1005859375,198.389572143555,260.895416259766,1.0,796.4593058505344,399.7558054436637
1493,0.1015625,199.264846801758,260.632141113281,1.0,816.7416544833474,398.6576914299917
1494,0.1318359375,200.425170898438,260.341491699219,1.0,838.9295206942844,395.24570412530466
1495,0.103515625,201.333129882812,260.159027099609,1.0,862.7785807528784,392.3911509026487
1496,0.1015625,202.232086181641,260.015899658203,1.0,842.6608439364724,447.47009987725767
1497,0.1015625,203.138381958008,259.906066894531,1.0,864.1674967685034,449.30689186944466
1498,0.1044921875,204.063980102539,259.825103759766,1.0,912.3236246981904,484.71717018975767
1499,0.1064453125,205.009353637695,259.770202636719,1.0,933.9109660067844,484.7695993889767
1500,0.103515625,205.925476074219,259.739471435547,1.0,952.5403605380344,486.6841501702267
1501,0.1025390625,206.837493896484,259.727111816406,1.0,970.4405070224094,491.8324961174917
1502,0.1318359375,208.009094238281,259.735656738281,1.0,1016.5830851474094,508.7853769768667
1503,0.1025390625,208.914947509766,259.7578125,1.0,1034.2573405185035,506.65848488702267
1504,0.1318359375,210.08283996582,259.793701171875,1.0,944.1614542880344,468.09287209405466
1505,0.1005859375,210.970413208008,259.819732666016,1.0,952.0835123935034,474.6398081292107
1506,0.130859375,212.104370117188,259.845825195312,1.0,939.8108683505344,290.78034157647664
1507,0.103515625,212.998764038086,259.859100341797,1.0,953.5587321200663,301.8327097405387
1508,0.1025390625,213.869506835938,259.86669921875,1.0,926.3807536044404,300.4501413811637
1509,0.1005859375,214.718688964844,259.870452880859,1.0,927.1941691317844,295.7515787590937
1510,0.1005859375,215.557647705078,259.871795654297,1.0,924.6186686435034,299.8700327385857
1511,0.1318359375,216.583831787109,259.872314453125,1.0,925.0383463778784,299.05831093682764
1512,0.1005859375,217.330413818359,259.874938964844,1.0,926.4448405185034,389.29599709405466
1513,0.1328125,218.269882202148,259.881622314453,1.0,931.2546549716284,469.0956186760857
1514,0.1005859375,218.944107055664,259.889312744141,1.0,931.7110758700663,474.0384897698357
1515,0.1005859375,219.597595214844,259.898773193359,1.0,932.1571818270974,469.85633034600767
1516,0.1328125,220.481140136719,259.913757324219,1.0,913.6684122958474,474.8000254143667
1517,0.1005859375,221.139190673828,259.925842285156,1.0,914.8717814364724,472.5688242424917
1518,0.1005859375,221.789154052734,259.937683105469,1.0,919.6754923739724,471.65683693780466
1519,0.1328125,222.637557983398,259.951538085938,1.0,923.3767863192844,473.7289499749137
1520,0.1005859375,223.267059326172,259.959411621094,1.0,923.2494059481904,477.6020273674917
1521,0.1328125,224.086044311523,259.965728759766,1.0,922.8747111239724,356.74002785577267
1522,0.1005859375,224.717300415039,259.967498779297,1.0,988.8526163974094,412.15927834405466
1523,0.1328125,225.601089477539,259.965942382812,1.0,1122.4608317294383,537.1092295159297
1524,0.1337890625,226.530960083008,259.960296630859,1.0,935.0782633700663,336.28867287530466
1525,0.1318359375,227.478591918945,259.951171875,1.0,894.4767008700663,283.2048105706167
1526,0.1025390625,228.24333190918,259.941711425781,1.0,908.5058146395974,284.6610331047967
1527,0.1005859375,229.014434814453,259.930755615234,1.0,903.1386271395974,280.4039530266717
1528,0.1005859375,229.797607421875,259.918548583984,1.0,910.3499308505344,288.11115212335164
1529,0.1015625,230.617385864258,259.905487060547,1.0,911.0833903231904,289.4889597405387
1530,0.1298828125,231.678848266602,259.889923095703,1.0,928.2545939364724,302.98213906182764
1531,0.1328125,232.776428222656,259.879486083984,1.0,1153.2826090731883,551.3597483147577
1532,0.125,233.804153442383,259.878021240234,1.0,1149.6523600497485,535.2460093010857
1533,0.1259765625,234.848052978516,259.885467529297,1.0,906.6338053622534,424.6604685296017
1534,0.126953125,235.900634765625,259.900329589844,1.0,908.3016520419404,359.00403542413267
1535,0.1259765625,236.949722290039,259.919952392578,1.0,918.6151286044404,262.7607798088987
1536,0.125,237.986068725586,259.942565917969,1.0,927.7060709872534,285.70314736260866
1537,0.1240234375,239.014190673828,259.967834472656,1.0,929.9632121005344,287.48799843682764
1538,0.1259765625,240.046081542969,259.99609375,1.0,925.9243327060034,294.1166758049917
1539,0.126953125,241.084915161133,260.027587890625,1.0,927.5585490145974,297.46665139092966
1540,0.125,242.111480712891,260.061187744141,1.0,930.4809122958474,296.7151407708127
1541,0.12890625,243.160614013672,260.096160888672,1.0,925.8224039950663,294.8973001946407
1542,0.1015625,243.994857788086,260.122589111328,1.0,925.9427653231904,298.93289894952267
1543,0.1015625,244.820510864258,260.145751953125,1.0,925.5513468661594,298.5398020256947
1544,0.1318359375,245.897354125977,260.170532226562,1.0,927.1521159091284,297.9667124260857
1545,0.1279296875,246.941970825195,260.188446044922,1.0,925.0127116122534,300.17264504327267
1546,0.130859375,248.009292602539,260.202789306641,1.0,928.3522501864724,297.7475351799917
1547,0.130859375,249.07795715332,260.217102050781,1.0,927.3266764560034,296.71388955010866
1548,0.1328125,250.160766601562,260.233215332031,1.0,929.1045695224094,202.88964028253068
1549,0.1005859375,250.977935791016,260.246704101562,1.0,924.5710001864724,265.20633644952267
1550,0.1015625,251.811386108398,260.260620117188,1.0,915.2852335849094,314.93408913506966
1551,0.1328125,252.903793334961,260.277801513672,1.0,915.6228800692844,317.37583107842966
1552,0.1005859375,253.725799560547,260.289886474609,1.0,912.9864054599094,301.43334145440565
1553,0.1318359375,254.813674926758,260.304962158203,1.0,922.3432780185034,348.48935646905466
1554,0.1005859375,255.640197753906,260.316192626953,1.0,949.7676554599094,478.6518015374137
1555,0.1005859375,256.47021484375,260.327789306641,1.0,950.1728068270974,485.91516823663267
1556,0.1337890625,257.582733154297,260.344299316406,1.0,947.1695719638163,482.5069040764767
1557,0.1005859375,258.415283203125,260.357391357422,1.0,893.8772746005344,312.6934275139767
1558,0.1337890625,259.528259277344,260.375549316406,1.0,909.7757731356904,317.2757029046017
1559,0.1015625,260.376342773438,260.3896484375,1.0,914.1707926669404,302.9556040276487
1560,0.1005859375,261.226684570312,260.403594970703,1.0,907.1931315341284,301.0461954583127
1561,0.1025390625,262.099822998047,260.417694091797,1.0,924.8368693270974,306.05155129327267
1562,0.1015625,262.967010498047,260.430938720703,1.0,920.7978678622534,300.2763437737417
1563,0.1015625,263.829864501953,260.442993164062,1.0,915.5896159091284,297.5252909172967
1564,0.1015625,264.700042724609,260.453674316406,1.0,955.4796305575663,399.83750100030466
1565,0.1015625,265.562652587891,260.462554931641,1.0,957.7277995028784,406.57187600030466
1566,0.1005859375,266.420501708984,260.469635009766,1.0,965.9866496005344,468.2284311760857
1567,0.1005859375,267.282409667969,260.474884033203,1.0,963.0846720614724,462.5693735588987
1568,0.1015625,268.155334472656,260.478240966797,1.0,927.0359660067844,359.4925913323357
1569,0.1005859375,269.015014648438,260.479553222656,1.0,894.7905436435034,291.85410256280466
1570,0.1005859375,269.885650634766,260.478881835938,1.0,897.6292887606904,302.9556040276487
1571,0.1328125,271.023590087891,260.475830078125,1.0,909.9478922763163,298.43190712823366
1572,0.1025390625,271.908996582031,260.472717285156,1.0,956.1585246005344,291.5776743401487
1573,0.1318359375,273.048187255859,260.468719482422,1.0,960.6688395419404,300.84729714288267
1574,0.1328125,274.196197509766,260.465393066406,1.0,946.9842081942844,306.81357521905466
1575,0.1328125,275.345733642578,260.462768554688,1.0,941.2190104403784,310.73328347100767
1576,0.1005859375,276.213897705078,260.460998535156,1.0,942.1669474520974,423.3729624260857
1577,0.1015625,277.088073730469,260.459167480469,1.0,961.0103312411594,480.56748146905466
1578,0.1337890625,278.245758056641,260.456359863281,1.0,955.5926676669404,477.00595803155466
1579,0.1337890625,279.398345947266,260.453369140625,1.0,969.3949747958474,482.3400034417107
1580,0.1318359375,280.542388916016,260.4501953125,1.0,963.1675578036594,474.83963723077267
1581,0.1005859375,281.40576171875,260.447845458984,1.0,902.9418497958474,307.97202248467966
1582,0.12890625,282.524932861328,260.445129394531,1.0,903.7218180575663,314.97196144952267
1583,0.1318359375,283.6572265625,260.442565917969,1.0,902.2224284091284,307.1452097405387
1584,0.130859375,284.790100097656,260.440307617188,1.0,901.7682658114724,296.8074564446407
1585,0.138671875,285.988433837891,260.438110351562,1.0,959.6789103427224,447.98853249444466
1586,0.1015625,286.861663818359,260.436706542969,1.0,965.1746989169404,445.06650490655466
1587,0.1044921875,287.762634277344,260.435455322266,1.0,951.6098795810034,448.71665139092966
1588,0.1318359375,288.902954101562,260.434143066406,1.0,961.7986002841284,452.85169167413267
1589,0.1005859375,289.770812988281,260.433441162109,1.0,833.3795329013163,476.53870339288267
1590,0.1025390625,290.661590576172,260.432922363281,1.0,522.7351542392064,392.05213112725767
1591,0.1005859375,291.525329589844,260.432373046875,1.0,498.44209393647236,370.77112526788267
1592,0.103515625,292.418518066406,260.431762695312,1.0,531.4722453036594,359.5639414299917
1593,0.1005859375,293.286163330078,260.4306640625,1.0,510.4031229892064,340.9171518792107
1594,0.1005859375,294.154693603516,260.428497314453,1.0,897.7842570224094,389.69177956475767
1595,0.1318359375,295.294738769531,260.423583984375,1.0,987.7824259677224,404.7751230706167
1596,0.1337890625,296.4482421875,260.416076660156,1.0,953.8149577060034,388.60581154717966
1597,0.1328125,297.597808837891,260.406280517578,1.0,920.2118082919404,384.3144907463987
1598,0.1298828125,298.716552734375,260.394958496094,1.0,924.8761149325663,340.41245217217966
1599,0.1337890625,299.874816894531,260.382232666016,1.0,931.4964762606904,302.5822214592887
1600,0.1298828125,300.997985839844,260.369750976562,1.0,922.7099772372534,481.7470163811637
1601,0.1337890625,302.158660888672,260.357055664062,1.0,928.9543620028784,480.4620737542107
1602,0.1328125,303.305267333984,260.344848632812,1.0,886.3662272372534,474.6098398674917
1603,0.1328125,304.456573486328,260.332794189453,1.0,882.3059855380344,472.83704323663267
1604,0.1328125,305.609771728516,260.320709228516,1.0,869.9943400302224,481.9803843010857
1605,0.1337890625,306.765655517578,260.308410644531,1.0,876.6710368075663,484.84970803155466
1606,0.130859375,307.899963378906,260.296325683594,1.0,884.5059977450663,483.6025766838987
1607,0.130859375,309.042053222656,260.284423828125,1.0,1042.4227457919405,475.81214089288267
1608,0.130859375,310.174743652344,260.272918701172,1.0,1041.3121500888165,469.0925974358517
1609,0.130859375,311.315887451172,260.261810302734,1.0,920.3639079013163,308.7669138421017
1610,0.130859375,312.452697753906,260.251159667969,1.0,923.1714030185034,297.6069712151487
1611,0.130859375,313.605621337891,260.240753173828,1.0,911.7978068270974,302.8237375725697
1612,0.1328125,314.763946533203,260.230590820312,1.0,908.8927775302224,295.7357401360467
1613,0.1328125,315.938781738281,260.220581054688,1.0,912.4738932528784,299.3594126213987
1614,0.130859375,317.085693359375,260.211120605469,1.0,912.2770548739724,305.6732859124137
1615,0.1328125,318.262786865234,260.201873779297,1.0,908.8905192294404,312.1165232171017
1616,0.130859375,319.425537109375,260.193145751953,1.0,1067.1928263583484,483.87802834405466
1617,0.1318359375,320.603759765625,260.184661865234,1.0,1065.6816569247485,487.9739450921017
1618,0.130859375,321.769561767578,260.176788330078,1.0,1079.2376871981883,492.99451393975767
1619,0.1328125,322.951416015625,260.169342041016,1.0,1083.2538004794383,491.67041726006966
1620,0.1298828125,324.114990234375,260.162536621094,1.0,1073.9522868075683,497.7219919671017
1621,0.130859375,325.2890625,260.155975341797,1.0,1079.8831950106883,493.96863503350767
1622,0.1328125,326.471832275391,260.149597167969,1.0,947.3318644442844,445.3761362542107
1623,0.1328125,327.664459228516,260.143157958984,1.0,923.0001994052224,273.6453470696407
1624,0.130859375,328.831481933594,260.136840820312,1.0,913.1982584872534,307.5356211174917
1625,0.103515625,329.759033203125,260.131683349609,1.0,913.9801188388163,302.86704201592966
1626,0.1005859375,330.668243408203,260.126586914062,1.0,926.8792277255344,364.7610544671017
1627,0.1015625,331.580291748047,260.121459960938,1.0,960.9781046786594,484.32968850030466
1628,0.1318359375,332.767303466797,260.114837646484,1.0,964.4203654208474,478.0029978264767
1629,0.1318359375,333.964904785156,260.108154296875,1.0,961.0636149325663,481.6376108635857
1630,0.1337890625,335.172027587891,260.101043701172,1.0,922.7773600497534,286.3410715569447
1631,0.12890625,336.346069335938,260.092620849609,1.0,927.0448771395974,287.8336557854607
1632,0.1318359375,337.551086425781,260.0810546875,1.0,919.2195597567844,292.0157083977657
1633,0.12890625,338.724060058594,260.065704345703,1.0,918.0863200106904,302.67647499932764
1634,0.1279296875,339.887969970703,260.045715332031,1.0,920.5543375888163,302.73862404717966
1635,0.1318359375,341.091033935547,260.019287109375,1.0,1084.5175944247485,458.7636484612417
1636,0.1328125,342.301391601562,259.986846923828,1.0,1084.6684733310085,461.2238535393667
1637,0.123046875,343.429016113281,259.951354980469,1.0,1086.3059245028785,462.8227915276487
1638,0.1279296875,344.59716796875,259.909393310547,1.0,1075.6728678622485,448.3541635979607
1639,0.1259765625,345.752593994141,259.862243652344,1.0,930.6001749911594,324.31311745538267
1640,0.126953125,346.906127929688,259.808685302734,1.0,1196.0406657138183,489.6123728264767
1641,0.1279296875,348.078094482422,259.746795654297,1.0,1199.7103434481883,488.8761667717887
1642,0.126953125,349.242950439453,259.676635742188,1.0,1197.5706950106883,487.30005593194466
1643,0.12890625,350.421081542969,259.595947265625,1.0,1013.3829508700663,391.87656350030466
1644,0.1318359375,351.631958007812,259.501708984375,1.0,900.4813395419404,314.26987404717966
1645,0.1318359375,352.836059570312,259.395721435547,1.0,891.2164469638163,313.8844980706167
1646,0.1005859375,353.749114990234,259.306915283203,1.0,902.1360026278784,289.5481028069447
1647,0.130859375,354.945343017578,259.179351806641,1.0,1094.0792399325683,447.92557473077267
1648,0.1279296875,356.118377685547,259.041961669922,1.0,1080.5205241122485,441.4746469963987
1649,0.126953125,357.274963378906,258.894653320312,1.0,1080.0670329013183,435.6352304924917
1650,0.1298828125,358.463165283203,258.731018066406,1.0,964.7214518466284,336.8525156487417
1651,0.1328125,359.669921875,258.551971435547,1.0,911.5753947177224,297.8849100579217
1652,0.1318359375,360.868133544922,258.361206054688,1.0,920.7678385653784,299.0581888665157
1653,0.1298828125,362.042175292969,258.161499023438,1.0,925.2015543856904,301.1051554192497
1654,0.130859375,363.224456787109,257.947601318359,1.0,1060.5795451083484,463.98718972100767
1655,0.126953125,364.370178222656,257.727905273438,1.0,1048.5810099520972,467.01279396905466
1656,0.130859375,365.548187255859,257.489135742188,1.0,532.4543620028784,483.44712014092966
1657,0.130859375,366.717864990234,257.239135742188,1.0,515.6599589267064,477.5818552483517
1658,0.12890625,367.869201660156,256.980346679688,1.0,1054.2998209872485,415.3617319573357
1659,0.126953125,368.994934082031,256.715087890625,1.0,1054.6096964755384,410.2415232171017
1660,0.1318359375,370.164245605469,256.4267578125,1.0,888.1208048739724,281.5509409417107
1661,0.1259765625,371.279968261719,256.139953613281,1.0,889.2738200106904,281.27657265557764
1662,0.1259765625,372.390167236328,255.84326171875,1.0,900.8283854403784,297.55527443780466
1663,0.125,373.488677978516,255.53874206543,1.0,1031.5428019442843,413.68100685967966
1664,0.12890625,374.617645263672,255.214370727539,1.0,1104.6792155185085,458.7539438713987
1665,0.1044921875,375.530151367188,254.943572998047,1.0,1104.2821207919383,459.30689186944466
1666,0.1015625,376.407928466797,254.675765991211,1.0,1042.3563395419405,440.4041208733517
1667,0.1025390625,377.299285888672,254.396408081055,1.0,1027.9344645419405,442.99719948663267
1668,0.1279296875,378.407073974609,254.038879394531,1.0,850.5477457919404,617.0565561760857
1669,0.1259765625,379.502075195312,253.67414855957,1.0,917.0334025302224,288.7810587395627
1670,0.1328125,380.646362304688,253.281066894531,1.0,905.4724284091284,294.85573525323366
1671,0.1015625,381.517395019531,252.973861694336,1.0,1089.3770914950683,466.1713327874137
1672,0.1328125,382.657867431641,252.561386108398,1.0,1095.8101969638183,471.93250222100767
1673,0.1005859375,383.514678955078,252.244293212891,1.0,1092.0175944247485,473.0375742424917
1674,0.130859375,384.637603759766,251.821090698242,1.0,1112.0725260653785,514.8519663323357
1675,0.1015625,385.504089355469,251.490371704102,1.0,1109.0330973544383,510.29260964288267
1676,0.103515625,386.389465332031,251.149398803711,1.0,1123.6229411044383,527.9551157463986
1677,0.103515625,387.266784667969,250.809112548828,1.0,1121.2531901278785,526.3771738518667
1678,0.1318359375,388.392517089844,250.368209838867,1.0,1122.6618815341285,527.8499216546018
1679,0.1318359375,389.513122558594,249.923446655273,1.0,1129.2238932528785,532.4402536858518
1680,0.1318359375,390.631713867188,249.471725463867,1.0,1053.3947306552184,432.0423044671017
1681,0.130859375,391.740844726562,249.013900756836,1.0,1049.8124552645972,435.4899668206167
1682,0.1328125,392.862487792969,248.540191650391,1.0,1117.4342204013183,525.8505625237417
1683,0.1318359375,393.976623535156,248.059020996094,1.0,1132.4146891513183,540.5888742913196
1684,0.1015625,394.828521728516,247.684112548828,1.0,1136.9984293856883,543.1176828850696
1685,0.1005859375,395.666015625,247.309463500977,1.0,1126.9986735263183,532.5251230706167
1686,0.1328125,396.772033691406,246.804824829102,1.0,1129.7339030185085,535.6964792717887
1687,0.1005859375,397.610778808594,246.414031982422,1.0,997.6446085849094,415.86035866631966
1688,0.1328125,398.706268310547,245.89241027832,1.0,995.6994791903784,413.35633034600767
1689,0.1005859375,399.53564453125,245.488723754883,1.0,1063.3825846591285,446.3148874749137
1690,0.1337890625,400.633331298828,244.942794799805,1.0,1135.6119547763183,475.1384958733517
1691,0.1015625,401.456909179688,244.524520874023,1.0,1172.1446696200683,484.2255014885857
1692,0.1005859375,402.277282714844,244.100433349609,1.0,1201.9046793856883,488.42587990655466
1693,0.1025390625,403.104705810547,243.665222167969,1.0,1205.8028727450683,490.4805368889767
1694,0.1025390625,403.935485839844,243.220565795898,1.0,1204.3291178622485,490.8129343499137
1695,0.1328125,404.995361328125,242.641799926758,1.0,1197.4016276278785,474.4390329827267
1696,0.1015625,405.810150146484,242.187881469727,1.0,1194.3514567294383,480.1879038323357
1697,0.1318359375,406.857940673828,241.592468261719,1.0,1052.8604899325683,395.64462990655466
1698,0.103515625,407.673187255859,241.119934082031,1.0,1042.9016886630343,395.99008889092966
1699,0.1025390625,408.479888916016,240.644241333008,1.0,1074.7882243075683,406.93079323663267
1700,0.1337890625,409.528930664062,240.013488769531,1.0,1157.8089762606883,468.72104592217966
1701,0.1015625,410.323577880859,239.5263671875,1.0,1159.3929606356883,470.31226296319466
1702,0.103515625,411.121459960938,239.029098510742,1.0,1183.1886149325683,583.3195566643667
1703,0.1005859375,411.898956298828,238.536376953125,1.0,1177.8264323153785,584.7600473870227
1704,0.1005859375,412.671600341797,238.039031982422,1.0,1180.1092692294383,572.6633066643667
1705,0.1328125,413.68603515625,237.37516784668,1.0,1132.5190592685085,468.07190651788267
1706,0.1015625,414.455322265625,236.864105224609,1.0,1138.3071452060085,471.8731150139767
1707,0.1298828125,415.442016601562,236.199951171875,1.0,1149.9378825106883,481.5690073479607
1708,0.138671875,416.48486328125,235.488845825195,1.0,1011.2228556552224,408.9164804924917
1709,0.1005859375,417.2451171875,234.965072631836,1.0,1016.0141154208474,409.6188730706167
1710,0.130859375,418.220306396484,234.28645324707,1.0,900.9254313388163,290.0717539299917
1711,0.1005859375,418.973602294922,233.757263183594,1.0,907.6320353427224,208.89916176690568
1712,0.1298828125,419.938842773438,233.073165893555,1.0,941.2163859286594,211.09633583917167
1713,0.1318359375,420.919982910156,232.371231079102,1.0,903.7862101474094,282.62439675225767
1714,0.1318359375,421.896545410156,231.665710449219,1.0,898.9272623935034,279.3182901848747
1715,0.130859375,422.856262207031,230.965194702148,1.0,1132.2895670810085,473.8450388421017
1716,0.1044921875,423.622528076172,230.40022277832,1.0,1131.3777018466285,486.3923105706167
1717,0.1064453125,424.404998779297,229.817199707031,1.0,1147.4559489169383,492.52112526788267
1718,0.1015625,425.141021728516,229.261993408203,1.0,1150.4436198153785,499.20981545342966
1719,0.1337890625,426.106567382812,228.522399902344,1.0,1072.4765177645984,432.5024179924917
1720,0.103515625,426.853790283203,227.940841674805,1.0,920.4759684481904,327.64502663506966
1721,0.103515625,427.602813720703,227.349700927734,1.0,906.1581583895974,340.7374643792107
1722,0.10546875,428.359985351562,226.743545532227,1.0,897.8870402255344,306.76074929131966
1723,0.1015625,429.087799072266,226.152435302734,1.0,896.6305094638163,307.78528542413267
1724,0.1025390625,429.820831298828,225.548583984375,1.0,827.8634806552224,392.30664772881966
1725,0.1044921875,430.568267822266,224.923828125,1.0,823.5600138583474,402.22315163506966
1726,0.1025390625,431.297058105469,224.305465698242,1.0,829.3116007724094,406.18567604913267
1727,0.10546875,432.043090820312,223.662506103516,1.0,1065.6931925692884,424.23218483819466
1728,0.1064453125,432.797393798828,223.00129699707,1.0,1063.7254191317884,423.01355690850767
1729,0.1044921875,433.538360595703,222.340072631836,1.0,976.9279337802224,397.97852272881966
1730,0.10546875,434.283111572266,221.662719726562,1.0,981.1853800692844,399.1061777581167
1731,0.1044921875,435.018859863281,220.979797363281,1.0,981.1587687411594,401.3710093010857
1732,0.103515625,435.771270751953,220.266708374023,1.0,980.4763346591284,399.90589089288267
1733,0.1044921875,436.548187255859,219.515350341797,1.0,972.9111491122534,391.02197976006966
1734,0.10546875,437.360198974609,218.715606689453,1.0,964.3228312411594,387.9643930901487
1735,0.1064453125,438.197113037109,217.87744140625,1.0,955.0507365145974,388.28089089288267
1736,0.1044921875,439.049560546875,217.009246826172,1.0,1127.5280924716285,411.35922951592966
1737,0.1064453125,439.914825439453,216.112777709961,1.0,1126.7274332919383,405.79062600030466
1738,0.109375,440.792083740234,215.187561035156,1.0,1130.8630534091285,412.7228464592887
1739,0.10546875,441.644836425781,214.272216796875,1.0,1097.2987223544383,471.0068735588987
1740,0.10546875,442.489593505859,213.350601196289,1.0,1138.4166422763183,528.2488779534297
1741,0.1064453125,443.339630126953,212.408996582031,1.0,1154.6263590731883,535.0190805901486
1742,0.1064453125,444.193328857422,211.448760986328,1.0,985.3100748935034,322.0620798577267
1743,0.103515625,445.026702880859,210.496475219727,1.0,972.0051432528784,276.7152018059687
1744,0.1064453125,445.876678466797,209.508880615234,1.0,922.0684367099094,288.3965982903437
1745,0.1064453125,446.722991943359,208.507934570312,1.0,914.7826090731904,287.7707590569447
1746,0.107421875,447.566802978516,207.490188598633,1.0,905.5932780185034,304.6363749016717
1747,0.1025390625,448.375701904297,206.494689941406,1.0,901.1344157138163,300.66768593682764
1748,0.109375,449.232574462891,205.417572021484,1.0,1015.1233073153784,480.34793801202267
1749,0.1083984375,450.076019287109,204.333511352539,1.0,1008.3936930575663,480.45117897881966
1750,0.1064453125,450.892059326172,203.261459350586,1.0,978.9993449130344,448.3921579827267
1751,0.10546875,451.700317382812,202.176467895508,1.0,976.1800089755344,446.2438730706167
1752,0.107421875,452.515045166016,201.058319091797,1.0,974.1198283114724,448.78574318780466
1753,0.107421875,453.322601318359,199.924926757812,1.0,977.8712931552224,456.2400583733517
1754,0.10546875,454.113861083984,198.789276123047,1.0,980.7141276278784,461.65113015069466
1755,0.1162109375,454.967468261719,197.535278320312,1.0,968.8978434481904,465.73780007256966
1756,0.1083984375,455.762634277344,196.339721679688,1.0,974.2752238192844,465.39609475030466
1757,0.1064453125,456.533752441406,195.154266357422,1.0,966.0514689364724,470.1957163323357
1758,0.1005859375,457.245452880859,194.037567138672,1.0,969.8030558505344,464.4210886467887
1759,0.10546875,457.973022460938,192.873840332031,1.0,965.8834391513163,463.7708200921017
1760,0.1044921875,458.67333984375,191.73210144043,1.0,961.8592692294404,459.06870217217966
1761,0.1044921875,459.364349365234,190.58430480957,1.0,958.2455607333474,461.0639109124137
1762,0.107421875,460.053649902344,189.418014526367,1.0,963.2292643466284,465.3534616936637
1763,0.1044921875,460.709045410156,188.287841796875,1.0,962.2881632724094,460.2005991448357
1764,0.1044921875,461.348114013672,187.163223266602,1.0,963.9720621981904,459.4726938713987
1765,0.10546875,461.972534179688,186.041366577148,1.0,962.0811930575663,456.0893320549917
1766,0.1005859375,462.545166015625,184.991088867188,1.0,983.3066569247534,459.3898691643667
1767,0.109375,463.127197265625,183.902160644531,1.0,982.2221842685034,464.6870493401487
1768,0.1064453125,463.664947509766,182.876358032227,1.0,980.2851725497534,462.8353647698357
1769,0.1044921875,464.157897949219,181.918792724609,1.0,985.0080729403784,461.1797556389767
1770,0.1064453125,464.6201171875,181.005966186523,1.0,988.4323893466284,467.3228220452267
1771,0.134765625,465.151214599609,179.937866210938,1.0,1015.5604411044404,450.58774514092966
1772,0.1025390625,465.513641357422,179.196411132812,1.0,1022.9707804599094,451.62659401788267
1773,0.1064453125,465.842102050781,178.516128540039,1.0,1056.0055704989684,499.85776467217966
1774,0.1025390625,466.117401123047,177.939590454102,1.0,1077.0890055575683,509.4609751213987
1775,0.1064453125,466.353912353516,177.439758300781,1.0,1113.1316080966285,505.5541758049917
1776,0.103515625,466.540618896484,177.042251586914,1.0,1123.3189860263183,475.7065195549917
1777,0.109375,466.691864013672,176.718292236328,1.0,1166.6655436435085,446.0868296135857
1778,0.107421875,466.794219970703,176.498031616211,1.0,1177.2512370028785,443.96009011163267
1779,0.103515625,466.851287841797,176.374847412109,1.0,1237.6610270419383,443.36991066827267
1780,0.1044921875,466.869171142578,176.336303710938,1.0,1274.4775553622485,441.81211037530466
1781,0.103515625,466.866973876953,176.341217041016,1.0,1306.1001139560085,453.04834694756966
1782,0.1015625,466.861877441406,176.352569580078,1.0,1366.4984293856883,507.3250193108517
1783,0.1044921875,466.85888671875,176.359558105469,1.0,1378.6598063388183,509.9715952385857
1784,0.103515625,466.858764648438,176.360137939453,1.0,1326.9404459872485,502.2367929924917
1785,0.1064453125,466.8603515625,176.356796264648,1.0,1239.3662272372485,499.28836769952267
1786,0.1083984375,466.862396240234,176.352233886719,1.0,1228.5266276278785,498.29639382256966
1787,0.103515625,466.864562988281,176.347457885742,1.0,1193.6906901278785,377.4555124749137
1788,0.1025390625,466.867156982422,176.341522216797,1.0,1188.0868082919383,476.4341196526487
1789,0.10546875,466.871917724609,176.331161499023,1.0,1162.3767252841285,466.7861093987417
1790,0.1044921875,466.886016845703,176.300827026367,1.0,1057.9028483310085,446.5199350823357
1791,0.1064453125,466.920196533203,176.227462768555,1.0,1062.9225626864684,438.2948984612417
1792,0.1044921875,466.972717285156,176.11442565918,1.0,1061.4468546786584,437.60239357842966
1793,0.107421875,467.046997070312,175.954345703125,1.0,1059.9122477450683,435.3898386467887
1794,0.109375,467.142028808594,175.74919128418,1.0,1064.1358805575683,431.9240183342887
1795,0.1083984375,467.257415771484,175.499664306641,1.0,1055.5999308505384,433.7190622796017
1796,0.1103515625,467.395904541016,175.199401855469,1.0,955.2429972567844,307.07300515069466
1797,0.1083984375,467.552062988281,174.860015869141,1.0,954.2874918856904,287.25788063897664
1798,0.111328125,467.732482910156,174.466781616211,1.0,944.7157145419404,290.64916176690565
1799,0.1103515625,467.932495117188,174.028930664062,1.0,947.4101115145974,259.9710611809687
1800,0.1064453125,468.143829345703,173.563903808594,1.0,943.8367472567844,277.5831217278437
1801,0.1103515625,468.382537841797,173.035369873047,1.0,1105.6637125888183,449.3367380608517
1802,0.1181640625,468.657836914062,172.421340942383,1.0,1127.9052897372485,466.0400156487417
1803,0.1064453125,468.92626953125,171.818023681641,1.0,1137.5108805575683,467.9650034417107
1804,0.1103515625,469.220611572266,171.151260375977,1.0,1137.6383219638183,471.7468943108517
1805,0.107421875,469.525024414062,170.455917358398,1.0,1132.7429362216285,475.8508982171017
1806,0.1083984375,469.847381591797,169.713073730469,1.0,1134.2677164950683,470.71985573663267
1807,0.1064453125,470.183441162109,168.930755615234,1.0,1037.0894938388165,419.5688242424917
1808,0.1044921875,470.525054931641,168.12565612793,1.0,1055.8486491122485,411.0387949456167
1809,0.109375,470.895202636719,167.240478515625,1.0,1064.3791056552184,409.32642311944466
1810,0.10546875,471.269195556641,166.331298828125,1.0,1120.5042887606883,197.35901589288267
1811,0.103515625,471.646026611328,165.398315429688,1.0,1115.3589030185085,352.3581003655387
1812,0.1064453125,472.04443359375,164.391235351562,1.0,1115.1201334872485,388.5336069573357
1813,0.1044921875,472.444000244141,163.356475830078,1.0,1128.6237955966285,393.71118874444466
1814,0.1083984375,472.863189697266,162.23957824707,1.0,1099.1329508700683,405.9186777581167
1815,0.1064453125,473.282348632812,161.085845947266,1.0,1077.5112467685085,401.03598732842966
1816,0.1005859375,473.683990478516,159.942291259766,1.0,1108.7406168856883,430.35776467217966
1817,0.103515625,474.094543457031,158.7314453125,1.0,1130.9198161044383,462.4669870842887
1818,0.107421875,474.525970458984,157.409530639648,1.0,1147.1091471591285,463.1940378655387
1819,0.109375,474.96044921875,156.023223876953,1.0,1145.5282145419383,419.9135202874137
1820,0.1083984375,475.389862060547,154.592269897461,1.0,1137.9535075106883,385.42801613702267
1821,0.130859375,475.904815673828,152.785858154297,1.0,1174.8150797763183,414.08850808038267
1822,0.111328125,476.334259033203,151.188766479492,1.0,1179.0118571200683,405.86948342217966
1823,0.1103515625,476.750579833984,149.544708251953,1.0,1173.1729899325683,410.5217966546017
1824,0.107421875,477.140869140625,147.892959594727,1.0,1178.0179606356883,403.22400612725767
1825,0.109375,477.519989013672,146.158264160156,1.0,1333.9338541903785,213.74849648370267
1826,0.1103515625,477.882659912109,144.337509155273,1.0,1325.9345866122485,217.93636269464068
1827,0.1064453125,478.201171875,142.555221557617,1.0,1278.3090983310085,284.6905741204217
1828,0.103515625,478.489593505859,140.746475219727,1.0,1087.3581705966285,435.89707131280466
1829,0.107421875,478.759429931641,138.852844238281,1.0,1073.9090128817884,431.70032448663267
1830,0.1044921875,479.005920410156,136.944351196289,1.0,1047.5948649325665,431.2841257561637
1831,0.1064453125,479.239105224609,134.980392456055,1.0,1040.4101115145972,433.98731179131966
1832,0.1083984375,479.465454101562,132.929382324219,1.0,1016.1535197177224,440.0106577385857
1833,0.1083984375,479.681701660156,130.85856628418,1.0,999.6222697177224,433.63208718194466
1834,0.1083984375,479.893890380859,128.76171875,1.0,1021.7297526278784,407.77820534600767
1835,0.107421875,480.111968994141,126.653060913086,1.0,1010.7399454989724,384.3500437249137
1836,0.111328125,480.358520507812,124.458831787109,1.0,989.7906657138163,375.9260019768667
1837,0.1083984375,480.634246826172,122.280143737793,1.0,1072.0738688388183,350.4596628655387
1838,0.1083984375,480.944305419922,120.103477478027,1.0,1032.2768717685035,439.51331276788267
1839,0.111328125,481.294647216797,117.845962524414,1.0,1051.0027018466285,447.93711037530466
1840,0.109375,481.643859863281,115.613502502441,1.0,1071.7055827060085,451.4697031487417
1841,0.111328125,481.969451904297,113.347312927246,1.0,1067.9026041903785,459.25269265069466
1842,0.11328125,482.243865966797,111.070625305176,1.0,936.6485148349094,299.9642862786247
1843,0.109375,482.447784423828,108.861511230469,1.0,945.3205729403784,293.4689249504997
1844,0.115234375,482.595825195312,106.561141967773,1.0,914.8138590731904,300.25511879815565
1845,0.111328125,482.685089111328,104.377655029297,1.0,964.2627116122534,371.3630136956167
1846,0.111328125,482.740142822266,102.241394042969,1.0,1009.5752116122534,458.5140757073357
1847,0.115234375,482.785400390625,100.108039855957,1.0,999.6150065341284,456.3213572014767
1848,0.12109375,482.841705322266,97.9701309204102,1.0,986.8086100497534,460.2126230706167
1849,0.1162109375,482.912261962891,96.0334625244141,1.0,986.1461344638163,460.89453835381966
1850,0.115234375,482.996612548828,94.2118911743164,1.0,987.6751871981904,464.2426523674917
1851,0.1103515625,483.080535888672,92.5797805786133,1.0,998.7323771395974,467.18189186944466
1852,0.111328125,483.156799316406,91.0348358154297,1.0,999.2915202060034,469.19324440850767
1853,0.111328125,483.217498779297,89.5872421264648,1.0,1002.7221232333474,479.14072365655466
1854,0.11328125,483.261413574219,88.2184829711914,1.0,1001.8110514560034,484.34790749444466
1855,0.1162109375,483.289642333984,86.9239807128906,1.0,996.7104655185034,483.25049538506966
1856,0.115234375,483.305084228516,85.7515411376953,1.0,1003.7190714755344,465.2679819573357
1857,0.119140625,483.312866210938,84.6512069702148,1.0,995.5230265536594,463.64682717217966
1858,0.1201171875,483.315795898438,83.6419525146484,1.0,997.9250651278784,460.3593210686637
1859,0.12109375,483.315155029297,82.7007675170898,1.0,926.8576823153784,320.7226938713987
1860,0.1220703125,483.310974121094,81.7934722900391,1.0,935.2045451083474,322.8246225823357
1861,0.1240234375,483.302520751953,80.8908996582031,1.0,931.3726359286594,305.8465952385857
1862,0.125,483.289428710938,79.9839096069336,1.0,924.6875773349094,300.47248024835164
1863,0.1220703125,483.273284912109,79.1271209716797,1.0,986.7226115145974,451.07334084405466
1864,0.12109375,483.255706787109,78.337043762207,1.0,993.6042643466284,451.8970407952267
1865,0.12890625,483.23486328125,77.5548248291016,1.0,989.0490275302224,445.6206430901487
1866,0.1240234375,483.210906982422,76.8363952636719,1.0,1210.0571452060085,198.9114908684687
1867,0.1181640625,483.182708740234,76.1483383178711,1.0,1194.4869547763183,307.2312693108517
1868,0.11328125,483.148223876953,75.4487686157227,1.0,838.8076945224094,353.59009499444466
1869,0.111328125,483.10693359375,74.7315979003906,1.0,536.3148051181124,388.8881296624137
1870,0.115234375,483.056915283203,73.9771118164062,1.0,538.4546671786594,386.79505104913267
1871,0.1162109375,482.998107910156,73.1936340332031,1.0,1287.5735026278785,433.46152443780466
1872,0.115234375,482.93017578125,72.382194519043,1.0,1493.4176188388183,421.2910837639767
1873,0.1181640625,482.851867675781,71.534797668457,1.0,1488.7081461825683,424.1027597893667
1874,0.1181640625,482.765319824219,70.6754989624023,1.0,1020.5220499911594,393.79480690850767
1875,0.1162109375,482.670562744141,69.7999725341797,1.0,1014.1306925692844,394.0996469963987
1876,0.119140625,482.565734863281,68.8887176513672,1.0,1008.4609537997534,392.9622263421017
1877,0.111328125,482.461944580078,68.0273971557617,1.0,946.0913859286594,386.87070412530466
1878,0.11328125,482.350128173828,67.1336975097656,1.0,557.4054728427224,260.60559792413267
1879,0.11328125,482.231994628906,66.2223205566406,1.0,548.8500529208474,395.62195534600767
1880,0.1123046875,482.106536865234,65.2896728515625,1.0,507.3439799228004,364.93176979913267
1881,0.1142578125,481.971557617188,64.3217544555664,1.0,524.1426554599094,383.97974343194466
1882,0.111328125,481.830780029297,63.3455619812012,1.0,881.1461344638163,254.2140573967887
1883,0.1103515625,481.685546875,62.3660697937012,1.0,1143.7336588778785,348.0856089104607
1884,0.11328125,481.529632568359,61.3328704833984,1.0,1108.9803629794383,484.8623728264767
1885,0.1181640625,481.36328125,60.240119934082,1.0,1378.7271891513183,568.5992197503047
1886,0.1142578125,481.198516845703,59.1551818847656,1.0,1425.2152262606883,570.1687387932727
1887,0.123046875,481.018829345703,57.953929901123,1.0,1496.1789713778785,587.4299082268667
1888,0.1240234375,480.831848144531,56.6709518432617,1.0,1485.0797282138183,577.2055429924917
1889,0.1171875,480.655151367188,55.4140396118164,1.0,1104.2064371981883,441.9650034417107
1890,0.12109375,480.471466064453,54.0469017028809,1.0,988.5667887606904,398.7336191643667
1891,0.125,480.284454345703,52.5637741088867,1.0,993.5447550692844,406.4003366936637
1892,0.1240234375,480.110961914062,51.062686920166,1.0,990.5143595614724,399.3581003655387
1893,0.1181640625,479.961517333984,49.6193313598633,1.0,915.3120280185034,439.5450815667107
1894,0.1181640625,479.828887939453,48.1440887451172,1.0,903.0949870028784,466.0174936760857
1895,0.1201171875,479.712951660156,46.623104095459,1.0,911.3997355380344,474.89783425225767
1896,0.1181640625,479.613983154297,45.1068496704102,1.0,928.6736002841284,491.4467234124137
1897,0.125,479.520690917969,43.4694023132324,1.0,929.6753092685034,488.90903420342966
1898,0.1201171875,479.440185546875,41.8822860717773,1.0,939.8896037020974,483.63925881280466
1899,0.1142578125,479.369445800781,40.360954284668,1.0,929.7870036044404,468.29431862725767
1900,0.1162109375,479.300231933594,38.7808265686035,1.0,927.7490397372534,470.0016550530387
1901,0.1171875,479.232757568359,37.1808090209961,1.0,933.6705485263163,462.52649636163267
1902,0.1171875,479.166839599609,35.5680198669434,1.0,935.5626383700663,330.4215464104607
1903,0.115234375,479.103790283203,33.9714965820312,1.0,942.9273234286594,300.3640207756947
1904,0.11328125,479.044311523438,32.3918380737305,1.0,938.9193888583474,313.1041635979607
1905,0.1171875,478.987121582031,30.7477378845215,1.0,1093.0092936435085,496.74060768975767
1906,0.1171875,478.936553955078,29.1098079681396,1.0,1109.4688883700683,490.2230600823357
1907,0.1142578125,478.893371582031,27.4858283996582,1.0,1132.0829020419383,489.6429819573357
1908,0.12109375,478.85595703125,25.7769832611084,1.0,1163.3845377841285,475.40360207452267
1909,0.111328125,478.828460693359,24.1913890838623,1.0,1199.3620768466285,475.5643686760857
1910,0.11328125,478.8076171875,22.5818691253662,1.0,1033.5050211825665,276.6621927727657
1911,0.111328125,478.794525146484,20.9959030151367,1.0,960.1085978427224,458.20520729913267
1912,0.1123046875,478.790649414062,19.4188575744629,1.0,959.7342692294404,460.7309336174917
1913,0.115234375,478.797210693359,17.8078441619873,1.0,960.6517496981904,460.5107798088987
1914,0.11328125,478.814422607422,16.251485824585,1.0,967.5178385653784,459.49106545342966
1915,0.111328125,478.841766357422,14.7233867645264,1.0,888.8664103427224,291.74608559503065
1916,0.11328125,478.878265380859,13.1897945404053,1.0,901.5103312411594,257.5360636223747
1917,0.1123046875,478.919555664062,11.6829967498779,1.0,913.8034830966284,294.3396067131947
1918,0.109375,478.960357666016,10.2360734939575,1.0,915.2968302645974,293.7720255364377
1919,0.111328125,478.996795654297,8.76987457275391,1.0,983.5858317294404,469.5053476799917
1920,0.1064453125,479.022674560547,7.39342498779297,1.0,982.5366984286594,472.66287941827267
1921,0.1103515625,479.0390625,5.99687528610229,1.0,985.6684733310034,473.12656350030466
1922,0.1103515625,479.045013427734,4.65004062652588,1.0,1018.5908976474094,475.16651101006966
1923,0.1083984375,479.042236328125,3.37293934822083,1.0,1010.1753092685034,467.1768259514767
1924,0.1083984375,479.033782958984,2.13801693916321,1.0,1010.3720866122534,471.25440163506966
1925,0.109375,479.023834228516,0.956268131732941,1.0,1009.8084269442844,465.62488503350767
1926,0.1083984375,479.015045166016,-0.186829507350922,1.0,983.3258829989724,511.3859018792107
1927,0.1103515625,479.009613037109,-1.29276025295258,1.0,989.0863810458474,506.2830271233517
1928,0.107421875,479.008026123047,-2.32771468162537,1.0,1019.3054972567844,421.04395241631966
1929,0.109375,479.009124755859,-3.33861041069031,1.0,1026.6295329013165,419.27002663506966
1930,0.109375,479.011474609375,-4.32808971405029,1.0,1027.3736124911593,420.35086769952267
1931,0.107421875,479.014068603516,-5.28678512573242,1.0,988.3382121005344,526.2708200921018
1932,0.109375,479.016326904297,-6.2525806427002,1.0,994.1818400302224,530.0241159905387
1933,0.1083984375,479.017761230469,-7.19556140899658,1.0,970.0937662997534,522.5947947014768
1934,0.1064453125,479.01806640625,-8.11346244812012,1.0,978.1430827060034,529.7737192620227
1935,0.1181640625,479.017456054688,-9.12493801116943,1.0,986.9261637606904,545.3317331780387
1936,0.107421875,479.016082763672,-10.0369510650635,1.0,1049.8318644442843,433.4180368889767
1937,0.1103515625,479.013122558594,-10.9491672515869,1.0,1049.3620768466285,434.7284922112417
1938,0.109375,479.006927490234,-11.8037700653076,1.0,1050.5807047763183,430.77051491631966
1939,0.1103515625,478.996917724609,-12.6232023239136,1.0,967.4707194247534,541.6552500237417
1940,0.111328125,478.982635498047,-13.4226322174072,1.0,944.3960734286594,554.1548227776486
1941,0.11328125,478.965026855469,-14.1862239837646,1.0,967.4311686435034,486.15586037530466
1942,0.1142578125,478.944274902344,-14.9396486282349,1.0,997.2663737216284,434.81912941827267
1943,0.1123046875,478.920013427734,-15.7324657440186,1.0,1018.7418375888163,440.22293801202267
1944,0.10546875,478.893859863281,-16.5184841156006,1.0,986.1938029208474,444.0095896233517
1945,0.1103515625,478.862518310547,-17.3865280151367,1.0,1251.6999674716285,405.78943581475767
1946,0.1142578125,478.826354980469,-18.3008975982666,1.0,1373.9907389560085,401.50574440850767
1947,0.109375,478.786926269531,-19.1423206329346,1.0,1370.3033610263183,388.84290261163267
1948,0.1103515625,478.733734130859,-19.9560279846191,1.0,1378.9212809481883,385.2650522698357
1949,0.109375,478.654479980469,-20.758487701416,1.0,1450.9621745028785,405.11795754327267
1950,0.109375,478.536163330078,-21.5517139434814,1.0,1530.5965739169383,421.7492136467887
1951,0.1083984375,478.373687744141,-22.299825668335,1.0,1539.2247477450683,420.8266977776487
1952,0.1044921875,478.163970947266,-22.9926242828369,1.0,1591.1396647372485,400.9450449456167
1953,0.1083984375,477.885223388672,-23.6854953765869,1.0,1591.8368082919383,403.85019631280466
1954,0.107421875,477.551727294922,-24.3275661468506,1.0,1625.6628580966285,451.46494240655466
1955,0.10546875,477.176574707031,-24.9033336639404,1.0,1558.3971110263183,395.6572641838987
1956,0.107421875,476.744995117188,-25.4428958892822,1.0,1504.1134196200683,413.5394968499137
1957,0.1044921875,476.285369873047,-25.9195003509521,1.0,1416.5326090731883,444.00501198663267
1958,0.1044921875,475.795074462891,-26.3443641662598,1.0,1340.2176676669383,445.33725685967966
1959,0.103515625,475.287017822266,-26.7125854492188,1.0,1287.4268961825683,450.88684792413267
1960,0.103515625,474.756805419922,-27.0325660705566,1.0,1213.4364176669383,807.2249521721797
1961,0.1025390625,474.214782714844,-27.301477432251,1.0,1219.6617594638183,660.7675547112417
1962,0.10546875,473.652069091797,-27.5251579284668,1.0,1285.0818034091285,696.1915049065547
1963,0.1005859375,473.105712890625,-27.6924571990967,1.0,1179.4203043856883,641.4012217034297
1964,0.1044921875,472.538787841797,-27.8174571990967,1.0,2036.9439860263183,496.95712990655466
1965,0.1015625,471.984710693359,-27.8943328857422,1.0,1411.9144450106883,540.5863108147577
1966,0.1328125,471.274383544922,-27.9295177459717,1.0,1417.8899088778785,704.6362070549917
1967,0.1015625,470.740692138672,-27.9102230072021,1.0,1276.3399821200683,809.3467173088986
1968,0.1298828125,470.074249267578,-27.8355293273926,1.0,1796.6945963778785,337.8195566643667
1969,0.1328125,469.406616210938,-27.7149085998535,1.0,1889.7194987216285,771.3799814690547
1970,0.1318359375,468.761383056641,-27.5711936950684,1.0,1890.9145670810085,439.29770607842966
1971,0.1328125,468.121215820312,-27.4196662902832,1.0,667.8866740145974,905.1116709221797
1972,0.1318359375,467.488952636719,-27.2782669067383,1.0,1018.1289835849094,685.8213877190547
1973,0.1015625,467.011657714844,-27.1845531463623,1.0,1590.9913493075683,372.6010508049917
1974,0.1328125,466.391662597656,-27.0803718566895,1.0,1608.4845133700683,683.9982676018667
1975,0.1005859375,465.929748535156,-27.0126171112061,1.0,1532.1374674716285,656.1504892815547
1976,0.130859375,465.336486816406,-26.9342842102051,1.0,1639.8991862216285,428.2238535393667
1977,0.1328125,464.744934082031,-26.8626670837402,1.0,1451.1258707919383,251.7871469963987
1978,0.130859375,464.172119140625,-26.7984027862549,1.0,1455.8280192294383,260.34387917413267
1979,0.107421875,463.706970214844,-26.7487106323242,1.0,1309.2003336825683,169.96868080987468
1980,0.1025390625,463.273529052734,-26.7025737762451,1.0,1491.1897135653785,80.98243660821458
1981,0.1279296875,462.741088867188,-26.6448993682861,1.0,912.1715861239724,458.98438210381966
1982,0.1318359375,462.199035644531,-26.5853710174561,1.0,776.6156779208474,332.18543190850767
1983,0.1298828125,461.678100585938,-26.5270938873291,1.0,1285.0625162997485,209.68624062432767
1984,0.1015625,461.276580810547,-26.4808197021484,1.0,1256.0660563388183,132.01408333673018
1985,0.1005859375,460.886535644531,-26.4347362518311,1.0,1325.2487955966285,284.07724709405466
1986,0.1025390625,460.492034912109,-26.3873615264893,1.0,1695.8106852450683,171.61372322930868
1987,0.1044921875,460.097503662109,-26.3402652740479,1.0,992.6751871981904,319.69068093194466
1988,0.1005859375,459.723236083984,-26.2966537475586,1.0,963.8317423739724,410.5826792229607
1989,0.1025390625,459.344512939453,-26.2541084289551,1.0,877.7451945224094,209.14362282647667
1990,0.103515625,458.968627929688,-26.2136535644531,1.0,1038.0557413974093,346.0672068108517
1991,0.103515625,458.599334716797,-26.1753749847412,1.0,940.5825968661594,330.8408579338987
1992,0.10546875,458.227935791016,-26.1379413604736,1.0,939.3089152255344,374.6008982171017
1993,0.103515625,457.864776611328,-26.1019821166992,1.0,917.1989909091284,496.9605173577267
1994,0.103515625,457.503448486328,-26.0665836334229,1.0,893.6366740145974,488.6022409905387
1995,0.1064453125,457.136871337891,-26.0309581756592,1.0,939.6433268466284,524.1020884026486
1996,0.1044921875,456.775939941406,-25.9962711334229,1.0,1273.0042887606883,633.7641367424917
1997,0.1044921875,456.415832519531,-25.9622459411621,1.0,1353.9758463778785,540.1733774651486
1998,0.1015625,456.064025878906,-25.9297065734863,1.0,1449.6204996981883,661.5729746331167
1999,0.1025390625,455.706207275391,-25.8973865509033,1.0,1426.3841715731883,589.4556040276486
2000,0.1025390625,455.342681884766,-25.8653583526611,1.0,1542.9893961825683,237.06067604913267
2001,0.1005859375,454.971527099609,-25.8336410522461,1.0,963.0390787997534,466.5594858635857
2002,0.103515625,454.566223144531,-25.8001575469971,1.0,931.7351237216284,457.9809030999137
2003,0.1025390625,454.126525878906,-25.7651500701904,1.0,941.4812174716284,463.98718972100767
2004,0.1005859375,453.659545898438,-25.7292633056641,1.0,923.3180094638163,457.99668068780466
2005,0.103515625,453.146911621094,-25.6911468505859,1.0,908.9594279208474,413.5055307854607
2006,0.1015625,452.602325439453,-25.6520023345947,1.0,896.2832194247534,381.2409433831167
2007,0.103515625,452.015533447266,-25.6113433837891,1.0,893.1602335849094,426.51254982842966
2008,0.1044921875,451.38427734375,-25.5692729949951,1.0,898.9529581942844,442.3182749260857
2009,0.1015625,450.744476318359,-25.5284080505371,1.0,899.7527628817844,447.53211159600767
2010,0.1025390625,450.075378417969,-25.4873180389404,1.0,904.3787394442844,450.6079782952267
2011,0.103515625,449.355621337891,-25.4445381164551,1.0,911.5389567294404,451.3515390862417
2012,0.1025390625,448.614715576172,-25.4018688201904,1.0,910.5050211825663,477.8364023674917
2013,0.1044921875,447.838043212891,-25.3580989837646,1.0,916.6137247958474,475.52844948663267
2014,0.1025390625,447.040893554688,-25.3136959075928,1.0,925.9994669833474,495.6185678948357
2015,0.1015625,446.217803955078,-25.2682151794434,1.0,938.0965739169404,379.6035532463987
2016,0.1025390625,445.363250732422,-25.2216472625732,1.0,943.5055704989724,367.6388315667107
2017,0.1025390625,444.479187011719,-25.1743335723877,1.0,943.3000040927224,374.4598764885857
2018,0.103515625,443.560119628906,-25.126350402832,1.0,948.2736369052224,520.0892710198357
2019,0.10546875,442.597991943359,-25.0776500701904,1.0,967.1017619052224,510.6142343987417
2020,0.1357421875,441.318267822266,-25.0155353546143,1.0,990.3774577060034,509.35532326592966
2021,0.103515625,440.313537597656,-24.9694766998291,1.0,991.1284953036594,514.6146006096797
2022,0.1025390625,439.284362792969,-24.9254417419434,1.0,966.5227213778784,512.1969980706167
2023,0.103515625,438.200561523438,-24.8829956054688,1.0,988.4651652255344,528.2975840081167
2024,0.1044921875,437.054412841797,-24.8427410125732,1.0,1144.5202799716285,182.37387795342968
2025,0.1005859375,435.911376953125,-24.8073024749756,1.0,1056.7970133700683,484.25098366631966
2026,0.107421875,434.644561767578,-24.7735633850098,1.0,1024.5811320224093,501.13062233819466
2027,0.1201171875,433.180755615234,-24.7418193817139,1.0,979.0684977450663,498.5539316643667
2028,0.111328125,431.80078125,-24.7175807952881,1.0,987.5891886630344,489.25965065850767
2029,0.1123046875,430.379028320312,-24.6968669891357,1.0,989.5430460849094,495.73242897881966
2030,0.111328125,428.949554443359,-24.6789360046387,1.0,986.5913248935034,497.75647683038267
2031,0.1123046875,427.489379882812,-24.6627445220947,1.0,997.4684611239724,474.9595102776487
2032,0.1123046875,425.997924804688,-24.6476745605469,1.0,964.1883707919404,304.2700724114377
2033,0.109375,424.526519775391,-24.6331768035889,1.0,964.2515421786594,319.22046608819466
2034,0.111328125,423.015533447266,-24.6177749633789,1.0,955.5033732333474,312.62045998467966
2035,0.1123046875,421.45166015625,-24.6004600524902,1.0,946.3465739169404,295.2989725579217
2036,0.1123046875,419.871002197266,-24.5810413360596,1.0,940.9114542880344,291.0150370110467
2037,0.111328125,418.294128417969,-24.5593948364258,1.0,936.0972453036594,302.0999369133907
2038,0.1083984375,416.722778320312,-24.5354766845703,1.0,927.8020182528784,302.0430521477657
2039,0.11328125,415.075531005859,-24.5079727172852,1.0,924.6006632724094,300.2190775383907
2040,0.1123046875,413.425811767578,-24.4781894683838,1.0,921.3370524325663,296.56130165948366
2041,0.109375,411.814331054688,-24.4480743408203,1.0,923.6439371981904,298.34084267510866
2042,0.111328125,410.163146972656,-24.4181270599365,1.0,928.0221720614724,305.22142739190565
2043,0.1103515625,408.524719238281,-24.3914432525635,1.0,931.5924235263163,305.6944956292107
2044,0.1123046875,406.874206542969,-24.3690605163574,1.0,935.7400675692844,303.4542154778437
2045,0.1103515625,405.258911132812,-24.3522357940674,1.0,928.8689127841284,312.47876686944466
2046,0.107421875,403.696228027344,-24.3407440185547,1.0,931.7058878817844,318.85678810967966
2047,0.1103515625,402.118499755859,-24.3334846496582,1.0,936.0916300692844,314.2822641838987
2048,0.111328125,400.539947509766,-24.3296146392822,1.0,924.0158854403784,386.72440285577267
2049,0.1083984375,399.005279541016,-24.3278827667236,1.0,922.7190104403784,388.82016701592966
2050,0.1103515625,397.455444335938,-24.3273372650146,1.0,925.0838786044404,363.1028513421017
2051,0.109375,395.920837402344,-24.3270034790039,1.0,940.2772379794404,379.4750132073357
2052,0.109375,394.405548095703,-24.3250217437744,1.0,941.1929484286594,378.3075327385857
2053,0.111328125,392.887329101562,-24.3195056915283,1.0,964.4716959872534,412.1813425530387
2054,0.1083984375,391.40380859375,-24.309591293335,1.0,975.4483195224094,544.0785593499137
2055,0.11328125,389.866149902344,-24.2938804626465,1.0,1010.8015299716284,503.1808237542107
2056,0.1123046875,388.357727050781,-24.2734260559082,1.0,981.3970499911594,484.0812448967887
2057,0.111328125,386.883758544922,-24.2495803833008,1.0,973.5559245028784,469.88510842217966
2058,0.109375,385.442138671875,-24.2241191864014,1.0,942.3809367099094,462.67139382256966
2059,0.111328125,384.000823974609,-24.1998672485352,1.0,940.6169596591284,428.9445261467887
2060,0.109375,382.587371826172,-24.1828575134277,1.0,1021.7367716708474,489.78992409600767
2061,0.125,380.985382080078,-24.1764850616455,1.0,1029.1684733310035,508.3284372796017
2062,0.1103515625,379.583862304688,-24.1845092773438,1.0,1022.7378703036594,516.7785105217887
2063,0.1123046875,378.180725097656,-24.2056064605713,1.0,1025.2333537020972,472.80408425225767
2064,0.1103515625,376.798828125,-24.2369194030762,1.0,1394.7839518466285,301.5570749749137
2065,0.109375,375.445129394531,-24.273796081543,1.0,1331.5341959872485,304.0017618645627
2066,0.111328125,374.087738037109,-24.3133659362793,1.0,1341.3073893466285,285.9174875725697
2067,0.1083984375,372.770263671875,-24.3522853851318,1.0,1398.1538248935085,78.05021042718428
2068,0.107421875,371.471923828125,-24.3906726837158,1.0,1046.4580851474093,440.3358530510857
2069,0.109375,370.160064697266,-24.4300498962402,1.0,1006.3341837802224,507.36142678155466
2070,0.10546875,368.906890869141,-24.469165802002,1.0,997.9470988192844,495.04285378350767
2071,0.109375,367.623229980469,-24.5113582611084,1.0,991.7034464755344,502.81458229913267
2072,0.1201171875,366.221710205078,-24.5588550567627,1.0,1138.4653483310085,319.7202829827267
2073,0.107421875,364.990081787109,-24.6003799438477,1.0,906.9706583895974,473.8396677483517
2074,0.111328125,363.711517333984,-24.6420383453369,1.0,898.1999674716284,502.6634897698357
2075,0.1103515625,362.465118408203,-24.6803932189941,1.0,942.7111369052224,462.2427439202267
2076,0.1103515625,361.216827392578,-24.716344833374,1.0,939.2109537997534,462.39432473077267
2077,0.1103515625,359.983154296875,-24.7496795654297,1.0,945.6100626864724,454.34998268975767
2078,0.1123046875,358.749694824219,-24.7812404632568,1.0,952.0725871005344,457.5729135979607
2079,0.11328125,357.502807617188,-24.8116397857666,1.0,936.7793742099094,455.0678171624137
2080,0.111328125,356.292510986328,-24.8397312164307,1.0,925.0133829989724,449.6268991936637
2081,0.11328125,355.075469970703,-24.8664016723633,1.0,903.8576212802224,317.30838723077267
2082,0.1123046875,353.873474121094,-24.8909645080566,1.0,910.1309977450663,313.6507944573357
2083,0.111328125,352.700317382812,-24.9137687683105,1.0,914.9129191317844,320.60874123467966
2084,0.11328125,351.510803222656,-24.9376258850098,1.0,918.8661051669404,308.06504006280466
2085,0.1142578125,350.322906494141,-24.9650268554688,1.0,916.0020914950663,306.3655466546017
2086,0.1103515625,349.191925048828,-24.9965057373047,1.0,913.9213419833474,310.2421640862417
2087,0.1103515625,348.060119628906,-25.0341930389404,1.0,861.4460612216284,366.6500925530387
2088,0.11328125,346.915344238281,-25.0787353515625,1.0,785.5864420810034,403.22910256280466
2089,0.1103515625,345.811401367188,-25.1245193481445,1.0,457.2079935946754,436.4886850823357
2090,0.1083984375,344.73388671875,-25.1676959991455,1.0,441.0576334872534,390.0793222893667
2091,0.111328125,343.642303466797,-25.2070159912109,1.0,920.8509684481904,353.9719004143667
2092,0.1103515625,342.565338134766,-25.2403030395508,1.0,922.8246622958474,343.50415749444466
2093,0.1123046875,341.482299804688,-25.2691822052002,1.0,916.6898966708474,307.9588999260857
2094,0.109375,340.433654785156,-25.2940711975098,1.0,916.9517985263163,306.1012339104607
2095,0.1103515625,339.383209228516,-25.3175239562988,1.0,917.0326701083474,303.3643412102657
2096,0.111328125,338.337890625,-25.3403549194336,1.0,914.4511881747534,308.09863991631966
2097,0.1103515625,337.310699462891,-25.362325668335,1.0,914.0725871005344,311.96756691827267
2098,0.111328125,336.283447265625,-25.3833141326904,1.0,907.8827677645974,310.52393288506966
2099,0.1103515625,335.278381347656,-25.4022903442383,1.0,910.1258097567844,312.5611948479607
2100,0.11328125,334.252410888672,-25.4198169708252,1.0,925.7348185458474,481.21985573663267
2101,0.1123046875,333.247619628906,-25.4355087280273,1.0,923.9155436435034,499.4932016838987
2102,0.1103515625,332.270172119141,-25.4498729705811,1.0,924.2602091708474,499.02405495538267
2103,0.11328125,331.279022216797,-25.4639701843262,1.0,919.8711100497534,492.4736704338987
2104,0.11328125,330.292053222656,-25.4780883789062,1.0,972.5756388583474,462.4283823479607
2105,0.1142578125,329.310363769531,-25.4930057525635,1.0,969.2984782138163,461.00745339288267
2106,0.11328125,328.339080810547,-25.5100326538086,1.0,963.0511027255344,465.5195688713987
2107,0.115234375,327.368896484375,-25.5297355651855,1.0,765.2211466708474,439.72739357842966
2108,0.115234375,326.430969238281,-25.5516986846924,1.0,517.3974162020974,399.4194712151487
2109,0.115234375,325.543029785156,-25.5756702423096,1.0,505.7699442782694,368.00708718194466
2110,0.11328125,324.716339111328,-25.6014995574951,1.0,497.9998026767064,368.02866310967966
2111,0.1142578125,323.920379638672,-25.6298389434814,1.0,519.7647562899874,367.70127053155466
2112,0.1123046875,323.171417236328,-25.6600341796875,1.0,515.8563090243624,359.53159279717966
2113,0.11328125,322.430877685547,-25.6937217712402,1.0,503.46421918061236,358.31699318780466
2114,0.1162109375,321.660949707031,-25.7328491210938,1.0,505.7353983798314,359.2047495354607
2115,0.11328125,320.934692382812,-25.7738819122314,1.0,524.1290446200665,358.4178843010857
2116,0.11328125,320.227691650391,-25.8180065155029,1.0,581.2967692294404,361.15164894952267
2117,0.1240234375,319.457214355469,-25.8710632324219,1.0,956.3998576083474,451.61063332452267
2118,0.11328125,318.759918212891,-25.9234027862549,1.0,955.0815592685034,470.4756540764767
2119,0.1171875,318.067108154297,-25.9795455932617,1.0,955.0172892489724,469.3915171135857
2120,0.115234375,317.395416259766,-26.0378265380859,1.0,981.6483927645974,428.5460581292107
2121,0.111328125,316.745635986328,-26.096887588501,1.0,985.7241373935034,427.77939553155466
2122,0.1171875,316.085205078125,-26.1584644317627,1.0,968.3482829013163,429.8462595452267
2123,0.1123046875,315.459564208984,-26.2173557281494,1.0,938.9891520419404,430.6496042717887
2124,0.115234375,314.824066162109,-26.2769298553467,1.0,939.9029093661594,432.6083750237417
2125,0.111328125,314.213836669922,-26.333475112915,1.0,1001.2036295810034,432.6297068108517
2126,0.1123046875,313.605743408203,-26.3892288208008,1.0,1042.3403483310035,438.9837107171017
2127,0.109375,313.001739501953,-26.4443187713623,1.0,1041.6389933505343,435.85770363702267
2128,0.11328125,312.376007080078,-26.5013980865479,1.0,932.1234293856904,331.50614113702267
2129,0.111328125,311.748382568359,-26.5588340759277,1.0,934.0437785067844,330.94150490655466
2130,0.111328125,311.111450195312,-26.6173400878906,1.0,929.1225748935034,318.9676889885857
2131,0.111328125,310.465209960938,-26.6766700744629,1.0,921.2353678622534,310.67407936944466
2132,0.1123046875,309.806060791016,-26.7366523742676,1.0,1031.3781901278785,464.6582712639767
2133,0.1123046875,309.131652832031,-26.7971248626709,1.0,1030.8139201083472,459.48026223077267
2134,0.1103515625,308.4541015625,-26.8564701080322,1.0,1032.7184000888165,462.06800026788267
2135,0.1142578125,307.738616943359,-26.9172630310059,1.0,1030.6304484286593,457.6255564202267
2136,0.115234375,307.004852294922,-26.9775810241699,1.0,969.3755656161594,389.6892771233517
2137,0.1103515625,306.277313232422,-27.035120010376,1.0,940.7506266513163,349.92172951592966
2138,0.11328125,305.523132324219,-27.0922756195068,1.0,915.6704264560034,301.3686289299917
2139,0.11328125,304.739837646484,-27.14919090271,1.0,913.1980753817844,297.82106728448366
2140,0.1123046875,303.949249267578,-27.2045917510986,1.0,1052.7439127841285,482.2458261956167
2141,0.111328125,303.134094238281,-27.2601432800293,1.0,1051.0888224520984,484.11609597100767
2142,0.1103515625,302.308868408203,-27.3152542114258,1.0,1052.3831339755384,487.17069191827267
2143,0.1123046875,301.453918457031,-27.3713874816895,1.0,1046.6029826083472,489.0346445549917
2144,0.115234375,300.55126953125,-27.4296817779541,1.0,1047.3635416903785,485.4843210686637
2145,0.111328125,299.655822753906,-27.4864044189453,1.0,1052.1133585849084,487.74594826592966
2146,0.11328125,298.717803955078,-27.5444297790527,1.0,1004.4159098544404,448.93994851006966
2147,0.1123046875,297.764801025391,-27.6015968322754,1.0,998.6125040927224,453.1279978264767
2148,0.1142578125,296.779357910156,-27.6585540771484,1.0,1002.1187907138163,455.14893288506966
2149,0.115234375,295.758575439453,-27.7148723602295,1.0,930.2034464755344,331.7218698967887
2150,0.115234375,294.725494384766,-27.7688655853271,1.0,935.1285563388163,333.21170754327267
2151,0.1142578125,293.680145263672,-27.8203907012939,1.0,988.0668497958474,480.5113901604607
2152,0.1103515625,292.662414550781,-27.8671989440918,1.0,991.9870158114724,475.47888893975767
2153,0.1103515625,291.630157470703,-27.9108257293701,1.0,984.5135050692844,472.2193979729607
2154,0.109375,290.594604492188,-27.9504222869873,1.0,988.2303629794404,476.4288706292107
2155,0.1103515625,289.543762207031,-27.9864196777344,1.0,987.0918742099094,495.2858652581167
2156,0.1083984375,288.498016357422,-28.01833152771,1.0,988.8021403231904,492.3232187737417
2157,0.109375,287.398254394531,-28.0481395721436,1.0,991.4754191317844,488.85703225030466
2158,0.1064453125,286.276672363281,-28.0751190185547,1.0,988.7934122958474,488.85654396905466
2159,0.109375,285.074554443359,-28.1006240844727,1.0,988.6194621005344,485.1479868401487
2160,0.109375,283.827667236328,-28.1235198974609,1.0,985.1698771395974,480.0591501702267
2161,0.10546875,282.587921142578,-28.1429500579834,1.0,983.1369181552224,480.77796120538267
2162,0.1181640625,281.197906494141,-28.1610794067383,1.0,976.0215006747534,475.05994362725767
2163,0.1083984375,279.917297363281,-28.1744327545166,1.0,582.6330119052224,368.03687233819466
2164,0.1083984375,278.612518310547,-28.1848106384277,1.0,576.6333170810034,362.48682351006966
2165,0.11328125,277.258941650391,-28.1922664642334,1.0,590.6460123935034,350.76004738702267
2166,0.10546875,275.971954345703,-28.1962738037109,1.0,572.8930827060034,327.8380808342887
2167,0.1103515625,274.614318847656,-28.1978950500488,1.0,1010.2523966708474,414.6045298088987
2168,0.109375,273.271575927734,-28.1981086730957,1.0,992.6026774325663,396.51209206475767
2169,0.10546875,271.958984375,-28.1980991363525,1.0,904.4151774325663,258.4600748528437
2170,0.107421875,270.634185791016,-28.1985168457031,1.0,913.2953043856904,302.9589151848747
2171,0.107421875,269.319671630859,-28.1996726989746,1.0,916.0428629794404,307.5560984124137
2172,0.1103515625,267.981842041016,-28.2014617919922,1.0,966.3364420810034,474.3441538323357
2173,0.1083984375,266.675811767578,-28.2034854888916,1.0,965.6599284091284,474.61670632256966
2174,0.10546875,265.412872314453,-28.2053642272949,1.0,967.1258097567844,477.63974709405466
2175,0.1083984375,264.129058837891,-28.2069969177246,1.0,962.9102946200663,477.3825449456167
2176,0.1142578125,262.790130615234,-28.2083969116211,1.0,956.6547404208474,481.2876352776487
2177,0.11328125,261.475952148438,-28.2096118927002,1.0,959.8814249911594,478.1545176018667
2178,0.1142578125,260.163665771484,-28.2108364105225,1.0,963.3648234286594,480.04062600030466
2179,0.1123046875,258.877990722656,-28.2120151519775,1.0,981.3477946200663,460.74878640069466
2180,0.11328125,257.606689453125,-28.2124843597412,1.0,1320.5918131747485,191.60715432061667
2181,0.1142578125,256.327606201172,-28.2118835449219,1.0,1319.4572916903785,194.39524025811667
2182,0.1103515625,255.105285644531,-28.2099418640137,1.0,1049.8548136630343,374.5550913323357
2183,0.1123046875,253.878341674805,-28.2065143585205,1.0,967.6519328036594,416.8730844963987
2184,0.1103515625,252.672103881836,-28.2017097473145,1.0,966.3455363192844,416.22351784600767
2185,0.107421875,251.51530456543,-28.1958675384521,1.0,960.6241007724094,452.31128640069466
2186,0.1103515625,250.344879150391,-28.1888160705566,1.0,956.6137858310034,454.00107521905466
2187,0.109375,249.187789916992,-28.1807632446289,1.0,952.4247599520974,451.97681374444466
2188,0.1123046875,248.007232666016,-28.1713905334473,1.0,949.1234904208474,451.1991953362417
2189,0.1123046875,246.846282958984,-28.1609687805176,1.0,941.3120280185034,456.02613015069466
2190,0.1103515625,245.71516418457,-28.1500186920166,1.0,943.9619913974094,456.14685768975767
2191,0.1103515625,244.595886230469,-28.1389751434326,1.0,944.2182780185034,442.42410988702267
2192,0.111328125,243.471145629883,-28.1280708312988,1.0,940.0117350497534,443.43192238702267
2193,0.107421875,242.398483276367,-28.1188144683838,1.0,936.4833537020974,438.03040261163267
2194,0.109375,241.311737060547,-28.1113243103027,1.0,924.2535563388163,426.6815866936637
2195,0.109375,240.239517211914,-28.1061859130859,1.0,923.6544962802224,455.12891335381966
2196,0.109375,239.180816650391,-28.1030712127686,1.0,918.8468180575663,458.80741066827267
2197,0.109375,238.128280639648,-28.1003971099854,1.0,919.7331705966284,459.27283425225767
2198,0.1064453125,237.114624023438,-28.0958652496338,1.0,1093.4083414950683,-52.07051138983232
2199,0.109375,236.08219909668,-28.0881748199463,1.0,950.3301554599094,392.72766823663267
2200,0.109375,235.057769775391,-28.0764579772949,1.0,955.9379435458474,436.18921608819466
2201,0.1064453125,234.071990966797,-28.0616798400879,1.0,942.6349039950663,449.38037819756966
2202,0.1083984375,233.075942993164,-28.0438632965088,1.0,952.6799479403784,446.55503029717966
2203,0.109375,232.083343505859,-28.0239639282227,1.0,956.5586710849094,446.2148203362417
2204,0.109375,231.103759765625,-28.0028648376465,1.0,951.1089030185034,444.4441599358517
2205,0.1083984375,230.135452270508,-27.9811191558838,1.0,939.7956705966284,445.2476267327267
2206,0.107421875,229.186630249023,-27.9601364135742,1.0,937.3156901278784,451.4904245842887
2207,0.1171875,228.157592773438,-27.9395408630371,1.0,969.1787272372534,450.26200051202267
2208,0.11328125,227.178207397461,-27.9241523742676,1.0,999.5747233310034,434.01596779717966
2209,0.111328125,226.225326538086,-27.914436340332,1.0,998.2115641513163,433.3092722405387
2210,0.111328125,225.27507019043,-27.9106483459473,1.0,929.8267374911594,357.21399636163267
2211,0.111328125,224.338165283203,-27.9125461578369,1.0,892.6360026278784,316.1600718010857
2212,0.1103515625,223.450134277344,-27.9186210632324,1.0,913.8180094638163,309.84555764092966
2213,0.1123046875,222.597305297852,-27.9262084960938,1.0,914.4579020419404,308.7223581780387
2214,0.111328125,221.793395996094,-27.9330902099609,1.0,903.5554972567844,488.32260842217966
2215,0.1162109375,221.00163269043,-27.9387798309326,1.0,909.1479044833474,492.8114695061637
2216,0.1123046875,220.281814575195,-27.9428539276123,1.0,882.4006510653784,483.3314890374137
2217,0.111328125,219.580810546875,-27.9462890625,1.0,876.9162760653784,472.2192759026487
2218,0.11328125,218.880706787109,-27.949836730957,1.0,876.2921915927224,467.3766550530387
2219,0.1103515625,218.240478515625,-27.9535007476807,1.0,877.5642863192844,462.15576882256966
2220,0.111328125,217.629241943359,-27.9574794769287,1.0,871.8532877841284,454.0109018792107
2221,0.111328125,217.043762207031,-27.9613780975342,1.0,862.8672037997534,453.5889353264767
2222,0.1103515625,216.505172729492,-27.9648284912109,1.0,867.5346842685034,458.2109751213987
2223,0.109375,216.010665893555,-27.9676818847656,1.0,918.5503703036594,418.84131569756966
2224,0.111328125,215.550689697266,-27.9699954986572,1.0,940.3013468661594,404.9459909905387
2225,0.1064453125,215.147079467773,-27.9718132019043,1.0,945.6723185458474,404.2022165764767
2226,0.109375,214.778045654297,-27.9734039306641,1.0,986.7680827060034,425.0509409417107
2227,0.1142578125,214.432693481445,-27.9749317169189,1.0,987.9216471591284,420.38315529717966
2228,0.1162109375,214.129531860352,-27.9763450622559,1.0,993.2465372958474,418.03354592217966
2229,0.115234375,213.880828857422,-27.9775466918945,1.0,996.2650309481904,417.2456736077267
2230,0.1123046875,213.68440246582,-27.9784851074219,1.0,985.2821207919404,419.2534555901487
2231,0.115234375,213.536895751953,-27.9791564941406,1.0,873.8728800692844,465.7162851799917
2232,0.1123046875,213.440643310547,-27.9795455932617,1.0,866.8841715731904,463.4831308831167
2233,0.1123046875,213.366561889648,-27.9798126220703,1.0,848.0252238192844,460.8231882561637
2234,0.1123046875,213.300262451172,-27.9800491333008,1.0,860.3963786044404,454.6767343987417
2235,0.11328125,213.236679077148,-27.9802989959717,1.0,856.6807413974094,449.96616310967966
2236,0.1083984375,213.175720214844,-27.9805583953857,1.0,857.4110270419404,453.3983835686637
2237,0.111328125,213.113418579102,-27.9808254241943,1.0,855.6794596591284,453.0967173088987
2238,0.1103515625,213.050720214844,-27.9810924530029,1.0,860.0974894442844,453.66980690850767
2239,0.1103515625,212.986373901367,-27.9813594818115,1.0,858.8428507724094,453.53382058038267
2240,0.1103515625,212.919952392578,-27.9816188812256,1.0,857.1563883700663,452.01248879327267
2241,0.1103515625,212.852264404297,-27.9818782806396,1.0,857.0315104403784,450.1721872796017
2242,0.1103515625,212.781967163086,-27.9821491241455,1.0,861.1045695224094,444.54492897881966
2243,0.1171875,212.705368041992,-27.9824447631836,1.0,861.7071085849094,449.10510964288267
2244,0.1162109375,212.628173828125,-27.9827442169189,1.0,1090.2768717685085,420.21875710381966
2245,0.1162109375,212.548629760742,-27.9830551147461,1.0,1103.8342448153785,418.9901499260857
2246,0.1123046875,212.47038269043,-27.9833564758301,1.0,1100.5332194247485,422.9565195549917
2247,0.1162109375,212.386474609375,-27.9836730957031,1.0,962.4724284091284,456.6833261956167
2248,0.1142578125,212.300384521484,-27.9839954376221,1.0,955.3535319247534,460.04602761163267
2249,0.1123046875,212.20866394043,-27.9843349456787,1.0,986.2740641513163,465.60868019952267
2250,0.1142578125,212.103439331055,-27.9847221374512,1.0,931.1650553622534,456.58618874444466
2251,0.1142578125,211.978424072266,-27.9851760864258,1.0,811.5778971591284,440.98374123467966
2252,0.125,211.808013916016,-27.9857864379883,1.0,814.9973307528784,442.0383982171017
2253,0.1162109375,211.613891601562,-27.9864616394043,1.0,816.8609171786594,440.55188698663267
2254,0.109375,211.392761230469,-27.9872150421143,1.0,872.0794230380344,422.6437448967887
2255,0.11328125,211.123611450195,-27.9881057739258,1.0,876.0797282138163,422.51123757256966
2256,0.111328125,210.819137573242,-27.9890785217285,1.0,870.9934245028784,428.44266457452267
2257,0.1103515625,210.486343383789,-27.9901065826416,1.0,868.1245890536594,423.9862436760857
2258,0.1123046875,210.115478515625,-27.9912014007568,1.0,866.8201456942844,424.1766733635857
2259,0.1142578125,209.717361450195,-27.9923114776611,1.0,782.1482706942844,422.47644753350767
2260,0.12109375,209.267501831055,-27.9934883117676,1.0,668.7942057528784,422.2438120354607
2261,0.12109375,208.804275512695,-27.9946231842041,1.0,664.0215006747534,417.83570046319466
2262,0.1103515625,208.374771118164,-27.9956607818604,1.0,659.8521891513163,411.22974343194466
2263,0.11328125,207.930419921875,-27.9970359802246,1.0,677.4704142489724,399.4313120354607
2264,0.11328125,207.483444213867,-27.9993152618408,1.0,678.6340495028784,400.7008432854607
2265,0.1123046875,207.040435791016,-28.0030574798584,1.0,679.7402506747534,395.80139870538267
2266,0.1123046875,206.595443725586,-28.0086212158203,1.0,675.1510783114724,400.2531198967887
2267,0.1142578125,206.14436340332,-28.0165214538574,1.0,658.0818034091284,422.8815073479607
2268,0.11328125,205.693511962891,-28.0265026092529,1.0,631.0835734286594,297.9869913567497
2269,0.115234375,205.232925415039,-28.0387573242188,1.0,652.8708048739724,382.95883889092966
2270,0.1142578125,204.778839111328,-28.052906036377,1.0,646.1135416903784,433.15442604913267
2271,0.1171875,204.313613891602,-28.0697708129883,1.0,642.2614909091284,428.77381081475767
2272,0.119140625,203.834411621094,-28.0901069641113,1.0,643.8001261630344,433.7770761956167
2273,0.1142578125,203.362426757812,-28.1134815216064,1.0,645.5339518466284,445.0908579338987
2274,0.1162109375,202.866668701172,-28.1416301727295,1.0,637.6372843661594,454.1062693108517
2275,0.115234375,202.343276977539,-28.1751136779785,1.0,637.1399088778784,454.3991159905387
2276,0.1142578125,201.786148071289,-28.2147674560547,1.0,640.5451212802224,436.0088572014767
2277,0.1142578125,201.189895629883,-28.2621841430664,1.0,645.8571329989724,426.2362436760857
2278,0.1142578125,200.557540893555,-28.3184413909912,1.0,649.0233927645974,422.67539162530466
2279,0.1171875,199.881729125977,-28.3856449127197,1.0,647.8778239169404,416.86194558038267
2280,0.115234375,199.192306518555,-28.462589263916,1.0,653.5940104403784,417.70008034600767
2281,0.111328125,198.509857177734,-28.5474605560303,1.0,654.2700968661594,417.5117868889767
2282,0.111328125,197.794631958008,-28.6456928253174,1.0,714.0576945224094,388.9386972893667
2283,0.11328125,197.047348022461,-28.7582626342773,1.0,911.7936564364724,309.16577858819466
2284,0.1123046875,196.284652709961,-28.8837585449219,1.0,909.5594645419404,307.12207741631966
2285,0.119140625,195.451400756836,-29.03395652771,1.0,837.9053507724094,336.79160256280466
2286,0.1171875,194.605560302734,-29.201057434082,1.0,634.5862589755344,415.4116892327267
2287,0.1171875,193.741470336914,-29.3876094818115,1.0,636.2995768466284,420.0763620842887
2288,0.115234375,192.88232421875,-29.5901031494141,1.0,640.1070109286594,416.1784128655387
2289,0.1123046875,192.025268554688,-29.8104496002197,1.0,647.0962077060034,412.6473764885857
2290,0.1162109375,191.121429443359,-30.063985824585,1.0,647.0756998935034,413.55503029717966
2291,0.1171875,190.202789306641,-30.3461112976074,1.0,646.5244303622534,412.63684792413267
2292,0.1181640625,189.260955810547,-30.6639881134033,1.0,656.7148600497534,406.48401589288267
2293,0.1220703125,188.284469604492,-31.0286712646484,1.0,866.0311442294404,417.16336769952267
2294,0.119140625,187.330184936523,-31.4262924194336,1.0,819.5058146395974,398.9599985588987
2295,0.1171875,186.393569946289,-31.8644924163818,1.0,797.8773356356904,385.4648813713987
2296,0.1298828125,185.377395629883,-32.4060096740723,1.0,817.0581828036594,384.52735085381966
2297,0.125,184.41455078125,-32.9985427856445,1.0,839.4553385653784,368.28989357842966
2298,0.1259765625,183.480651855469,-33.6650772094727,1.0,760.9787150302224,372.2027048577267
2299,0.1240234375,182.61018371582,-34.3936080932617,1.0,752.8800822177224,368.72229714288267
2300,0.12109375,181.820587158203,-35.1784515380859,1.0,770.3632975497534,379.37573952569466
2301,0.1181640625,181.123489379883,-36.0144882202148,1.0,779.6218424716284,384.7636179436637
2302,0.1220703125,180.497100830078,-36.9391212463379,1.0,802.6137858310034,379.3251718987417
2303,0.1201171875,179.971969604492,-37.9139823913574,1.0,704.5645914950663,444.2555307854607
2304,0.12109375,179.544509887695,-38.9410552978516,1.0,737.7024699130344,440.3622507561637
2305,0.123046875,179.213439941406,-40.0246696472168,1.0,788.1159830966284,435.5687632073357
2306,0.1298828125,178.974136352539,-41.2040367126465,1.0,836.6674967685034,437.1304392327267
2307,0.1240234375,178.842575073242,-42.3416862487793,1.0,835.7978068270974,460.54550881280466
2308,0.1240234375,178.791122436523,-43.490047454834,1.0,890.2027140536594,461.55261940850767
2309,0.123046875,178.804733276367,-44.6258964538574,1.0,937.3852091708474,458.0367807854607
2310,0.1220703125,178.863357543945,-45.7629203796387,1.0,974.9851847567844,446.26233620538267
2311,0.1240234375,178.943939208984,-46.9020500183105,1.0,941.5298014560034,457.7660593499137
2312,0.1201171875,179.018814086914,-48.0157012939453,1.0,927.6269694247534,466.1903452385857
2313,0.1181640625,179.073394775391,-49.098518371582,1.0,928.9812785067844,459.3947519768667
2314,0.1240234375,179.105377197266,-50.2265357971191,1.0,931.4393473544404,464.56751198663267
2315,0.119140625,179.111068725586,-51.308666229248,1.0,763.1789713778784,424.70984597100767
2316,0.1201171875,179.093719482422,-52.377555847168,1.0,651.0678263583474,402.01868386163267
2317,0.12109375,179.056259155273,-53.4457473754883,1.0,488.7140971103004,363.63001198663267
2318,0.123046875,179.003402709961,-54.5190582275391,1.0,497.8114481845194,361.74182839288267
2319,0.1220703125,178.941329956055,-55.5719223022461,1.0,482.1974039950664,352.0639414299917
2320,0.1298828125,178.870864868164,-56.6703910827637,1.0,512.8555460849094,360.8384165276487
2321,0.126953125,178.798431396484,-57.7366638183594,1.0,500.3105326571754,363.9466928948357
2322,0.126953125,178.723358154297,-58.7904167175293,1.0,528.0311137118624,351.5577768792107
2323,0.126953125,178.644729614258,-59.8195991516113,1.0,1040.9754801669405,449.3702768792107
2324,0.126953125,178.560455322266,-60.8313179016113,1.0,1057.8358317294383,455.4027780999137
2325,0.12890625,178.468399047852,-61.8421669006348,1.0,1059.7755900302184,451.72046608819466
2326,0.12890625,178.371032714844,-62.8270149230957,1.0,1024.3547526278785,404.9354624260857
2327,0.12890625,178.267837524414,-63.7920532226562,1.0,936.5987101474094,274.4856791008907
2328,0.1279296875,178.160034179688,-64.7334442138672,1.0,920.8130045810034,300.1272043694447
2329,0.1240234375,178.052474975586,-65.6307220458984,1.0,921.7285319247534,291.1549753655387
2330,0.125,177.942123413086,-66.5202331542969,1.0,1031.8275919833472,476.57092995538267
2331,0.1240234375,177.830947875977,-67.385368347168,1.0,1028.8217936435035,484.79715676202267
2332,0.1240234375,177.71955871582,-68.2305450439453,1.0,1062.8300333895984,494.2349009026487
2333,0.126953125,177.606216430664,-69.0811767578125,1.0,639.0171061435034,387.23691506280466
2334,0.1240234375,177.496719360352,-69.8984756469727,1.0,475.5960246005344,355.4518503655387
2335,0.1240234375,177.388275146484,-70.6973876953125,1.0,469.01704510834736,357.4203257073357
2336,0.134765625,177.268096923828,-71.5562133789062,1.0,515.8501444735814,340.64221901788267
2337,0.12109375,177.159545898438,-72.3040466308594,1.0,529.2413798251443,336.5462107171017
2338,0.125,177.045059204102,-73.0644607543945,1.0,525.3000651278784,342.8076548088987
2339,0.123046875,176.930160522461,-73.8014526367188,1.0,769.8016520419404,364.2639841546017
2340,0.123046875,176.814437866211,-74.5189666748047,1.0,1045.1537638583472,388.7300486077267
2341,0.123046875,176.69709777832,-75.2243957519531,1.0,1047.2769328036593,383.9083933342887
2342,0.1220703125,176.579925537109,-75.9057769775391,1.0,1007.8654948153784,422.99939675225767
2343,0.123046875,176.460021972656,-76.5806121826172,1.0,1008.0471964755344,423.5301889885857
2344,0.12890625,176.335342407227,-77.2678146362305,1.0,979.4720621981904,420.16443581475767
2345,0.126953125,176.213790893555,-77.9361572265625,1.0,958.5567179599094,415.99939675225767
2346,0.1298828125,176.094818115234,-78.6038970947266,1.0,953.8822794833474,411.98889870538267
2347,0.1298828125,175.981704711914,-79.26220703125,1.0,558.2931681552224,381.56507058038267
2348,0.1279296875,175.876052856445,-79.8993988037109,1.0,536.0105448642064,358.40393776788267
2349,0.1298828125,175.773681640625,-80.5348129272461,1.0,533.7595072665504,345.6997446526487
2350,0.12890625,175.675628662109,-81.1547622680664,1.0,530.2265482821754,341.74878640069466
2351,0.1298828125,175.580932617188,-81.7617721557617,1.0,530.6335001864724,342.87729592217966
2352,0.1279296875,175.490905761719,-82.3494873046875,1.0,514.5106974520974,335.4054941643667
2353,0.1240234375,175.407836914062,-82.9065017700195,1.0,963.4777995028784,447.4318613518667
2354,0.1279296875,175.326751708984,-83.4667816162109,1.0,979.8512125888163,457.30994362725767
2355,0.1220703125,175.252700805664,-83.9949951171875,1.0,953.9578410067844,454.2025827874137
2356,0.123046875,175.181915283203,-84.5144500732422,1.0,925.7916422763163,448.2408823479607
2357,0.1259765625,175.112670898438,-85.035285949707,1.0,932.5508585849094,455.33850808038267
2358,0.1240234375,175.047592163086,-85.536262512207,1.0,935.3325968661594,456.9911875237417
2359,0.126953125,174.983581542969,-86.0405044555664,1.0,934.3647013583474,460.26639504327267
2360,0.12890625,174.92155456543,-86.541633605957,1.0,945.3007365145974,454.08093972100767
2361,0.123046875,174.864547729492,-87.0155334472656,1.0,919.3717814364724,469.31992287530466
2362,0.125,174.809814453125,-87.485954284668,1.0,920.8326579013163,471.2279428948357
2363,0.1240234375,174.757827758789,-87.9479293823242,1.0,925.5105753817844,466.2469858635857
2364,0.125,174.708068847656,-88.4048233032227,1.0,1314.6186686435085,274.7338938225697
2365,0.1240234375,174.661331176758,-88.8485870361328,1.0,1252.5721598544383,310.82215065850767
2366,0.1240234375,174.616821289062,-89.2859191894531,1.0,957.4845744052224,428.44214577569466
2367,0.126953125,174.573394775391,-89.7277526855469,1.0,955.0053873935034,428.03134865655466
2368,0.123046875,174.53288269043,-90.1482925415039,1.0,965.5746012606904,350.7887339104607
2369,0.123046875,174.492553710938,-90.5638656616211,1.0,958.1395426669404,445.82822365655466
2370,0.1259765625,174.449249267578,-90.9955978393555,1.0,963.0895548739724,450.10571999444466
2371,0.126953125,174.4013671875,-91.4522705078125,1.0,907.3759928622534,300.2994303215937
2372,0.125,174.346618652344,-91.9564361572266,1.0,915.4204874911594,297.09528298272664
2373,0.1240234375,174.283248901367,-92.5239486694336,1.0,911.7409830966284,295.00707192315565
2374,0.12109375,174.213043212891,-93.1374816894531,1.0,938.3733073153784,329.61826271905466
2375,0.1259765625,174.130920410156,-93.837043762207,1.0,1019.2281657138163,469.8887400139767
2376,0.134765625,174.03271484375,-94.6520843505859,1.0,1023.6046305575663,468.26737160577267
2377,0.123046875,173.93229675293,-95.4670944213867,1.0,1002.1549235263163,389.7653269280387
2378,0.1259765625,173.820648193359,-96.3621520996094,1.0,998.6883097567844,382.9703745354607
2379,0.1240234375,173.703125,-97.3070068359375,1.0,1014.4227457919404,482.8339304436637
2380,0.1298828125,173.575439453125,-98.3554229736328,1.0,1014.5069743075663,475.2862009514767
2381,0.123046875,173.452590942383,-99.4006805419922,1.0,1021.3889323153784,467.4694590081167
2382,0.125,173.328338623047,-100.500915527344,1.0,1023.8552409091284,468.38281960381966
2383,0.1279296875,173.200485229492,-101.678993225098,1.0,1030.4553996005343,467.9810251702267
2384,0.1259765625,173.072509765625,-102.878227233887,1.0,1037.4502726474093,473.01981301202267
2385,0.123046875,172.941268920898,-104.100006103516,1.0,1060.8113566317884,472.0365366448357
2386,0.125,172.796646118164,-105.408271789551,1.0,1053.3568888583484,470.75635476006966
2387,0.125,172.640319824219,-106.771560668945,1.0,1459.7074137606883,404.31668801202267
2388,0.125,172.469360351562,-108.208641052246,1.0,1425.4069987216285,362.75424904717966
2389,0.125,172.283569335938,-109.713478088379,1.0,1599.5307780185085,397.6872019280387
2390,0.12109375,172.092727661133,-111.20516204834,1.0,1599.5307780185085,397.6872019280387
2391,0.12890625,171.878479003906,-112.819183349609,1.0,1599.5307780185085,397.6872019280387
2392,0.1279296875,171.652221679688,-114.458320617676,1.0,1599.5307780185085,397.6872019280387
2393,0.1240234375,171.42057800293,-116.072227478027,0.0,50.22242840912838,49.52652687921068
2394,0.125,171.171569824219,-117.742164611816,0.0,50.22242840912838,49.52652687921068
2395,0.1240234375,170.911224365234,-119.423789978027,0.0,50.22242840912838,49.52652687921068
2396,0.125,170.63606262207,-121.138336181641,0.0,50.22242840912838,49.52652687921068
2397,0.123046875,170.348266601562,-122.871269226074,1.0,974.8085490145974,390.70786232842966
2398,0.123046875,170.049545288086,-124.613098144531,1.0,1153.4560709872485,261.77768654717966
2399,0.1259765625,169.72541809082,-126.444648742676,1.0,1249.4377604403785,170.60755104913267
2400,0.126953125,169.38801574707,-128.296020507812,1.0,928.0475016513163,515.5743174065547
2401,0.125,169.040298461914,-130.160873413086,1.0,832.6688395419404,1018.7470468987417
2402,0.1259765625,168.683639526367,-132.044891357422,1.0,965.0066691317844,418.3117441643667
2403,0.1259765625,168.316604614258,-133.966827392578,1.0,1020.5489664950663,462.25037331475767
2404,0.1240234375,167.947982788086,-135.888366699219,1.0,1027.5658121981905,484.1974558342887
2405,0.125,167.566421508789,-137.876174926758,1.0,954.9389201083474,398.8540415276487
2406,0.1220703125,167.180999755859,-139.886489868164,1.0,953.3523722567844,400.3270945061637
2407,0.1259765625,166.777770996094,-141.993576049805,1.0,1050.9664469638183,482.50391335381966
2408,0.125,166.365219116211,-144.146591186523,1.0,978.9684000888163,385.1182016838987
2409,0.1220703125,165.955673217773,-146.260681152344,1.0,916.0860758700663,314.0448984612417
2410,0.123046875,165.528472900391,-148.418731689453,1.0,911.1011515536594,310.77539772881966
2411,0.125,165.084487915039,-150.588119506836,1.0,1076.0302897372485,488.1876902092887
2412,0.123046875,164.628021240234,-152.72624206543,1.0,1073.7126627841285,483.6773142327267
2413,0.123046875,164.153900146484,-154.850341796875,1.0,1068.0592814364684,481.9824594963987
2414,0.123046875,163.666046142578,-156.943450927734,1.0,1053.2911539950683,486.11243386163267
2415,0.126953125,163.143142700195,-159.098220825195,1.0,1048.7616129794405,496.9547495354607
2416,0.1376953125,162.5615234375,-161.403991699219,1.0,1039.9892130770972,490.42197365655466
2417,0.125,162.018981933594,-163.478866577148,1.0,968.6135416903784,378.6278452385857
2418,0.126953125,161.45491027832,-165.567779541016,1.0,923.7725382724094,299.55548806085164
2419,0.125,160.888656616211,-167.601684570312,1.0,929.4320841708474,301.57916970147664
2420,0.1240234375,160.316253662109,-169.602310180664,1.0,924.1125651278784,302.6206430901487
2421,0.125,159.731597900391,-171.604064941406,1.0,925.4538126864724,305.4925455559687
2422,0.1259765625,159.144760131836,-173.594375610352,1.0,1025.5932169833472,501.0026316155387
2423,0.1259765625,158.562591552734,-175.58415222168,1.0,1022.2754069247534,499.63989968194466
2424,0.126953125,157.993759155273,-177.580459594727,1.0,1024.0052653231905,500.84302468194466
2425,0.125,157.461578369141,-179.525375366211,1.0,1036.8945475497535,507.0174021233517
2426,0.125,156.951095581055,-181.475112915039,1.0,924.9356242099094,327.0564646233517
2427,0.125,156.460205078125,-183.406890869141,1.0,930.1115275302224,321.75058693780466
2428,0.123046875,155.981231689453,-185.294830322266,1.0,932.2561198153784,312.4875254143667
2429,0.12109375,155.49983215332,-187.136672973633,1.0,934.2071085849094,313.3595957268667
2430,0.1201171875,155.002487182617,-188.9541015625,1.0,937.5079508700663,312.0897898186637
2431,0.125,154.466537475586,-190.816329956055,1.0,938.9845744052224,309.3657907952267
2432,0.1240234375,153.914291381836,-192.650939941406,1.0,939.7693034091284,313.18384499444466
2433,0.119140625,153.37385559082,-194.385894775391,1.0,935.6523600497534,315.19812722100767
2434,0.1220703125,152.806304931641,-196.164077758789,1.0,930.3597575106904,315.63574929131966
2435,0.12109375,152.245407104492,-197.895904541016,1.0,920.0755167880344,310.9476999749137
2436,0.1171875,151.698425292969,-199.578567504883,1.0,921.6498576083474,311.00965065850767
2437,0.1201171875,151.147399902344,-201.276748657227,1.0,918.9914713778784,310.1074900139767
2438,0.1171875,150.615356445312,-202.923690795898,1.0,918.7045451083474,314.6848825921017
2439,0.115234375,150.094253540039,-204.54362487793,1.0,920.1465006747534,317.96713967217966
2440,0.1181640625,149.567321777344,-206.186553955078,1.0,924.9229899325663,321.29614968194466
2441,0.1142578125,149.061248779297,-207.767013549805,1.0,920.7188883700663,317.4762339104607
2442,0.115234375,148.554473876953,-209.352310180664,1.0,921.2988444247534,316.85926003350767
2443,0.1162109375,148.048217773438,-210.941909790039,1.0,958.3660441317844,413.8397898186637
2444,0.115234375,147.551559448242,-212.511184692383,1.0,994.5711222567844,483.12049050225767
2445,0.1181640625,147.051223754883,-214.103591918945,1.0,959.8567667880344,434.99341530694466
2446,0.1162109375,146.564117431641,-215.660949707031,1.0,911.2221232333474,308.9979929436637
2447,0.1181640625,146.069122314453,-217.246231079102,1.0,917.8340617099094,305.9430307854607
2448,0.123046875,145.558929443359,-218.877777099609,1.0,927.9455729403784,316.30844826592966
2449,0.119140625,145.064819335938,-220.443298339844,1.0,922.1141520419404,308.02210183038267
2450,0.1240234375,144.544906616211,-222.057556152344,1.0,918.3511515536594,303.1440500725697
2451,0.1220703125,144.021255493164,-223.639663696289,1.0,919.9434367099094,305.76816506280466
2452,0.1240234375,143.481475830078,-225.223358154297,1.0,930.7993327060034,342.1250376213987
2453,0.123046875,142.933776855469,-226.786331176758,1.0,987.1548624911594,482.07263893975767
2454,0.125,142.372940063477,-228.352096557617,1.0,928.7258463778784,304.1342539299917
2455,0.1240234375,141.811935424805,-229.895172119141,1.0,929.5337687411594,295.8562845696407
2456,0.1240234375,141.24919128418,-231.429656982422,1.0,930.9957438388163,302.3500284661247
2457,0.130859375,140.65657043457,-233.03515625,1.0,915.8153239169404,301.2183756340937
2458,0.1259765625,140.088104248047,-234.564590454102,1.0,918.5893717685034,301.49336953057764
2459,0.125,139.533843994141,-236.044662475586,1.0,921.5099650302224,307.78250832452267
2460,0.125,138.984466552734,-237.501541137695,1.0,918.9780436435034,303.6716379631947
2461,0.1259765625,138.443328857422,-238.928665161133,1.0,920.7436076083474,303.02782387628065
2462,0.1240234375,137.925537109375,-240.288879394531,1.0,933.5770426669404,320.1669382561637
2463,0.1240234375,137.408172607422,-241.644393920898,1.0,976.7548991122534,463.6977304924917
2464,0.1279296875,136.878265380859,-243.029357910156,1.0,973.4272623935034,462.3009409417107
2465,0.1220703125,136.373916625977,-244.343597412109,1.0,964.9199381747534,452.00669045342966
2466,0.123046875,135.864898681641,-245.665512084961,1.0,920.3101359286594,400.22275490655466
2467,0.1220703125,135.363235473633,-246.963989257812,1.0,916.5621500888163,396.83887429131966
2468,0.1220703125,134.864242553711,-248.254348754883,1.0,1317.0130778231883,263.47931618585164
2469,0.125,134.357284545898,-249.568344116211,1.0,1128.1495524325683,275.1738657463987
2470,0.119140625,133.873016357422,-250.82878112793,1.0,922.1125651278784,293.4596628655387
2471,0.119140625,133.395935058594,-252.077331542969,1.0,918.6804972567844,288.69969887628065
2472,0.1220703125,132.907119750977,-253.363571166992,1.0,918.6861124911594,291.0526499260857
2473,0.123046875,132.418045043945,-254.656753540039,1.0,967.7429362216284,477.99121804131966
2474,0.125,131.924270629883,-255.967803955078,1.0,968.9761515536594,482.1955027092887
2475,0.123046875,131.438690185547,-257.262573242188,1.0,968.8878336825663,483.08081765069466
2476,0.123046875,130.95442199707,-258.559722900391,1.0,895.4489909091284,282.1987680901487
2477,0.1240234375,130.467208862305,-259.871337890625,1.0,897.9036417880344,288.3268198479607
2478,0.1240234375,129.983871459961,-261.179290771484,1.0,898.4171305575663,301.39015908135866
2479,0.126953125,129.488098144531,-262.525451660156,1.0,899.8830119052224,302.16339821710164
2480,0.126953125,128.990219116211,-263.876037597656,1.0,903.5220499911594,299.7294687737417
2481,0.12890625,128.474243164062,-265.263824462891,1.0,906.8648234286594,305.2778086174917
2482,0.126953125,127.960487365723,-266.627746582031,1.0,908.8118449130344,303.2349771965937
2483,0.1240234375,127.450393676758,-267.962493896484,1.0,907.3419352450663,308.11289162530466
2484,0.123046875,126.926658630371,-269.314117431641,1.0,911.4436808505344,305.3362650383907
2485,0.125,126.389945983887,-270.681854248047,1.0,905.8578043856904,300.6385874260857
2486,0.1220703125,125.853897094727,-272.035888671875,1.0,906.5581828036594,300.39525551690565
2487,0.123046875,125.307357788086,-273.412933349609,1.0,905.1208048739724,299.98000283135866
2488,0.12109375,124.761711120605,-274.788818359375,1.0,905.6757975497534,302.2890085686637
2489,0.119140625,124.223686218262,-276.148468017578,1.0,905.5188761630344,301.01447243585164
2490,0.12109375,123.673828125,-277.540618896484,1.0,904.9605875888163,303.4789347161247
2491,0.119140625,123.124794006348,-278.931640625,1.0,909.9383707919404,305.9359507073357
2492,0.119140625,122.569831848145,-280.337036132812,1.0,916.9857951083474,315.2105173577267
2493,0.12109375,122.002502441406,-281.772277832031,1.0,914.8985758700663,321.26932473077267
2494,0.1181640625,121.441497802734,-283.190734863281,1.0,918.5502482333474,312.5788340081167
2495,0.1220703125,120.858810424805,-284.664276123047,1.0,913.4923869052224,268.6232218254997
2496,0.1240234375,120.262634277344,-286.172912597656,1.0,920.8053751864724,309.26502175225767
2497,0.12109375,119.677032470703,-287.65625,1.0,922.4814005770974,307.12744851006966
2498,0.1318359375,119.032295227051,-289.290466308594,1.0,927.4524088778784,306.7154001702267
2499,0.119140625,118.445007324219,-290.779266357422,1.0,929.1402140536594,311.45200295342966
2500,0.1171875,117.863334655762,-292.253570556641,1.0,927.3086100497534,315.5583261956167
2501,0.1171875,117.272499084473,-293.750640869141,1.0,924.7615519442844,315.72779030694466
2502,0.115234375,116.6923828125,-295.220275878906,1.0,927.1209879794404,313.2860483635857
2503,0.1162109375,116.099464416504,-296.722381591797,1.0,928.6415568270974,310.7277597893667
2504,0.1181640625,115.493911743164,-298.256469726562,1.0,926.9535685458474,313.2208933342887
2505,0.1162109375,114.893363952637,-299.777374267578,1.0,924.9794474520974,320.0390085686637
2506,0.119140625,114.273559570312,-301.346405029297,1.0,928.0262003817844,317.0256113518667
2507,0.1162109375,113.662071228027,-302.893127441406,1.0,930.0844889560034,314.43973488702267
2508,0.1162109375,113.046325683594,-304.449096679688,1.0,921.9091959872534,308.14600319756966
2509,0.1171875,112.425033569336,-306.017272949219,1.0,921.8343058505344,307.3180307854607
2510,0.1171875,111.796325683594,-307.601593017578,1.0,925.4977579989724,307.0590280999137
2511,0.1171875,111.157379150391,-309.206024169922,1.0,926.2700358310034,308.31030983819466
2512,0.115234375,110.526962280273,-310.779418945312,1.0,926.9686442294404,310.21802468194466
2513,0.1142578125,109.894920349121,-312.344268798828,1.0,924.5572672763163,313.24756569756966
2514,0.1162109375,109.240531921387,-313.949401855469,1.0,929.4148112216284,313.93567604913267
2515,0.115234375,108.585899353027,-315.53955078125,1.0,928.9964152255344,315.73612160577267
2516,0.115234375,107.919891357422,-317.143646240234,1.0,940.7500773349094,374.3544382561637
2517,0.115234375,107.245742797852,-318.755065917969,1.0,943.2967081942844,390.04639382256966
2518,0.1142578125,106.576194763184,-320.345092773438,1.0,938.2441569247534,348.1127085198357
2519,0.1171875,105.877769470215,-321.993286132812,1.0,924.4538737216284,312.68115944756966
2520,0.1162109375,105.176208496094,-323.639038085938,1.0,926.2669840731904,308.26785988702267
2521,0.1142578125,104.48030090332,-325.263610839844,1.0,923.2850504794404,308.4783396233517
2522,0.115234375,103.779876708984,-326.895141601562,1.0,928.1678629794404,306.14954323663267
2523,0.1162109375,103.070213317871,-328.547668457031,1.0,933.1608439364724,311.09677834405466
2524,0.11328125,102.371612548828,-330.175903320312,1.0,933.9772501864724,308.0355600823357
2525,0.1103515625,101.683525085449,-331.782653808594,1.0,934.7234660067844,312.8624643792107
2526,0.1103515625,100.985298156738,-333.416229248047,1.0,933.2127238192844,316.1967539299917
2527,0.1142578125,100.249778747559,-335.140594482422,1.0,931.6156779208474,313.8201364983517
2528,0.11328125,99.5044860839844,-336.8896484375,1.0,938.3504191317844,314.33628029717966
2529,0.109375,98.7778549194336,-338.595245361328,1.0,934.9785319247534,314.45444435967966
2530,0.111328125,98.0367965698242,-340.333801269531,1.0,927.6591959872534,317.08945412530466
2531,0.109375,97.2959060668945,-342.070404052734,1.0,931.5758219638163,315.61218972100767
2532,0.111328125,96.547981262207,-343.821014404297,1.0,931.7453165927224,313.46717018975767
2533,0.1083984375,95.8166961669922,-345.529937744141,1.0,929.9255534091284,313.25125832452267
2534,0.1083984375,95.0764465332031,-347.2568359375,1.0,931.1471110263163,311.8054880608517
2535,0.1123046875,94.3232192993164,-349.010986328125,1.0,933.9867716708474,318.3810190667107
2536,0.1083984375,93.5913009643555,-350.712829589844,1.0,961.1350871005344,484.29184670342966
2537,0.1064453125,92.8773803710938,-352.370239257812,1.0,966.1869669833474,485.73886818780466
2538,0.1044921875,92.1812286376953,-353.984039306641,1.0,969.4473429599094,487.35623879327267
2539,0.10546875,91.4810791015625,-355.604705810547,1.0,962.8924723544404,488.5370859612417
2540,0.10546875,90.7884902954102,-357.205413818359,1.0,961.6862345614724,491.0446238030387
2541,0.10546875,90.0959777832031,-358.803558349609,1.0,928.3388224520974,327.77420754327267
2542,0.1181640625,89.3213272094727,-360.58837890625,1.0,928.3628703036594,333.85413308038267
2543,0.10546875,88.6365737915039,-362.164520263672,1.0,932.6591959872534,318.3808969963987
2544,0.107421875,87.9427490234375,-363.760986328125,1.0,931.2735758700663,319.85926003350767
2545,0.103515625,87.279182434082,-365.288452148438,1.0,930.3103190341284,322.48960060967966
2546,0.10546875,86.6057205200195,-366.839904785156,1.0,918.5488444247534,211.98780007256968
2547,0.1044921875,85.9429779052734,-368.368774414062,1.0,933.0620280185034,316.65625710381966
2548,0.1015625,85.302848815918,-369.847900390625,1.0,933.7209025302224,316.4206003655387
2549,0.10546875,84.6403503417969,-371.381652832031,1.0,933.2194376864724,314.4396128167107
2550,0.107421875,83.9726257324219,-372.931671142578,1.0,929.6780558505344,313.1687693108517
2551,0.1064453125,83.3133850097656,-374.467651367188,1.0,922.6819621005344,317.6811289299917
2552,0.103515625,82.6811752319336,-375.948364257812,1.0,925.5174113192844,320.98572487725767
2553,0.1005859375,82.069709777832,-377.388977050781,1.0,925.6915446200663,324.10120339288267
2554,0.1044921875,81.4393692016602,-378.883758544922,1.0,924.1663371005344,324.2001108635857
2555,0.1025390625,80.8259582519531,-380.347351074219,1.0,928.6927042880344,328.2506479729607
2556,0.1064453125,80.1940307617188,-381.862365722656,1.0,922.3471232333474,374.6776804436637
2557,0.1064453125,79.561637878418,-383.383392333984,1.0,949.8349772372534,491.51599831475767
2558,0.103515625,78.9532623291016,-384.848083496094,1.0,948.0374308505344,491.89221901788267
2559,0.1044921875,78.3402786254883,-386.322326660156,1.0,951.7424479403784,483.29773659600767
2560,0.10546875,77.7179412841797,-387.814117431641,1.0,952.6069498935034,483.22400612725767
2561,0.1015625,77.1175308227539,-389.247039794922,1.0,941.7232829013163,488.7609629143667
2562,0.10546875,76.4904174804688,-390.736663818359,1.0,907.0414591708474,485.02860207452267
2563,0.103515625,75.8716659545898,-392.199432373047,1.0,844.6598673739724,480.0883249749137
2564,0.103515625,75.2566833496094,-393.647094726562,1.0,844.7306071200663,482.4082712639767
2565,0.1015625,74.64990234375,-395.069671630859,1.0,921.7088175692844,292.8942636956167
2566,0.1337890625,73.8464660644531,-396.945037841797,1.0,918.7406779208474,311.0314402092887
2567,0.1025390625,73.2294692993164,-398.379699707031,1.0,918.3163004794404,304.32508034600767
2568,0.103515625,72.6028518676758,-399.833129882812,1.0,915.1339884677224,302.2935709465937
2569,0.103515625,71.9765777587891,-401.283355712891,1.0,919.1980143466284,315.5557016838987
2570,0.1025390625,71.3587875366211,-402.712707519531,1.0,920.2324992099094,316.23743386163267
2571,0.1337890625,70.5505294799805,-404.582946777344,1.0,919.9712687411594,323.78208107842966
2572,0.1044921875,69.924186706543,-406.033538818359,1.0,922.6250773349094,326.93369240655466
2573,0.103515625,69.3027496337891,-407.475402832031,1.0,916.2453165927224,384.51209206475767
2574,0.1025390625,68.6878204345703,-408.906524658203,1.0,916.7954874911594,452.20151467217966
2575,0.1015625,68.0878295898438,-410.308685302734,1.0,929.9341593661594,474.83032936944466
2576,0.1005859375,67.4934387207031,-411.704345703125,1.0,944.3227702060034,492.17026467217966
2577,0.1044921875,66.8800201416016,-413.15234375,1.0,950.6435709872534,491.35559792413267
2578,0.1044921875,66.2731170654297,-414.593170166016,1.0,829.5152750888163,482.9652780999137
2579,0.1328125,65.5019989013672,-416.434875488281,1.0,835.1825724520974,481.7530893792107
2580,0.1015625,64.9211578369141,-417.829132080078,1.0,906.8994303622534,456.9291758049917
2581,0.1318359375,64.1643218994141,-419.653259277344,1.0,910.9777995028784,457.4119333733517
2582,0.1015625,63.5878944396973,-421.04736328125,1.0,959.4777384677224,448.30722756280466
2583,0.1025390625,63.004997253418,-422.460784912109,1.0,961.0444498935034,446.6579355706167
2584,0.103515625,62.4187889099121,-423.884857177734,1.0,960.5255900302224,438.94028420342966
2585,0.1025390625,61.841194152832,-425.289123535156,1.0,885.4918375888163,447.94022316827267
2586,0.1005859375,61.2721977233887,-426.672760009766,1.0,686.3365641513163,470.9888071526487
2587,0.1044921875,60.6849021911621,-428.100433349609,1.0,673.6295939364724,462.7869333733517
2588,0.1025390625,60.1100120544434,-429.497375488281,1.0,668.5233927645974,456.66098732842966
2589,0.111328125,59.4859352111816,-431.013214111328,1.0,666.6726237216284,458.8691172112417
2590,0.1025390625,58.912223815918,-432.406463623047,1.0,656.4975748935034,462.4811472405387
2591,0.1015625,58.3427467346191,-433.78955078125,1.0,689.9311076083474,463.0997995842887
2592,0.1015625,57.7784042358398,-435.160430908203,1.0,964.6884318270974,470.1216196526487
2593,0.1015625,57.2106094360352,-436.539916992188,1.0,955.4860392489724,469.3263620842887
2594,0.134765625,56.4627113342285,-438.357269287109,1.0,942.3413859286594,460.7990488518667
2595,0.1015625,55.8972702026367,-439.731201171875,1.0,938.7772990145974,457.6632761467887
2596,0.1005859375,55.3383598327637,-441.089172363281,1.0,936.2318278231904,461.5590586174917
2597,0.15625,54.4755058288574,-443.185424804688,1.0,884.0559245028784,473.76425881280466
2598,0.1025390625,53.9094161987305,-444.560638427734,1.0,881.7831583895974,469.5216745842887
2599,0.130859375,53.1842880249023,-446.322174072266,1.0,810.9375773349094,410.4444956292107
2600,0.1328125,52.4569969177246,-448.089050292969,1.0,808.8899088778784,468.1769175042107
2601,0.1318359375,51.7306060791016,-449.853790283203,1.0,1222.8000651278785,240.33405251397667
2602,0.1015625,51.177791595459,-451.197326660156,1.0,1271.5756998935085,215.97363991631968
2603,0.1328125,50.4516334533691,-452.965972900391,1.0,1314.6101237216285,168.83896584405468
2604,0.1337890625,49.7274360656738,-454.739929199219,1.0,1313.4204264560085,176.71326393975767
2605,0.1328125,49.0110893249512,-456.509674072266,1.0,970.3587809481904,457.0466989983517
2606,0.1044921875,48.4541625976562,-457.899810791016,1.0,967.4093180575663,457.27551979913267
2607,0.1064453125,47.8986511230469,-459.302337646484,1.0,975.2783976474094,462.79029030694466
2608,0.1015625,47.3702507019043,-460.653656005859,1.0,851.2229166903784,475.65463967217966
2609,0.1005859375,46.8568115234375,-461.984375,1.0,849.6428385653784,474.79032082452267
2610,0.1318359375,46.1975135803223,-463.719512939453,1.0,896.1610880770974,466.92002053155466
2611,0.1318359375,45.5529289245605,-465.440307617188,1.0,931.1627360263163,462.96033425225767
2612,0.1005859375,45.0636596679688,-466.754516601562,1.0,932.9288493075663,460.6505808342887
2613,0.1064453125,44.549388885498,-468.136260986328,1.0,943.6210490145974,473.49887795342966
2614,0.1064453125,44.0386085510254,-469.501129150391,1.0,940.0462809481904,470.71591896905466
2615,0.1328125,43.3987007141113,-471.190155029297,1.0,935.4027872958474,471.38977761163267
2616,0.1328125,42.7517356872559,-472.870483398438,1.0,934.9962321200663,466.1265024651487
2617,0.1005859375,42.2592124938965,-474.131927490234,1.0,908.7614909091284,367.0248789299917
2618,0.1328125,41.6058578491211,-475.790222167969,1.0,911.1688395419404,326.01004738702267
2619,0.1318359375,40.9609069824219,-477.422241210938,1.0,910.4832316317844,323.21301979913267
2620,0.1005859375,40.4740409851074,-478.656066894531,1.0,901.9846964755344,322.2421335686637
2621,0.1328125,39.8354911804199,-480.279205322266,1.0,903.5036173739724,320.21350808038267
2622,0.1005859375,39.360294342041,-481.490112304688,1.0,957.7580119052224,441.4461130608517
2623,0.1015625,38.8811111450195,-482.712066650391,1.0,957.3031779208474,447.12461037530466
2624,0.1328125,38.2660217285156,-484.279815673828,1.0,953.0612345614724,443.80155129327267
2625,0.1005859375,37.8126029968262,-485.434783935547,1.0,958.7052775302224,436.8898081292107
2626,0.1318359375,37.2308731079102,-486.917388916016,1.0,963.1931925692844,435.6432871331167
2627,0.1005859375,36.7997360229492,-488.01806640625,1.0,963.6143351474094,439.7909922112417
2628,0.1005859375,36.3757591247559,-489.102813720703,1.0,962.7053996005344,441.36191506280466
2629,0.1015625,35.948657989502,-490.198333740234,1.0,967.0908976474094,438.32743019952267
2630,0.1328125,35.4020690917969,-491.604370117188,1.0,964.5582438388163,440.87158913506966
2631,0.1337890625,34.8524780273438,-493.023132324219,1.0,963.8545084872534,434.78720803155466
2632,0.11328125,34.3988838195801,-494.198150634766,1.0,964.8750773349094,433.7810739983517
2633,0.1015625,33.9938087463379,-495.251159667969,1.0,960.7505045810034,435.89331765069466
2634,0.1015625,33.5949592590332,-496.292510986328,1.0,966.8153239169404,431.1639780510857
2635,0.1015625,33.1984748840332,-497.333892822266,1.0,969.4915324130344,425.42850441827267
2636,0.1318359375,32.699520111084,-498.656616210938,1.0,973.6438761630344,425.55698342217966
2637,0.1318359375,32.2064094543457,-499.979919433594,1.0,977.1335001864724,422.46424050225767
2638,0.1328125,31.7219886779785,-501.297393798828,1.0,979.1228800692844,426.51785988702267
2639,0.103515625,31.3549499511719,-502.307281494141,1.0,1002.4273234286594,446.97510476006966
2640,0.130859375,30.8979797363281,-503.578399658203,1.0,1008.9062052645974,448.7777475823357
2641,0.1318359375,30.4435272216797,-504.857238769531,1.0,997.0173502841284,446.54526467217966
2642,0.1298828125,30.0089511871338,-506.094085693359,1.0,918.1982584872534,462.92053933038267
2643,0.1328125,29.5750694274902,-507.34326171875,1.0,918.5035563388163,465.4137949456167
2644,0.126953125,29.1683502197266,-508.527618408203,1.0,968.4666300692844,492.2863535393667
2645,0.1298828125,28.7604427337646,-509.728515625,1.0,967.3924723544404,497.0421823967887
2646,0.1298828125,28.3643112182617,-510.906707763672,1.0,974.3051310458474,494.64969582452267
2647,0.12890625,27.9762725830078,-512.070678710938,1.0,980.0725871005344,495.8585886467887
2648,0.126953125,27.6052303314209,-513.190856933594,1.0,982.0647746005344,495.6181406487417
2649,0.1298828125,27.2333908081055,-514.319152832031,1.0,979.4814616122534,490.9633249749137
2650,0.1298828125,26.8700923919678,-515.426452636719,1.0,907.3083048739724,325.1269907463987
2651,0.1298828125,26.5126686096191,-516.52001953125,1.0,911.8957072177224,325.41043801202267
2652,0.1240234375,26.1804218292236,-517.540344238281,1.0,913.4326334872534,326.14285988702267
2653,0.12890625,25.8449649810791,-518.574035644531,1.0,910.7973185458474,324.7764353264767
2654,0.1240234375,25.5335655212402,-519.536865234375,1.0,906.8728190341284,323.56543679131966
2655,0.1298828125,25.2333202362061,-520.468017578125,1.0,910.2394572177224,326.25424904717966
2656,0.1259765625,24.9610118865967,-521.314453125,1.0,910.2263346591284,327.4264597405387
2657,0.12890625,24.7011871337891,-522.123046875,1.0,910.9925089755344,334.12049050225767
2658,0.1240234375,24.4662189483643,-522.854736328125,1.0,912.0089884677224,333.1058725823357
2659,0.1259765625,24.2327632904053,-523.582153320312,1.0,914.1275187411594,461.46512551202267
2660,0.1240234375,24.007942199707,-524.283020019531,1.0,909.1665202060034,459.66831154717966
2661,0.1259765625,23.7920513153076,-524.956359863281,1.0,914.9337321200663,451.89432473077267
2662,0.125,23.5862007141113,-525.598266601562,1.0,914.6296549716284,448.63904518975767
2663,0.1259765625,23.3862895965576,-526.221557617188,1.0,919.2222453036594,458.6145700921017
2664,0.1240234375,23.1974582672119,-526.810119628906,1.0,914.7789469638163,452.59140725030466
2665,0.1279296875,23.0128269195557,-527.385498046875,1.0,914.8380900302224,452.96765847100767
2666,0.1259765625,22.8391609191895,-527.926696777344,1.0,920.8733073153784,454.00745339288267
2667,0.12890625,22.6703853607178,-528.452697753906,1.0,969.6936198153784,419.11402077569466
2668,0.123046875,22.5167427062988,-528.931701660156,1.0,1015.5367594638163,373.89417214288267
2669,0.125,22.3690376281738,-529.392211914062,1.0,1013.2513590731904,367.6371836174917
2670,0.1240234375,22.2304191589355,-529.824340820312,1.0,918.4122477450663,305.04756874932764
2671,0.1279296875,22.0968723297119,-530.240600585938,1.0,918.8345499911594,300.36389870538267
2672,0.1103515625,21.9907360076904,-530.571472167969,1.0,917.9139567294404,296.73221535577267
2673,0.130859375,21.874942779541,-530.932312011719,1.0,945.2788859286594,281.3883432854607
2674,0.1279296875,21.7730407714844,-531.25,1.0,1308.1842204013183,199.83794350518767
2675,0.1298828125,21.6828346252441,-531.531127929688,1.0,1034.9411173739722,285.4202494133907
2676,0.1240234375,21.6095314025879,-531.759643554688,1.0,911.4084635653784,328.72812600030466
2677,0.130859375,21.5495758056641,-531.946533203125,1.0,918.9057169833474,300.63239235772664
2678,0.1240234375,21.5096397399902,-532.070983886719,1.0,916.4738322177224,304.42710060967966
2679,0.1279296875,21.4870548248291,-532.141418457031,1.0,919.3767863192844,304.99930519952267
